;
192
;
 -1.138 0  -0.521 0  -2.166 0  -1.366 0  -3.000 0  -2.542 0  -0.641 0  -0.858 0  -1.052 0  -0.565 0  -0.728 0 0 1 0 1 0 1 0 1 0 1   0.545 0  -0.877 0   1.165 0  -1.671 0   0.621 0   0.802 0 0 1
  0.423 0  -0.240 0   1.544 0   0.024 0   1.274 0   1.301 0   2.320 0  -0.858 0  -0.445 0  -0.476 0   1.090 0  -0.248 0  -0.231 0  -0.178 0  -0.193 0  -0.450 0   0.669 0  -1.557 0   0.187 0   0.382 0  -0.027 0   0.230 0 0 1
  1.289 0   0.763 0  -1.083 0  -0.139 0  -0.179 0  -0.005 0  -0.450 0  -0.599 0  -0.401 0   2.438 0  -0.333 0 0 1 0 1 0 1 0 1 0 1   0.513 0   0.628 0  -0.716 0   0.178 0   0.621 0   0.802 0 0 1
  1.267 0   0.642 0   0.113 0   1.228 0   0.951 0   0.998 0  -0.558 0  -0.610 0   1.784 0  -0.467 0   0.022 0 0 1 0 1 0 1 0 1 0 1  -1.499 0  -1.163 0   1.504 0   0.052 0 0 1 0 1 0 1
 -0.019 0  -0.521 0  -0.143 0   0.475 0   0.477 0  -0.073 0  -0.468 0   1.327 0   0.085 0  -0.565 0   0.576 0  -0.205 0  -0.231 0  -0.179 0  -0.111 0   1.599 0   0.820 0  -0.411 0  -0.227 0   0.634 0  -0.728 0  -1.772 0 0 1
  1.119 0   1.281 0   0.951 0   0.685 0   0.877 0   0.944 0  -0.393 0  -0.858 0  -1.052 0   3.596 0   0.327 0 0 1 0 1 0 1 0 1 0 1   0.625 0   0.198 0   2.746 0   0.547 0 0 1 0 1 0 1
  0.224 0  -0.930 0   0.500 0   1.127 0   0.003 0  -0.227 0  -0.603 0  -0.383 0   1.471 0  -0.253 0  -0.590 0  -0.243 0  -0.225 0  -0.172 0  -0.180 0  -0.713 0   0.238 0   0.234 0   0.074 0  -0.129 0   0.189 0   0.421 0 0 1
  0.644 0  -0.025 0   0.167 0   0.358 0  -1.652 0  -1.487 0  -0.641 0  -0.858 0  -1.052 0  -0.565 0  -0.590 0  -0.250 0  -0.228 0  -0.179 0  -0.190 0  -0.883 0  -0.748 0  -0.948 0   1.504 0  -0.192 0   0.621 0   0.802 0 0 1
  0.434 0   0.319 0   1.726 0   0.066 0   0.030 0  -0.436 0  -0.153 0  -0.127 0   0.225 0   0.638 0   0.310 0  -0.192 0  -0.111 0  -0.011 0  -0.162 0  -1.192 0   0.722 0   0.019 0  -0.378 0  -0.129 0  -0.944 0  -0.580 0 0 1
  0.191 0   0.426 0   2.217 0   0.371 0  -0.225 0  -0.185 0   0.184 0  -0.858 0   0.353 0   0.950 0  -0.525 0   0.075 0   0.393 0   0.685 0   0.039 0  -1.169 0  -1.148 0  -1.593 0   1.956 0   0.240 0   0.621 0   0.421 0 0 1
 -0.328 0   0.648 0   0.557 0   0.279 0  -1.827 0  -1.487 0  -0.641 0  -0.858 0  -1.052 0  -0.565 0  -0.386 0  -0.250 0  -0.227 0  -0.179 0  -0.191 0  -0.996 0  -2.481 0  -2.059 0   2.595 0  -0.357 0   0.621 0   0.802 0 0 1
  0.006 0  -0.196 0   0.028 0  -0.388 0   0.414 0   0.488 0  -0.641 0   1.663 0  -0.062 0  -0.565 0   1.090 0  -0.244 0  -0.230 0  -0.175 0  -0.188 0  -0.507 0   0.736 0   0.341 0  -0.716 0   0.752 0  -2.293 0  -1.963 0 0 1
  0.054 0  -0.086 0   0.093 0  -0.270 0   0.713 0   0.775 0  -0.116 0  -0.347 0   1.120 0  -0.387 0   0.253 0  -0.203 0  -0.230 0  -0.179 0  -0.191 0   1.530 0   0.673 0   0.771 0  -0.378 0   0.893 0  -1.861 0  -1.391 0 0 1
 -0.827 0  -0.556 0  -0.383 0  -0.561 0   0.468 0   0.551 0  -0.341 0  -0.748 0   1.599 0  -0.476 0  -0.007 0  -0.244 0  -0.231 0  -0.178 0  -0.190 0   0.574 0   0.704 0   0.270 0  -0.227 0   0.791 0  -2.347 0  -1.820 0 0 1
  0.712 0   0.807 0   0.365 0   1.163 0   1.051 0   1.097 0  -0.483 0  -0.478 0   1.509 0  -0.333 0   0.940 0 0 1 0 1 0 1 0 1 0 1   0.238 0   0.198 0   0.225 0   0.154 0   0.189 0   0.421 0 0 1
 -1.462 0  -0.759 0  -1.271 0  -2.191 0   0.170 0   0.303 0 0 1 0 1 0 1 0 1   0.243 0  -0.055 0  -0.231 0  -0.144 0  -0.077 0   0.500 0  -2.387 0   1.380 0  -0.867 0   0.178 0   0.621 0   0.802 0 0 1
 -0.840 0  -0.772 0  -1.296 0   0.310 0  -0.027 0   0.119 0  -0.641 0   2.233 0  -0.868 0  -0.137 0   0.311 0  -0.235 0  -0.188 0  -0.164 0  -0.135 0  -0.736 0   0.864 0  -0.554 0  -0.867 0  -0.758 0   0.405 0   0.421 0 0 1
 -1.116 0   0.003 0   0.365 0   0.713 0   0.491 0   0.574 0  -0.555 0   1.436 0   0.063 0  -0.565 0   0.477 0  -0.238 0  -0.230 0  -0.179 0  -0.189 0   1.512 0   0.593 0  -0.411 0   0.563 0   0.382 0  -0.512 0  -3.965 0 0 1
  0.724 0  -0.273 0   0.365 0   1.154 0   0.676 0   0.738 0  -0.079 0  -0.858 0   1.637 0  -0.529 0   1.012 0  -0.241 0  -0.226 0  -0.175 0  -0.183 0  -0.174 0   0.416 0   0.485 0  -0.716 0   0.178 0   0.621 0  -0.008 0 0 1
  2.925 0   1.211 0   0.537 0   1.549 0  -1.827 0  -1.487 0  -0.641 0  -0.858 0  -1.052 0  -0.565 0   0.971 0  -0.250 0  -0.226 0  -0.179 0  -0.195 0   1.599 0  -0.833 0   1.523 0  -0.867 0  -0.161 0   0.621 0   0.802 0 0 1
  0.644 0  -0.240 0  -0.022 0   0.763 0   1.085 0   1.126 0  -0.566 0  -0.767 0   1.985 0  -0.565 0   0.995 0  -0.243 0  -0.228 0  -0.177 0  -0.187 0   0.171 0   0.753 0   0.485 0  -0.709 0  -0.813 0   0.621 0   0.373 0 0 1
  1.432 0   0.319 0   0.093 0   0.172 0   0.047 0   0.197 0 0 1 0 1 0 1 0 1  -0.292 0 0 1 0 1 0 1 0 1 0 1   0.562 0   0.914 0  -0.378 0   0.067 0 0 1 0 1 0 1
 -0.125 0   0.438 0  -1.332 0  -0.658 0   0.042 0   0.193 0  -0.616 0   2.676 0  -0.969 0  -0.565 0  -1.225 0 0 1 0 1 0 1 0 1 0 1 0 1 0 1 0 1 0 1 0 1 0 1 0 1
  0.117 0  -0.240 0   0.355 0  -0.524 0   0.883 0   0.950 0  -0.641 0   0.486 0   0.966 0  -0.565 0   0.383 0 0 1 0 1 0 1 0 1 0 1   0.367 0  -0.268 0   0.074 0   0.296 0   0.405 0   0.612 0 0 1
  0.950 0   1.104 0   0.500 0   1.930 0   1.217 0   1.006 0  -0.641 0  -0.858 0  -1.052 0  -0.565 0  -2.357 0  -0.215 0  -0.222 0  -0.163 0  -0.186 0  -0.208 0   0.336 0   0.771 0  -0.716 0  -0.192 0   0.621 0   0.802 0 0 1
  0.486 0   0.578 0   0.713 0   0.516 0  -1.244 0  -1.487 0  -0.641 0  -0.858 0  -1.052 0  -0.565 0   1.021 0  -0.250 0  -0.227 0  -0.179 0  -0.191 0  -0.939 0  -2.161 0  -1.772 0   2.445 0  -0.247 0   0.189 0   0.421 0 0 1
 -0.839 0  -0.789 0  -1.498 0   0.185 0  -0.261 0  -0.080 0   2.706 0  -0.597 0  -1.052 0  -0.406 0   0.213 0  -0.229 0  -0.139 0  -0.162 0  -0.091 0  -0.607 0   0.673 0   0.198 0  -0.265 0   0.492 0   0.621 0   0.612 0 0 1
 -0.722 0  -0.070 0  -0.443 0   0.215 0  -0.006 0   0.150 0  -0.049 0  -0.339 0   0.705 0   0.103 0   0.169 0  -0.232 0  -0.147 0  -0.150 0  -0.098 0  -0.988 0   0.691 0   0.771 0  -0.566 0   0.720 0   0.621 0   0.612 0 0 1
  0.271 0  -0.017 0   0.924 0  -0.286 0   0.047 0  -0.549 0  -0.604 0  -0.679 0   1.893 0  -0.478 0  -0.063 0  -0.226 0  -0.220 0  -0.172 0  -0.166 0   0.069 0   0.722 0   0.234 0  -0.378 0   0.634 0  -2.077 0  -1.582 0 0 1
  1.733 0   2.200 0   2.204 0   2.977 0  -1.827 0  -1.487 0  -0.641 0  -0.858 0  -1.052 0  -0.565 0   0.766 0  -0.250 0  -0.230 0  -0.179 0  -0.195 0   1.599 0  -0.131 0   1.094 0  -0.867 0  -0.735 0   0.621 0   0.802 0 0 1
  1.089 0   0.648 0   0.658 0   0.991 0   1.321 0   1.343 0 0 1 0 1 0 1 0 1  -0.471 0 0 1 0 1 0 1 0 1 0 1   0.576 0   0.628 0  -0.867 0   0.555 0 0 1 0 1 0 1
 -0.899 0  -0.535 0  -0.936 0   0.161 0  -0.275 0  -0.093 0   2.579 0  -0.671 0  -0.929 0  -0.337 0   0.196 0  -0.228 0  -0.141 0  -0.159 0  -0.087 0  -0.691 0  -1.548 0   1.523 0  -0.867 0   0.555 0   0.621 0   0.802 0 0 1
  0.030 0  -0.145 0   0.150 0   0.814 0   0.589 0   0.576 0  -0.411 0   0.333 0   0.903 0  -0.565 0   0.714 0   2.027 0  -0.199 0  -0.165 0  -0.087 0   1.541 0   0.718 0  -0.626 0   0.450 0   0.728 0  -0.728 0  -1.343 0 0 1
  1.615 0   0.305 0   0.451 0   0.485 0   0.489 0   0.574 0   0.473 0  -0.314 0   0.286 0   0.036 0  -0.386 0 0 1 0 1 0 1 0 1 0 1  -0.704 0  -1.163 0   1.504 0   0.335 0 0 1 0 1 0 1
 -0.984 0  -0.402 0  -0.265 0  -0.502 0   0.465 0   0.562 0  -0.491 0  -0.383 0   1.503 0  -0.431 0   0.386 0  -0.240 0  -0.229 0  -0.178 0  -0.186 0   0.764 0   0.767 0  -0.089 0   0.149 0   0.830 0  -1.753 0  -1.296 0 0 1
 -0.103 0  -0.538 0  -0.315 0   0.485 0   0.980 0   1.037 0   2.999 0  -0.858 0  -1.022 0  -0.480 0   1.379 0  -0.249 0  -0.230 0  -0.179 0  -0.165 0   0.888 0   0.487 0  -0.268 0  -0.867 0  -0.420 0   0.405 0   0.230 0 0 1
 -1.618 0  -1.133 0  -0.055 0  -1.904 0  -0.403 0  -0.212 0  -0.641 0   2.645 0  -0.953 0  -0.519 0  -0.618 0   1.691 0  -0.209 0  -0.114 0  -0.080 0   1.307 0  -0.246 0  -0.877 0   1.015 0 0 1 0 1 0 1 0 1
  1.173 0  -0.377 0  -0.220 0   1.030 0   0.992 0   0.467 0  -0.416 0  -0.639 0   1.599 0  -0.365 0  -0.447 0  -0.244 0  -0.221 0  -0.174 0  -0.177 0  -0.703 0   0.736 0  -0.554 0  -0.077 0   0.099 0   0.621 0  -0.580 0 0 1
  0.340 0   0.381 0  -0.265 0   0.377 0   0.407 0   0.521 0  -0.243 0   0.282 0   0.637 0  -0.329 0   0.355 0 0 1 0 1 0 1 0 1 0 1   0.087 0   0.628 0   0.074 0   0.893 0 0 1 0 1 0 1
 -2.251 0  -6.543 0  -0.972 0  -2.099 0  -0.049 0   0.102 0  -0.391 0   2.491 0  -0.999 0  -0.565 0  -0.171 0  -0.228 0 0 1 0 1 0 1 0 1 0 1 0 1 0 1  -0.019 0  -4.343 0  -3.584 0 0 1
 -1.703 0  -1.756 0  -0.990 0  -0.963 0  -0.121 0   0.046 0   0.687 0   0.293 0  -0.675 0   0.382 0  -0.080 0  -0.240 0  -0.192 0  -0.173 0  -0.144 0  -0.355 0 0 1 0 1 0 1   0.264 0  -0.027 0   0.230 0 0 1
 -0.203 0   0.894 0   0.271 0   0.211 0   0.449 0   0.554 0  -0.506 0   0.753 0   0.203 0   0.019 0   0.231 0 0 1 0 1 0 1 0 1 0 1  -0.197 0   0.771 0  -0.227 0   0.240 0 0 1 0 1 0 1
 -0.716 0  -0.658 0  -0.180 0  -0.513 0   0.436 0   0.528 0   0.071 0  -0.347 0   0.992 0  -0.431 0   0.781 0  -0.247 0  -0.231 0  -0.179 0  -0.193 0   1.374 0   0.709 0  -0.053 0  -0.227 0   0.610 0  -1.969 0  -1.486 0 0 1
 -0.407 0  -0.099 0  -0.853 0  -0.231 0   0.541 0   0.641 0  -0.284 0  -0.728 0   1.609 0  -0.406 0   0.537 0  -0.232 0  -0.142 0  -0.139 0  -0.091 0  -1.110 0   0.576 0  -0.554 0   0.714 0   0.579 0   0.621 0   0.612 0 0 1
  0.030 0   1.699 0   0.863 0  -1.604 0  -1.827 0  -2.542 0  -0.641 0  -0.858 0  -1.052 0  -0.565 0  -2.357 0  -0.235 0   0.033 0  -0.139 0  -0.178 0  -1.164 0  -2.836 0   1.523 0  -0.867 0  -0.672 0   0.621 0   0.802 0 0 1
  0.909 0   0.262 0   0.830 0   0.407 0  -1.244 0  -0.963 0  -0.641 0  -0.858 0  -1.052 0  -0.565 0   0.358 0  -0.250 0  -0.229 0  -0.179 0  -0.195 0   1.599 0   0.882 0 0 1 0 1  -0.051 0   0.189 0   0.421 0 0 1
 -0.642 0  -0.025 0   1.388 0  -1.506 0  -1.158 0  -1.172 0  -0.641 0  -0.548 0   1.599 0  -0.186 0  -2.357 0   7.061 0   2.201 0   1.934 0   7.550 0   0.140 0   0.256 0  -0.912 0   0.074 0   0.492 0  -1.322 0  -0.914 0 0 1
 -0.421 0  -0.268 0   0.415 0   0.489 0   0.443 0   0.547 0  -0.566 0   1.298 0   0.162 0  -0.520 0   0.871 0  -0.243 0  -0.230 0  -0.179 0  -0.192 0   1.487 0   0.833 0  -0.268 0  -0.378 0   0.123 0   0.405 0  -0.390 0 0 1
 -1.161 0  -0.910 0  -0.608 0  -0.630 0  -0.190 0  -0.047 0  -0.641 0   2.185 0  -0.519 0  -0.565 0  -0.255 0  -0.249 0  -0.226 0  -0.178 0  -0.188 0  -0.953 0   0.722 0  -0.124 0   0.232 0  -1.498 0   0.621 0   0.421 0 0 1
 -0.393 0  -0.574 0  -0.110 0   0.279 0   0.505 0   0.584 0  -0.378 0   1.714 0  -0.349 0  -0.520 0   0.743 0  -0.248 0  -0.231 0  -0.179 0  -0.193 0   1.599 0   0.673 0   0.485 0  -0.378 0   0.382 0  -0.027 0  -1.820 0 0 1
  0.088 0  -0.086 0  -1.491 0   0.225 0   0.477 0   0.584 0   2.868 0  -0.818 0  -0.883 0  -0.565 0   0.238 0  -0.236 0  -0.154 0  -0.147 0  -0.101 0  -1.124 0   0.802 0  -0.124 0  -0.566 0   0.752 0   0.621 0   0.612 0 0 1
 -1.674 0  -1.290 0   0.101 0  -0.563 0  -0.086 0   0.078 0   0.176 0   0.903 0  -0.241 0  -0.365 0   0.395 0  -0.183 0  -0.174 0  -0.163 0  -0.086 0   0.249 0 0 1 0 1 0 1   0.492 0   0.621 0   0.421 0 0 1
 -1.681 0  -0.315 0   0.455 0  -1.515 0   0.057 0   0.207 0  -0.545 0   2.514 0  -1.052 0  -0.337 0  -0.618 0  -0.167 0 0 1 0 1  -0.123 0 0 1  -0.419 0   1.523 0  -0.867 0  -0.019 0   0.621 0   0.802 0 0 1
 -1.343 0  -3.391 0  -0.069 0  -1.538 0  -0.213 0  -0.038 0 0 1 0 1 0 1 0 1  -0.509 0  -0.092 0  -0.221 0  -0.162 0  -0.114 0   0.802 0 0 1 0 1 0 1  -0.192 0   0.621 0   0.802 0 0 1
 -0.590 0  -1.294 0  -0.755 0  -0.177 0  -0.075 0   0.083 0   1.800 0  -0.603 0  -0.235 0  -0.461 0   0.107 0  -0.238 0  -0.174 0  -0.163 0  -0.121 0  -0.869 0   0.864 0  -1.916 0  -0.566 0   0.720 0   0.405 0   0.230 0 0 1
 -0.242 0  -1.137 0  -0.513 0   0.192 0   0.512 0   0.592 0  -0.453 0   0.092 0   0.992 0  -0.342 0   1.156 0  -0.243 0  -0.230 0  -0.178 0  -0.188 0   0.634 0   0.593 0   0.198 0   0.225 0   0.697 0  -0.944 0  -0.580 0 0 1
  0.793 0   0.141 0  -1.083 0   0.287 0   0.559 0   0.656 0   0.364 0  -0.811 0   0.043 0   1.110 0   0.909 0  -0.250 0  -0.229 0  -0.179 0  -0.178 0   0.062 0   0.496 0   0.341 0  -0.867 0  -0.216 0   0.621 0  -0.580 0 0 1
  0.030 0  -0.273 0   0.297 0   0.383 0   0.365 0   0.475 0  -0.641 0   1.984 0  -0.343 0  -0.565 0   0.766 0   0.168 0  -0.175 0  -0.161 0  -0.012 0   1.226 0   0.802 0   1.237 0  -0.716 0  -0.247 0   0.351 0  -1.391 0 0 1
 -0.634 0   0.415 0   0.895 0   0.588 0   1.085 0   1.126 0  -0.461 0  -0.489 0   1.653 0  -0.547 0   0.781 0  -0.217 0  -0.224 0  -0.172 0  -0.165 0   0.367 0   0.851 0  -0.554 0  -0.554 0   0.036 0   0.405 0   0.373 0 0 1
  0.950 0   1.264 0   2.992 0   0.558 0  -0.164 0  -0.069 0   0.596 0  -0.456 0  -0.701 0   1.440 0  -0.306 0   0.006 0   0.330 0   0.619 0   0.008 0  -1.215 0  -1.228 0  -1.916 0   1.956 0   0.099 0   0.621 0   0.802 0 0 1
  1.089 0   1.466 0   0.460 0   0.964 0   0.701 0   0.763 0  -0.191 0   0.457 0  -0.094 0   0.415 0   0.358 0  -0.250 0  -0.230 0  -0.179 0  -0.194 0  -0.997 0   0.269 0   1.237 0  -0.716 0   0.170 0   0.621 0   0.516 0 0 1
  0.782 0  -0.025 0  -0.790 0   0.978 0   0.713 0   0.786 0  -0.431 0  -0.653 0   1.430 0  -0.070 0  -0.088 0 0 1 0 1 0 1 0 1 0 1  -0.068 0  -0.698 0   0.563 0   0.052 0 0 1 0 1 0 1
  1.519 0   1.383 0  -0.143 0   0.978 0   0.871 0   0.922 0  -0.525 0  -0.628 0   1.200 0   0.330 0   0.244 0 0 1 0 1 0 1 0 1 0 1  -0.228 0  -1.163 0   1.015 0   0.893 0 0 1 0 1 0 1
  0.950 0  -0.409 0  -0.325 0   1.487 0   0.676 0   0.724 0   1.533 0   0.238 0  -0.861 0  -0.298 0   1.677 0 0 1 0 1 0 1 0 1 0 1  -0.633 0   1.237 0  -0.716 0   0.351 0   0.621 0  -0.771 0 0 1
 -0.493 0   0.246 0   1.726 0   0.150 0  -0.049 0   0.112 0   2.920 0  -0.785 0  -0.988 0  -0.520 0  -0.321 0  -0.224 0  -0.230 0  -0.177 0  -0.189 0   1.020 0  -1.179 0   0.628 0  -0.265 0   0.760 0   0.621 0   0.802 0 0 1
 -1.834 0  -0.196 0   0.132 0   0.364 0   0.097 0  -0.267 0  -0.153 0  -0.383 0   0.641 0   0.371 0   0.135 0  -0.230 0  -0.228 0  -0.170 0  -0.190 0  -0.252 0   0.220 0   0.771 0  -0.867 0   0.406 0   0.621 0   0.421 0 0 1
  0.644 0   1.281 0   0.051 0   0.902 0   0.512 0   0.605 0  -0.457 0  -0.679 0  -0.781 0   3.075 0   0.197 0 0 1 0 1 0 1 0 1 0 1   0.318 0   0.628 0  -0.378 0   0.697 0 0 1 0 1 0 1
 -0.451 0   0.116 0  -0.894 0   0.161 0  -0.275 0  -0.093 0   1.650 0  -0.198 0  -0.786 0  -0.008 0   0.196 0  -0.243 0  -0.172 0  -0.172 0  -0.115 0  -0.741 0   0.673 0   0.628 0  -0.378 0   0.469 0   0.405 0  -0.199 0 0 1
  1.119 0  -0.658 0   2.145 0   1.086 0   1.360 0   1.378 0   3.033 0  -0.858 0  -1.020 0  -0.520 0   1.459 0  -0.223 0  -0.230 0  -0.178 0  -0.192 0   1.056 0   0.065 0  -0.518 0  -0.340 0   0.366 0   0.405 0   0.612 0 0 1
  0.541 0   0.931 0  -0.180 0   0.024 0   0.260 0   0.389 0  -0.442 0   0.103 0   1.132 0  -0.565 0  -0.243 0 0 1 0 1 0 1 0 1 0 1  -0.131 0   1.237 0  -0.566 0   0.296 0  -0.081 0   0.182 0 0 1
  0.148 0  -0.055 0   0.199 0   0.885 0   0.378 0   0.333 0  -0.135 0   1.108 0  -0.008 0  -0.565 0   0.718 0  -0.219 0  -0.197 0  -0.170 0  -0.151 0   0.127 0   0.229 0   0.091 0   0.827 0   0.398 0  -0.189 0  -0.151 0 0 1
  1.222 0   0.555 0  -1.083 0   1.136 0   1.287 0   1.312 0  -0.363 0  -0.723 0  -0.934 0   3.230 0  -0.590 0 0 1 0 1 0 1 0 1 0 1  -0.890 0   0.771 0  -0.867 0  -1.789 0   0.621 0   0.802 0 0 1
 -0.609 0  -0.480 0  -0.022 0   0.128 0   0.391 0   0.492 0  -0.575 0   1.769 0  -0.324 0  -0.409 0   0.457 0  -0.248 0  -0.226 0  -0.177 0  -0.189 0  -0.831 0   0.625 0   0.019 0   0.232 0   0.036 0   0.621 0  -0.962 0 0 1
  1.198 0   0.141 0   0.229 0  -0.240 0  -0.835 0  -0.793 0  -0.641 0  -0.858 0  -1.052 0  -0.565 0   0.952 0  -0.021 0   8.353 0   0.857 0  -0.024 0  -1.300 0  -0.388 0   1.523 0  -0.867 0  -1.443 0   0.621 0   0.802 0 0 1
 -1.055 0  -0.935 0  -0.571 0  -0.252 0   0.044 0   0.190 0   0.011 0  -0.461 0  -1.052 0   2.631 0  -0.210 0  -0.238 0  -0.153 0  -0.169 0  -0.195 0  -0.624 0   0.704 0  -0.912 0   0.074 0  -0.216 0   0.621 0   0.612 0 0 1
  0.173 0   0.996 0  -0.078 0  -0.630 0  -0.265 0  -0.595 0  -0.390 0  -0.372 0   1.078 0   0.028 0  -2.357 0  -0.200 0  -0.182 0  -0.146 0  -0.183 0  -0.479 0  -1.370 0  -1.163 0   1.805 0  -5.689 0   0.621 0   0.802 0 0 1
  0.224 0  -0.308 0   0.167 0   0.991 0   0.443 0  -0.078 0  -0.386 0   0.238 0   0.347 0   0.290 0   0.978 0  -0.244 0  -0.230 0  -0.179 0  -0.191 0   0.691 0  -0.051 0  -1.593 0  -0.716 0  -0.703 0   0.405 0   0.230 0 0 1
  0.748 0   0.758 0   1.686 0  -0.186 0   0.160 0   0.299 0  -0.420 0   0.859 0   0.264 0  -0.302 0   1.114 0 0 1 0 1 0 1 0 1 0 1   0.722 0  -0.268 0  -0.378 0   0.893 0 0 1 0 1 0 1
 -0.678 0   1.026 0   0.537 0   0.139 0  -0.018 0   0.090 0   2.647 0  -0.518 0  -1.004 0  -0.498 0   1.065 0 0 1 0 1 0 1 0 1 0 1   0.669 0  -1.593 0   0.563 0   0.107 0 0 1 0 1 0 1
  0.423 0   0.003 0   1.637 0   0.623 0   0.968 0   1.022 0   2.658 0  -0.858 0  -0.669 0  -0.565 0   0.956 0  -0.225 0  -0.230 0  -0.177 0  -0.192 0   0.990 0   0.593 0  -1.056 0  -0.227 0   0.634 0   0.189 0   0.421 0 0 1
 -0.493 0   0.709 0  -0.315 0  -0.548 0  -0.634 0  -0.963 0  -0.641 0  -0.858 0   2.142 0  -0.565 0   0.102 0  -0.248 0  -0.230 0  -0.178 0  -0.195 0  -0.439 0   0.656 0   0.234 0  -0.566 0   0.783 0  -2.725 0  -2.154 0 0 1
 -0.709 0  -1.185 0  -1.073 0  -0.345 0   0.221 0   0.270 0   0.041 0   1.467 0  -0.471 0  -0.565 0   0.063 0  -0.013 0  -0.142 0  -0.108 0   0.033 0   0.107 0   0.607 0   0.341 0   0.074 0  -1.529 0   0.621 0   0.802 0 0 1
  0.155 0  -0.543 0  -1.131 0   0.351 0  -0.049 0   0.099 0  -0.576 0   2.481 0  -0.942 0  -0.411 0  -0.044 0  -0.228 0  -0.177 0  -0.150 0  -0.122 0  -0.897 0   0.851 0  -0.124 0  -0.867 0  -3.495 0   0.621 0   0.421 0 0 1
 -0.506 0  -0.706 0  -1.116 0   1.005 0   0.260 0   0.237 0   2.845 0  -0.785 0  -0.988 0  -0.431 0  -0.051 0 0 1 0 1 0 1 0 1 0 1   0.398 0  -1.450 0   1.316 0   0.555 0   0.621 0   0.802 0 0 1
 -0.590 0  -0.217 0  -0.888 0  -0.284 0  -0.213 0  -0.040 0   1.351 0  -0.401 0  -0.154 0  -0.287 0   0.027 0  -0.241 0  -0.172 0  -0.170 0  -0.102 0  -0.776 0   0.576 0  -0.877 0   0.375 0   0.524 0   0.405 0   0.421 0 0 1
  0.495 0   0.349 0   1.086 0  -1.227 0  -3.000 0  -2.542 0  -0.641 0  -0.858 0  -1.052 0  -0.565 0   0.244 0  -0.069 0  -0.211 0  -0.175 0  -0.096 0   1.363 0  -1.112 0   0.950 0  -0.716 0  -2.638 0   0.621 0   0.802 0 0 1
 -0.328 0   0.381 0   0.321 0  -0.383 0   0.446 0   0.557 0  -0.641 0  -0.127 0   1.436 0  -0.471 0   0.661 0 0 1 0 1 0 1 0 1 0 1   0.771 0   0.198 0  -0.716 0   0.406 0  -0.081 0   0.182 0 0 1
  0.377 0   0.811 0  -0.078 0   0.345 0   0.486 0   0.592 0  -0.502 0   0.523 0   0.398 0   0.019 0   0.881 0 0 1 0 1 0 1 0 1 0 1   0.407 0   1.094 0  -0.867 0   0.610 0 0 1 0 1 0 1
 -0.109 0  -0.283 0  -0.969 0   0.211 0  -0.160 0  -0.078 0   0.626 0   0.706 0  -0.305 0  -0.565 0   0.531 0  -0.249 0  -0.221 0  -0.177 0  -0.185 0  -1.090 0  -0.402 0  -1.163 0   1.391 0  -0.640 0   0.621 0   0.802 0 0 1
 -0.328 0  -0.341 0  -0.549 0   0.623 0  -0.190 0  -0.518 0  -0.116 0   0.713 0   0.321 0  -0.565 0   1.318 0 0 1 0 1 0 1 0 1 0 1   0.656 0   0.664 0  -0.415 0   0.634 0  -0.297 0  -0.008 0 0 1
  0.191 0   0.437 0  -0.110 0   0.128 0   0.292 0   0.418 0  -0.513 0   0.479 0   0.756 0  -0.414 0   0.435 0 0 1 0 1 0 1 0 1 0 1   0.407 0   1.094 0  -0.867 0   0.610 0 0 1 0 1 0 1
 -0.073 0   0.457 0   0.167 0  -0.058 0   0.559 0   0.658 0  -0.566 0   0.337 0   0.631 0  -0.004 0   0.396 0 0 1 0 1 0 1 0 1 0 1   0.753 0   0.198 0  -0.077 0   0.492 0 0 1 0 1 0 1
 -1.613 0  -1.446 0  -1.918 0  -1.506 0  -0.612 0  -2.542 0   0.540 0  -0.087 0  -0.800 0   1.195 0  -0.794 0 0 1  -0.210 0  -0.167 0  -0.161 0 0 1  -2.303 0  -1.916 0   2.584 0  -0.562 0   0.621 0   0.802 0 0 1
 -1.598 0  -0.729 0  -1.217 0  -0.878 0   0.362 0   0.481 0  -0.504 0   1.932 0  -0.704 0  -0.160 0  -0.136 0  -0.166 0 0 1 0 1  -0.101 0 0 1  -2.854 0   1.523 0  -0.867 0   0.123 0   0.621 0   0.612 0 0 1
  1.222 0   1.665 0   0.830 0   1.117 0   0.941 0   0.998 0  -0.611 0  -0.858 0  -0.672 0   3.324 0   0.207 0 0 1 0 1 0 1 0 1 0 1   0.318 0   0.485 0  -0.716 0   0.351 0   0.621 0   0.802 0 0 1
  1.119 0   0.345 0   0.434 0   0.192 0   0.411 0   0.525 0  -0.540 0   0.676 0   0.628 0  -0.445 0   1.226 0 0 1 0 1 0 1 0 1 0 1   0.882 0   0.198 0  -0.867 0  -2.850 0 0 1 0 1 0 1
 -0.548 0  -0.789 0  -0.652 0  -0.724 0   0.331 0   0.423 0  -0.228 0  -0.712 0   1.663 0  -0.565 0   0.288 0  -0.246 0  -0.231 0  -0.179 0  -0.191 0   0.368 0   0.829 0   0.126 0  -0.378 0   0.807 0  -1.646 0  -1.200 0 0 1
  1.463 0   2.178 0  -0.022 0   1.270 0   0.062 0  -0.114 0  -0.641 0  -0.712 0   1.375 0   0.326 0  -2.357 0  -0.231 0  -0.190 0  -0.168 0  -0.189 0  -0.430 0  -0.277 0   1.237 0  -0.716 0  -0.279 0   0.405 0   0.612 0 0 1
  0.495 0   0.680 0   0.113 0   0.211 0   0.474 0   0.582 0  -0.405 0  -0.555 0   1.608 0  -0.471 0  -0.063 0 0 1 0 1 0 1 0 1 0 1   0.176 0   1.380 0  -0.716 0   0.178 0  -0.944 0  -0.580 0 0 1
 -0.728 0  -0.446 0  -0.684 0   0.195 0  -0.271 0  -0.092 0   0.693 0   0.690 0  -0.511 0  -0.338 0  -0.191 0  -0.237 0  -0.118 0  -0.145 0  -0.066 0  -1.161 0   0.704 0  -0.124 0   0.074 0   0.437 0   0.621 0   0.802 0 0 1
 -1.176 0  -1.739 0  -1.185 0  -1.434 0   0.107 0   0.252 0 0 1 0 1 0 1 0 1  -0.997 0 0 1 0 1 0 1 0 1 0 1 0 1 0 1 0 1 0 1 0 1 0 1 0 1
 -0.907 0   1.581 0  -0.860 0  -0.519 0  -3.000 0  -2.542 0  -0.641 0  -0.858 0  -1.052 0  -0.565 0  -2.357 0  -0.143 0   0.543 0   0.152 0   0.017 0  -1.213 0   0.722 0  -1.593 0  -0.867 0  -0.758 0   0.621 0   0.802 0 0 1
 -0.203 0   1.370 0  -0.729 0  -0.567 0  -1.827 0  -1.487 0  -0.641 0  -0.858 0  -1.052 0  -0.565 0   0.207 0  -0.249 0  -0.230 0  -0.178 0  -0.193 0  -0.575 0   0.736 0  -0.053 0   0.074 0  -0.538 0  -3.156 0  -2.726 0 0 1
 -0.103 0  -0.025 0   0.537 0   0.358 0   0.321 0   0.412 0  -0.300 0   1.356 0  -0.084 0  -0.565 0   0.710 0  -0.244 0  -0.230 0 0 1  -0.192 0 0 1   0.802 0   0.485 0  -0.716 0   0.665 0  -0.944 0  -1.772 0 0 1
  0.155 0   1.191 0  -0.473 0  -0.984 0   0.103 0  -2.542 0  -0.641 0  -0.526 0   1.270 0   0.041 0  -2.357 0  -0.078 0   1.050 0   0.243 0   0.077 0  -1.145 0  -3.560 0  -2.059 0   2.896 0  -0.585 0   0.405 0   0.612 0 0 1
  0.293 0  -0.535 0  -1.294 0  -1.926 0   0.244 0   0.317 0  -0.531 0   2.258 0  -0.958 0  -0.172 0   0.019 0  -0.148 0  -0.208 0 0 1  -0.127 0 0 1   0.465 0   0.664 0  -0.867 0  -4.006 0   0.405 0   0.612 0 0 1
 -0.045 0   0.291 0   0.699 0   0.455 0  -0.658 0  -1.487 0  -0.641 0  -0.858 0  -1.052 0  -0.565 0   0.931 0  -0.250 0  -0.230 0 0 1  -0.194 0 0 1  -1.965 0  -1.450 0   2.257 0   0.067 0   0.621 0   0.802 0 0 1
 -0.432 0  -0.422 0   0.113 0   0.201 0   0.403 0   0.496 0  -0.457 0   1.298 0   0.047 0  -0.494 0   0.404 0  -0.224 0  -0.226 0  -0.176 0  -0.174 0   0.680 0   0.802 0   0.628 0  -0.227 0   0.382 0   0.621 0  -0.771 0 0 1
  0.300 0   1.026 0   0.321 0   0.885 0   0.895 0   0.944 0  -0.641 0   0.275 0   1.078 0  -0.463 0   0.616 0 0 1 0 1 0 1 0 1 0 1   0.527 0   1.237 0  -0.566 0   0.524 0   0.189 0   0.421 0 0 1
  0.006 0   1.191 0   0.753 0  -1.827 0  -0.964 0  -0.963 0  -0.641 0  -0.858 0   1.950 0  -0.298 0   0.088 0 0 1 0 1 0 1 0 1 0 1  -3.223 0  -2.059 0   2.896 0   0.327 0  -3.210 0  -2.774 0 0 1
  1.626 0   1.127 0   2.352 0   0.885 0   0.724 0   0.797 0  -0.067 0  -0.580 0   0.922 0   0.117 0   0.412 0 0 1 0 1 0 1 0 1 0 1   0.722 0  -0.268 0   0.563 0   0.610 0 0 1 0 1 0 1
 -1.395 0  -0.891 0  -0.922 0  -1.301 0  -0.612 0   0.061 0  -0.315 0   1.151 0  -0.014 0  -0.396 0   0.182 0  -0.177 0  -0.212 0  -0.167 0  -0.136 0   0.562 0  -0.566 0  -0.841 0   1.485 0   0.209 0   0.621 0   0.612 0 0 1
 -0.555 0  -0.693 0   0.132 0   0.287 0   0.206 0   0.224 0  -0.641 0   1.151 0  -0.334 0   0.437 0   1.036 0  -0.250 0  -0.229 0 0 1  -0.194 0 0 1  -0.855 0  -1.307 0   1.654 0   0.697 0  -0.944 0  -0.580 0 0 1
 -0.103 0   0.179 0   0.703 0   0.450 0   0.346 0   0.467 0  -0.198 0   0.209 0   0.455 0  -0.039 0  -0.336 0 0 1 0 1 0 1 0 1 0 1   0.087 0  -0.268 0   1.015 0   0.893 0 0 1 0 1 0 1
 -0.669 0  -0.521 0  -0.577 0   0.392 0  -0.135 0  -0.646 0  -0.420 0  -0.427 0   1.295 0  -0.173 0  -0.426 0  -0.232 0  -0.228 0  -0.171 0  -0.194 0  -0.216 0  -1.277 0  -0.554 0  -0.867 0  -0.051 0  -0.512 0  -0.199 0 0 1
 -0.487 0  -0.422 0  -0.876 0  -0.251 0  -0.085 0   0.072 0   1.549 0  -0.078 0  -0.657 0  -0.215 0   0.048 0  -0.243 0  -0.180 0  -0.172 0  -0.131 0  -0.772 0   0.642 0   0.664 0  -0.867 0   0.736 0   0.621 0   0.421 0 0 1
  1.969 0   0.965 0  -0.260 0   1.415 0   0.800 0   0.867 0  -0.348 0  -0.573 0  -0.298 0   2.144 0   0.628 0 0 1 0 1 0 1 0 1 0 1   0.722 0  -0.268 0  -0.378 0   0.610 0 0 1 0 1 0 1
 -0.651 0  -0.854 0  -0.265 0  -0.966 0   0.198 0   0.317 0  -0.416 0   1.444 0  -0.062 0  -0.565 0   0.590 0  -0.243 0  -0.231 0  -0.179 0  -0.193 0   1.599 0   0.736 0   1.094 0  -0.867 0   0.429 0  -2.455 0  -1.915 0 0 1
  0.909 0   0.996 0   2.406 0   1.302 0  -3.000 0  -2.542 0  -0.641 0  -0.858 0  -1.052 0  -0.565 0   0.940 0   0.246 0   0.537 0   0.937 0   0.055 0  -1.115 0  -0.793 0  -1.020 0   1.805 0  -0.931 0   0.621 0   0.802 0 0 1
  0.076 0  -0.547 0  -0.110 0  -1.064 0   0.013 0  -0.415 0   0.071 0   0.494 0  -0.445 0   0.549 0  -2.357 0  -0.248 0  -0.229 0  -0.176 0  -0.195 0  -0.852 0   0.434 0   0.628 0  -0.378 0  -1.159 0  -0.512 0  -0.199 0 0 1
  1.581 0   0.404 0  -0.676 0   2.042 0   1.252 0   1.276 0  -0.183 0  -0.540 0   0.241 0   1.155 0   0.292 0 0 1 0 1 0 1 0 1 0 1   0.407 0  -1.163 0  -0.378 0   0.335 0 0 1 0 1 0 1
  0.208 0  -0.314 0   0.537 0   0.542 0   0.783 0   0.852 0  -0.641 0  -0.127 0   1.503 0  -0.565 0   0.876 0  -0.162 0  -0.216 0  -0.169 0  -0.139 0   0.766 0   0.691 0   0.341 0  -0.083 0  -0.074 0   0.621 0  -0.008 0 0 1
 -0.480 0  -0.719 0   0.093 0  -0.519 0   0.403 0   0.467 0  -0.378 0  -0.091 0   1.247 0  -0.565 0  -0.116 0  -0.207 0  -0.231 0  -0.179 0  -0.191 0   1.452 0   0.625 0   0.628 0  -0.716 0   0.830 0  -0.998 0  -0.628 0 0 1
 -0.846 0  -2.332 0  -0.553 0  -1.301 0   0.037 0   0.189 0 0 1 0 1 0 1 0 1  -0.847 0 0 1 0 1 0 1 0 1 0 1 0 1 0 1 0 1 0 1 0 1 0 1 0 1
  0.285 0  -0.891 0  -0.143 0   0.079 0   0.937 0   0.993 0  -0.491 0  -0.748 0   1.861 0  -0.485 0   0.547 0  -0.249 0  -0.230 0  -0.179 0  -0.193 0   0.199 0   0.736 0  -0.124 0  -0.566 0  -0.617 0  -0.297 0  -0.962 0 0 1
  1.119 0   0.615 0  -1.194 0   0.455 0   1.184 0   1.220 0   2.913 0  -0.858 0  -0.948 0  -0.478 0   1.241 0  -0.247 0  -0.230 0  -0.178 0  -0.190 0  -0.218 0  -0.002 0   0.771 0  -0.716 0  -0.247 0   0.621 0  -0.199 0 0 1
 -0.453 0  -0.306 0  -0.466 0   0.367 0  -0.006 0   0.141 0   1.079 0  -0.708 0  -0.352 0   0.686 0   0.325 0  -0.242 0  -0.186 0  -0.171 0  -0.136 0  -0.712 0   0.771 0  -0.124 0  -0.265 0   0.437 0   0.621 0   0.802 0 0 1
 -0.892 0  -0.974 0   0.658 0  -0.524 0  -0.203 0  -0.553 0  -0.532 0  -0.456 0   1.605 0  -0.436 0  -0.116 0  -0.225 0  -0.214 0  -0.152 0  -0.188 0  -0.792 0   0.140 0  -0.554 0   0.714 0   0.437 0   0.405 0   0.612 0 0 1
  1.024 0  -0.706 0  -0.315 0  -0.058 0  -1.827 0  -1.487 0  -0.641 0  -0.858 0  -1.052 0  -0.565 0   0.562 0  -0.250 0  -0.228 0  -0.179 0  -0.194 0  -1.371 0  -1.619 0   1.523 0  -0.867 0  -0.900 0   0.621 0  -0.008 0 0 1
 -0.288 0   0.116 0  -1.079 0   0.224 0   0.072 0   0.213 0   1.011 0   0.009 0  -0.998 0   0.794 0  -1.225 0 0 1 0 1 0 1 0 1 0 1   0.060 0   0.950 0  -0.566 0   0.327 0   0.621 0   0.612 0 0 1
 -2.084 0  -1.523 0  -0.901 0  -1.669 0  -0.700 0  -0.474 0   2.954 0  -0.822 0  -0.953 0  -0.565 0  -0.221 0  -0.249 0  -0.230 0  -0.179 0  -0.179 0   0.782 0   0.296 0   0.449 0  -0.867 0   0.296 0   0.189 0  -0.771 0 0 1
  0.389 0   1.211 0   0.113 0   0.508 0   0.090 0  -0.144 0  -0.322 0  -0.548 0   1.599 0  -0.565 0  -2.357 0  -0.238 0  -0.229 0  -0.173 0  -0.189 0  -0.389 0  -0.180 0   1.380 0  -0.716 0   0.382 0  -0.944 0  -0.962 0 0 1
 -0.328 0  -0.458 0   0.229 0  -0.058 0   0.378 0  -0.064 0   0.184 0   0.567 0  -0.509 0   0.415 0   1.005 0  -0.250 0  -0.230 0  -0.179 0  -0.193 0   1.409 0   0.642 0   0.341 0   0.074 0   0.736 0   0.405 0   0.612 0 0 1
  0.788 0   0.931 0  -1.454 0  -2.853 0  -3.000 0  -2.542 0  -0.641 0  -0.858 0  -1.052 0  -0.565 0  -2.357 0   0.107 0  -0.197 0  -0.173 0   0.170 0   1.429 0  -0.259 0   0.628 0  -0.265 0  -5.115 0   0.621 0   0.802 0 0 1
 -0.658 0  -0.014 0  -1.199 0  -0.658 0   0.237 0   0.368 0   0.062 0  -0.706 0   0.944 0   0.085 0  -0.349 0  -0.245 0  -0.149 0  -0.150 0  -0.105 0  -1.331 0   0.722 0  -1.486 0   0.225 0   0.893 0   0.189 0  -0.199 0 0 1
  0.615 0  -0.156 0   0.229 0  -0.041 0   0.946 0   1.006 0  -0.423 0   0.406 0   0.423 0   0.032 0   0.402 0 0 1 0 1 0 1 0 1 0 1   0.478 0   0.198 0   0.375 0   0.524 0 0 1 0 1 0 1
 -1.059 0  -0.604 0  -1.251 0  -0.330 0  -0.416 0  -0.227 0   1.815 0  -0.165 0  -0.777 0  -0.258 0   0.034 0  -0.236 0  -0.187 0  -0.160 0  -0.134 0  -0.916 0   0.820 0  -0.268 0  -0.566 0   0.720 0   0.621 0   0.802 0 0 1
  0.591 0  -0.681 0   0.648 0   0.630 0   0.735 0   0.721 0  -0.228 0   0.530 0   0.130 0   0.059 0  -0.321 0  -0.202 0  -0.231 0  -0.179 0  -0.191 0   1.519 0   0.629 0   0.628 0  -0.679 0   0.579 0  -3.048 0  -2.583 0 0 1
  0.909 0   0.661 0   0.551 0  -0.775 0   0.579 0   0.592 0   1.908 0  -0.493 0  -0.413 0  -0.476 0   0.896 0  -0.249 0  -0.230 0  -0.178 0  -0.193 0  -0.635 0   0.673 0   0.735 0  -0.867 0  -0.357 0   0.621 0  -0.008 0 0 1
  0.909 0   0.996 0   1.172 0   0.534 0   0.537 0   0.638 0 0 1 0 1 0 1 0 1  -0.267 0 0 1 0 1 0 1 0 1 0 1   0.398 0   1.237 0  -0.867 0   0.634 0 0 1 0 1 0 1
  0.054 0   0.357 0   1.317 0   0.455 0   0.598 0   0.693 0  -0.641 0   0.337 0   1.056 0  -0.507 0   0.628 0   0.108 0  -0.148 0  -0.158 0  -0.016 0   1.120 0   0.593 0   0.485 0  -0.378 0   0.327 0  -0.027 0  -0.390 0 0 1
  0.630 0   0.563 0   1.001 0   0.009 0   0.326 0   0.449 0 0 1 0 1 0 1 0 1  -0.201 0 0 1 0 1 0 1 0 1 0 1   0.176 0   1.237 0  -0.566 0   0.665 0 0 1 0 1 0 1
 -1.176 0  -0.729 0  -1.217 0  -0.650 0  -0.514 0  -0.308 0   0.148 0   1.193 0  -0.436 0  -0.409 0   0.253 0  -0.196 0  -0.161 0  -0.169 0  -0.079 0   0.431 0  -0.633 0   1.094 0  -0.867 0   0.492 0   0.621 0   0.612 0 0 1
  1.742 0  -0.156 0  -1.116 0  -0.058 0   0.090 0   0.237 0  -0.187 0  -0.796 0   0.379 0   1.279 0  -0.386 0 0 1 0 1 0 1 0 1 0 1 0 1 0 1 0 1   0.178 0   0.405 0   0.612 0 0 1
 -2.057 0  -1.606 0  -1.779 0  -1.506 0  -0.592 0  -0.704 0  -0.225 0   0.117 0  -0.838 0   1.907 0  -0.878 0   0.145 0   0.084 0  -0.110 0  -0.029 0   0.518 0  -1.290 0  -1.593 0   2.106 0  -0.507 0   0.621 0   0.802 0 0 1
  0.285 0   0.855 0  -0.078 0   0.434 0   0.537 0   0.638 0  -0.487 0   0.370 0   0.538 0  -0.008 0   1.156 0 0 1 0 1 0 1 0 1 0 1   0.247 0   0.628 0  -0.867 0   0.893 0 0 1 0 1 0 1
 -0.500 0   0.807 0  -0.078 0   0.161 0   0.346 0   0.462 0  -0.641 0   1.436 0   0.069 0  -0.471 0   0.248 0 0 1 0 1 0 1 0 1 0 1  -0.291 0   0.771 0  -0.566 0   0.807 0  -0.081 0   0.182 0 0 1
 -0.474 0  -0.820 0  -0.143 0  -1.002 0  -0.073 0   0.066 0  -0.079 0   0.823 0   0.193 0  -0.565 0   0.154 0  -0.245 0  -0.231 0  -0.179 0  -0.194 0   1.599 0   0.767 0   0.377 0  -0.189 0   0.720 0  -2.293 0  -1.772 0 0 1
 -0.103 0  -0.086 0   0.229 0   0.588 0   0.480 0   0.576 0  -0.491 0   1.097 0   0.312 0  -0.565 0   0.764 0   2.223 0  -0.188 0  -0.166 0  -0.076 0   1.550 0   0.704 0   0.771 0  -0.077 0   0.067 0   0.621 0   0.802 0 0 1
 -0.803 0  -0.480 0  -1.194 0  -1.621 0   0.346 0  -0.493 0  -0.341 0   1.517 0  -0.605 0   0.014 0  -0.675 0  -0.248 0  -0.226 0  -0.173 0  -0.186 0  -1.183 0   0.784 0  -0.698 0  -0.077 0   0.697 0  -2.509 0  -1.963 0 0 1
  0.730 0  -0.240 0   0.072 0   0.786 0   1.678 0   1.131 0  -0.067 0  -0.814 0   1.615 0  -0.565 0   0.952 0  -0.243 0  -0.229 0  -0.178 0  -0.188 0   0.322 0   0.416 0   0.341 0  -0.867 0  -0.247 0   0.405 0   0.612 0 0 1
 -0.456 0  -0.473 0   0.215 0  -0.404 0   0.422 0   0.496 0  -0.641 0  -0.018 0   1.407 0  -0.565 0   0.327 0  -0.214 0  -0.231 0  -0.178 0  -0.192 0   1.323 0   0.789 0  -0.089 0  -0.114 0   0.783 0  -1.160 0  -0.962 0 0 1
 -0.520 0   1.127 0  -1.238 0  -1.506 0  -3.000 0  -2.542 0  -0.641 0  -0.858 0  -1.052 0  -0.565 0  -2.357 0  -0.094 0   0.977 0   0.270 0   0.075 0  -1.192 0   0.256 0  -0.268 0   0.225 0  -1.073 0   0.621 0   0.802 0 0 1
 -0.234 0  -0.521 0  -1.194 0  -0.077 0  -0.639 0  -1.172 0   3.108 0  -0.858 0  -1.052 0  -0.565 0   0.866 0  -0.230 0  -0.217 0  -0.175 0  -0.187 0   0.368 0  -0.402 0  -1.163 0   1.767 0  -0.019 0   0.351 0   0.564 0 0 1
 -0.283 0   0.319 0   0.753 0   0.949 0   0.512 0   0.616 0  -0.480 0  -0.021 0   1.184 0  -0.440 0   0.031 0 0 1 0 1 0 1 0 1 0 1   0.247 0   0.198 0   0.526 0   0.893 0 0 1 0 1 0 1
  0.224 0  -0.635 0  -0.315 0  -0.833 0   0.491 0   0.576 0  -0.491 0   0.348 0   0.960 0  -0.565 0   0.386 0  -0.243 0  -0.230 0 0 1  -0.189 0 0 1   0.607 0   0.485 0  -0.378 0   0.767 0  -2.185 0  -1.677 0 0 1
  0.532 0  -0.496 0   0.167 0   0.991 0   1.165 0   0.673 0  -0.292 0  -0.858 0   1.845 0  -0.565 0   0.628 0  -0.226 0  -0.216 0  -0.164 0  -0.152 0  -0.443 0  -0.020 0   0.914 0  -0.709 0   0.067 0   0.405 0   0.612 0 0 1
 -0.203 0  -0.415 0   0.460 0   0.364 0   0.491 0   0.579 0   0.724 0   1.217 0  -0.835 0  -0.565 0   1.027 0  -0.247 0  -0.231 0  -0.179 0  -0.188 0   1.599 0   0.625 0   0.986 0  -0.679 0   0.524 0  -0.297 0  -0.771 0 0 1
 -0.388 0   0.230 0   0.977 0   0.192 0  -0.073 0  -0.120 0  -0.641 0   2.796 0  -1.052 0  -0.565 0   1.114 0  -0.250 0  -0.230 0 0 1  -0.194 0 0 1  -2.063 0  -1.772 0   2.106 0   0.351 0   0.189 0   0.421 0 0 1
  0.256 0  -0.604 0   0.271 0   0.508 0   0.579 0   0.658 0  -0.641 0   2.485 0  -0.825 0  -0.503 0   0.905 0  -0.240 0  -0.214 0  -0.173 0   0.423 0  -0.410 0   0.722 0  -0.124 0   0.074 0   0.351 0   0.405 0  -1.582 0 0 1
  0.699 0   0.965 0  -1.051 0  -0.007 0  -0.136 0   0.033 0  -0.581 0  -0.500 0  -0.266 0   2.282 0  -0.267 0 0 1 0 1 0 1 0 1 0 1   0.802 0  -0.554 0  -0.716 0  -0.074 0   0.621 0   0.802 0 0 1
 -0.138 0   0.225 0  -0.616 0  -1.471 0  -0.072 0   0.081 0  -0.641 0   2.525 0  -0.816 0  -0.565 0  -0.349 0   0.234 0  -0.196 0  -0.158 0   0.014 0   1.227 0   0.140 0   1.523 0  -0.867 0  -1.246 0   0.621 0   0.802 0 0 1
  1.024 0   0.513 0   0.863 0   1.205 0   1.310 0   1.333 0  -0.566 0  -0.566 0  -0.733 0   2.999 0   0.431 0 0 1 0 1 0 1 0 1 0 1   0.047 0   0.914 0  -0.566 0  -0.019 0 0 1 0 1 0 1
 -1.037 0  -1.247 0  -0.558 0  -0.662 0  -0.415 0  -1.237 0  -0.438 0  -0.365 0   1.366 0  -0.324 0  -2.357 0  -0.248 0  -0.230 0  -0.178 0  -0.192 0  -0.162 0   0.434 0   0.771 0  -0.716 0   0.610 0  -0.782 0  -0.437 0 0 1
  1.577 0   0.277 0   2.430 0   1.722 0  -0.164 0  -0.120 0   0.409 0  -0.566 0  -0.637 0   1.707 0   0.952 0   3.379 0   6.739 0  10.549 0   2.206 0  -1.200 0  -0.455 0  -1.307 0   1.805 0   0.327 0   0.621 0   0.802 0 0 1
 -0.706 0  -1.322 0   0.365 0  -0.587 0  -0.658 0  -0.963 0  -0.566 0  -0.310 0   1.535 0  -0.476 0   0.102 0  -0.229 0  -0.228 0  -0.170 0  -0.190 0  -0.220 0   0.385 0   0.019 0   0.225 0   0.838 0  -2.293 0  -1.963 0 0 1
 -0.465 0   0.230 0  -0.513 0  -0.234 0  -0.333 0  -0.145 0  -0.456 0   2.077 0  -0.686 0  -0.419 0   0.273 0   0.671 0  -0.214 0  -0.148 0  -0.135 0   1.307 0  -1.916 0   1.380 0  -0.867 0  -0.813 0   0.189 0   0.421 0 0 1
 -0.552 0   0.150 0  -0.543 0  -0.650 0  -0.514 0  -0.308 0   0.921 0   0.055 0   0.012 0  -0.565 0   0.253 0   0.717 0  -0.175 0  -0.168 0  -0.105 0   1.490 0  -1.708 0   1.523 0  -0.867 0  -1.867 0   0.189 0   0.421 0 0 1
 -0.634 0  -0.902 0  -0.675 0  -1.588 0  -0.165 0   0.005 0  -0.379 0   2.201 0  -0.978 0  -0.254 0   0.389 0   0.343 0  -0.181 0  -0.073 0   0.136 0   0.496 0   0.349 0  -0.124 0  -0.867 0  -2.095 0   0.621 0   0.802 0 0 1
 -1.685 0  -1.090 0  -0.806 0  -1.493 0  -0.592 0  -0.535 0  -0.551 0  -0.770 0   1.002 0   0.812 0  -0.497 0  -0.248 0  -0.230 0  -0.178 0  -0.192 0  -0.447 0  -0.233 0   1.344 0  -0.867 0  -0.680 0   0.405 0   0.612 0 0 1
 -0.019 0   1.191 0  -1.194 0  -2.547 0  -1.244 0  -2.542 0  -0.641 0  -0.858 0  -1.052 0  -0.565 0  -2.357 0  -0.250 0  -0.225 0  -0.177 0  -0.194 0  -1.195 0  -2.854 0  -1.772 0   2.595 0  -0.389 0   0.621 0   0.802 0 0 1
 -0.605 0  -1.056 0  -1.625 0   0.142 0  -0.159 0   0.013 0 0 1 0 1 0 1 0 1  -0.454 0  -0.233 0 0 1 0 1  -0.158 0 0 1 0 1 0 1 0 1   0.783 0   0.621 0   0.421 0 0 1
  3.488 0  -0.288 0   0.708 0   2.001 0   1.431 0   0.299 0   0.634 0  -0.675 0  -0.956 0   2.019 0  -2.357 0  -0.239 0  -0.126 0  -0.154 0  -0.193 0  -1.104 0  -0.037 0   1.237 0  -0.716 0  -0.161 0   0.621 0   0.802 0 0 1
 -0.073 0  -0.625 0  -0.371 0  -0.240 0   0.724 0   0.763 0  -0.641 0   0.201 0   1.216 0  -0.565 0   0.718 0  -0.245 0  -0.231 0  -0.179 0  -0.194 0   1.599 0   0.802 0   0.341 0  -0.265 0   0.822 0  -1.106 0  -0.723 0 0 1
  1.545 0   1.281 0   2.536 0   2.699 0  -1.827 0  -1.487 0  -0.641 0  -0.858 0  -1.052 0  -0.565 0   1.226 0  -0.250 0  -0.229 0  -0.179 0  -0.195 0   1.599 0  -0.695 0   1.094 0  -0.716 0   0.123 0   0.405 0   0.612 0 0 1
 -0.706 0   0.179 0   0.951 0   0.287 0  -1.177 0  -0.903 0  -0.641 0  -0.858 0  -1.052 0   3.890 0   1.156 0  -0.249 0  -0.226 0  -0.178 0  -0.189 0  -0.915 0  -2.432 0  -2.059 0   2.257 0   0.303 0   0.297 0   0.516 0 0 1
  1.328 0   1.211 0   2.204 0   1.145 0   1.596 0   1.591 0   0.709 0  -0.529 0  -0.062 0   0.460 0   0.931 0  -0.218 0  -0.230 0  -0.177 0  -0.192 0   1.005 0   0.185 0  -2.059 0   1.090 0   0.437 0  -0.027 0   0.230 0 0 1
  1.173 0   1.127 0   1.086 0   1.228 0   1.341 0   1.361 0  -0.611 0  -0.858 0  -1.052 0   3.854 0   0.457 0 0 1 0 1 0 1 0 1 0 1  -0.251 0   0.019 0  -0.378 0   0.524 0   0.405 0   0.612 0 0 1
 -0.781 0  -0.599 0  -0.627 0   0.101 0  -0.160 0  -0.020 0   2.261 0  -0.387 0  -0.898 0  -0.349 0   0.021 0  -0.225 0  -0.108 0  -0.138 0  -0.068 0  -0.998 0   0.496 0   0.019 0   0.225 0   0.752 0   0.621 0   0.802 0 0 1
  1.245 0   0.077 0   2.204 0   1.263 0   1.916 0   1.879 0   3.108 0  -0.858 0  -1.052 0  -0.565 0   1.522 0  -0.247 0  -0.230 0  -0.177 0  -0.191 0  -0.401 0   0.020 0  -1.271 0   1.654 0   0.351 0   0.189 0   0.421 0 0 1
 -2.086 0  -0.808 0  -1.120 0  -0.754 0   0.304 0   0.429 0 0 1 0 1 0 1 0 1  -1.024 0 0 1 0 1 0 1 0 1 0 1 0 1 0 1 0 1 0 1 0 1 0 1 0 1
  1.891 0   1.644 0   2.897 0   0.867 0   0.666 0   0.592 0   0.446 0  -0.347 0  -1.052 0   1.974 0   0.003 0  -0.113 0   0.049 0   0.299 0  -0.107 0  -1.243 0   0.576 0   0.628 0  -0.566 0  -0.758 0   0.621 0   0.802 0 0 1
 -0.073 0   0.726 0  -1.238 0   0.192 0   0.689 0   0.772 0   0.697 0  -0.858 0   0.928 0  -0.471 0   0.918 0  -0.248 0  -0.227 0  -0.175 0  -0.087 0  -1.003 0 0 1 0 1 0 1   0.610 0   0.621 0   0.230 0 0 1
 -0.642 0   0.393 0  -1.581 0   0.739 0  -3.000 0  -2.542 0  -0.641 0  -0.858 0  -1.052 0  -0.565 0  -2.357 0 0 1 0 1 0 1 0 1 0 1  -0.517 0  -1.593 0  -0.566 0  -0.444 0   0.621 0   0.802 0 0 1
 -1.161 0  -0.604 0   1.657 0  -0.744 0  -1.021 0  -2.542 0  -0.641 0  -0.858 0  -1.052 0  -0.565 0  -2.357 0 0 1 0 1 0 1 0 1 0 1   0.753 0   0.198 0  -0.867 0  -3.267 0   0.621 0   0.802 0 0 1
  2.959 0   2.799 0   0.309 0  -0.833 0  -0.436 0  -0.436 0   0.071 0  -0.639 0  -1.052 0   2.776 0  -2.357 0  -0.239 0   0.271 0  -0.104 0  -0.191 0  -1.362 0  -0.259 0   1.237 0  -0.867 0  -0.192 0   0.621 0   0.802 0 0 1
 -2.487 0   1.229 0  -0.945 0  -2.710 0  -3.000 0  -2.542 0  -0.641 0  -0.858 0  -1.052 0  -0.565 0  -2.357 0  -0.193 0   0.272 0  -0.021 0  -0.073 0  -1.181 0  -3.560 0  -2.059 0   2.896 0   0.469 0   0.189 0   0.421 0 0 1
 -1.475 0   1.383 0  -1.486 0  -2.872 0  -3.000 0  -2.542 0  -0.641 0  -0.858 0  -1.052 0  -0.565 0  -2.357 0  -0.140 0   0.759 0   0.124 0   0.053 0  -1.178 0  -1.246 0  -2.059 0   1.767 0   0.036 0  -0.728 0  -0.390 0 0 1
 -0.718 0  -0.331 0  -0.566 0   0.279 0   0.030 0   0.183 0  -0.611 0  -0.555 0   1.746 0  -0.418 0  -0.056 0  -0.241 0  -0.181 0  -0.165 0  -0.117 0  -0.967 0   0.771 0   0.019 0   0.074 0   0.555 0   0.621 0   0.802 0 0 1
 -0.493 0   0.262 0   0.244 0   0.371 0  -3.000 0  -2.542 0  -0.641 0  -0.858 0  -1.052 0  -0.565 0  -2.357 0 0 1 0 1 0 1 0 1 0 1  -2.498 0  -1.772 0  -0.867 0  -1.104 0   0.621 0   0.802 0 0 1
 -0.168 0   0.053 0   1.495 0  -1.947 0  -0.401 0  -0.870 0  -0.566 0  -0.420 0   1.247 0   0.059 0  -2.357 0   7.508 0   2.243 0   2.643 0   8.460 0  -0.039 0   0.269 0   0.198 0  -0.077 0   0.783 0  -0.944 0  -0.914 0 0 1
  1.416 0   1.507 0   1.123 0   1.459 0   1.360 0   1.378 0  -0.116 0  -0.858 0  -0.944 0   3.115 0   0.088 0 0 1 0 1 0 1 0 1 0 1   0.691 0   0.198 0  -0.265 0   0.579 0   0.405 0   0.612 0 0 1
