;
898
;
10 2   0.000   0.000 2 1 2   0.000 2 3 3 6 2 1 2 3 2 2 2 2 5 2   0.600 1220.000 761.000 3 1 4 0 0 1 0 0 0
10 2   0.000  60.000 1 4 6   0.000 2 3 4 6 2 2 1 3 2 2 2 2 5 1   1.001 1320.000   0.000 3 2 4 0 0 1 0 0 0
10 2   0.000   0.000 2 1 2   0.000 2 3 2 6 2 2 2 1 1 2 2 2 5 2   1.600 1320.000 1000.000 3 1 4 0 0 1 0 0 0
10 1   0.000   0.000 2 1 2   0.000 2 3 2 6 2 2 2 1 1 2 2 2 5 2   0.699 595.000 762.000 3 1 4 0 0 1 0 0 0
10 5   0.000   0.000 2 4 6 600.000 2 1 5 6 2 2 2 3 2 2 2 2 5 2   2.000 1320.000 4880.000 3 1 4 0 1 0 0 0 0
10 1   0.000   0.000 2 1 2   0.000 2 3 2 6 2 2 2 3 1 2 2 2 5 2   1.599 1320.000 4880.000 3 1 4 0 0 1 0 0 0
10 2   0.000  45.000 2 1 6   0.000 2 3 1 6 2 2 2 3 2 2 2 2 5 2   0.699 1320.000 760.000 2 1 4 0 0 1 0 0 0
4 2   0.000   0.000 2 4 3   0.000 1 3 5 6 2 2 2 3 2 2 2 2 5 2   1.600 1220.000 761.000 3 1 4 0 0 0 0 1 0
10 1   0.000   0.000 2 1 2   0.000 2 3 2 6 2 1 2 3 1 2 2 2 5 2   3.200 1300.000 4880.000 3 1 4 0 0 1 0 0 0
10 1   0.000   0.000 2 1 2   0.000 2 3 2 6 2 1 2 1 2 2 2 2 5 1   1.600 610.000   0.000 3 1 4 0 0 1 0 0 0
10 1   0.000   0.000 2 1 3   0.000 2 3 5 6 2 2 2 1 1 2 2 2 5 2   1.599 1320.000 4880.000 3 1 4 0 1 0 0 0 0
10 2   0.000  85.000 1 4 6   0.000 2 3 4 6 2 2 2 3 2 2 2 2 5 1   3.200 610.000   0.000 1 1 4 0 0 0 0 0 1
10 2   0.000   0.000 2 1 2   0.000 2 3 2 6 2 1 2 3 1 2 2 2 5 2   0.699 610.000 4880.000 1 1 4 0 0 1 0 0 0
10 9   0.000  45.000 2 1 6   0.000 2 3 2 6 2 2 2 3 2 2 2 2 5 2   1.400 1320.000 4170.000 3 1 4 0 0 1 0 0 0
10 1   0.000   0.000 2 1 3   0.000 2 3 5 6 2 2 2 3 1 2 2 2 5 2   0.800 1320.000 762.000 3 1 4 0 1 0 0 0 0
10 2   0.000  70.000 1 4 6   0.000 2 3 4 6 2 2 2 3 2 2 2 2 5 1   0.600 1320.000   0.000 3 3 4 0 0 1 0 0 0
10 2   0.000  45.000 2 1 6   0.000 2 3 1 6 2 2 2 3 1 2 2 2 5 2   0.700 1320.000 4880.000 3 1 4 0 0 1 0 0 0
10 2   0.000   0.000 2 1 2   0.000 2 3 3 6 2 1 2 1 1 2 2 2 5 2   0.699 609.900   0.000 3 1 4 0 0 1 0 0 0
10 2   0.000   0.000 2 1 2   0.000 2 3 4 6 2 2 1 3 2 2 2 2 5 2   3.200 1300.000 762.000 3 1 4 0 0 1 0 0 0
10 1   0.000   0.000 2 1 2   0.000 2 3 5 6 2 1 2 3 2 2 2 2 5 2   1.599 1500.000 4170.000 3 1 4 0 1 0 0 0 0
10 1   0.000   0.000 2 1 2   0.000 2 3 2 6 2 2 2 3 2 2 2 2 5 2   0.400 375.000 612.000 3 1 4 0 0 1 0 0 0
10 1   0.000   0.000 2 1 3   0.000 2 3 5 6 2 2 2 3 2 2 2 2 5 2   1.600 1525.000 612.000 3 1 4 0 1 0 0 0 0
10 4  45.000   0.000 2 4 6   0.000 2 3 5 6 2 2 1 2 2 2 2 2 5 1   1.500 640.000   0.000 3 1 4 0 0 1 0 0 0
10 2   0.000  45.000 2 1 6   0.000 2 3 1 6 2 2 2 3 1 2 2 2 5 2   0.700 610.000 4880.000 3 1 4 0 0 1 0 0 0
4 2   0.000   0.000 2 4 3   0.000 1 3 5 6 2 2 2 1 2 1 2 2 5 1   1.600 600.100   0.000 3 1 4 0 0 0 0 1 0
10 2   0.000   0.000 2 1 2   0.000 2 3 4 6 2 1 2 1 1 2 2 2 5 2   0.700 610.000 4880.000 3 1 4 0 0 1 0 0 0
10 4  45.000   0.000 2 4 6   0.000 2 3 5 6 2 2 1 2 2 2 2 2 5 1   2.200 640.000   0.000 3 1 4 0 0 1 0 0 0
10 4  55.000   0.000 2 4 6   0.000 2 3 5 6 2 2 1 3 2 2 2 2 5 1   1.100 900.000   0.000 3 1 4 0 0 1 0 0 0
4 2   0.000   0.000 2 4 3   0.000 1 3 5 6 2 2 2 3 2 1 2 2 5 2   0.600 610.000 761.000 3 1 4 0 0 0 0 1 0
10 2   0.000   0.000 2 1 2   0.000 2 3 4 6 2 2 2 3 2 2 2 2 5 1   4.000 500.000   0.000 3 1 4 0 0 1 0 0 0
9 2   0.000   0.000 2 1 3   0.000 1 3 2 6 2 2 2 3 2 2 2 2 5 2   1.200 609.900 4170.000 3 1 4 0 0 1 0 0 0
10 2   0.000  85.000 1 4 6   0.000 2 3 4 6 2 2 2 3 2 2 2 2 5 1   1.200 609.900   0.000 3 1 4 0 0 0 0 0 1
10 2   0.000   0.000 2 1 2   0.000 2 3 2 6 2 2 2 3 2 2 2 2 5 1   0.699 610.000   0.000 2 1 4 0 0 1 0 0 0
10 2   0.000   0.000 2 1 3   0.000 1 3 2 6 2 2 2 3 2 2 2 2 5 2   1.000 610.000 762.000 3 1 4 0 0 1 0 0 0
10 1   0.000   0.000 2 1 2   0.000 2 3 2 6 2 1 2 3 2 2 2 2 5 1   1.600 1320.000   0.000 3 1 4 0 0 1 0 0 0
10 2   0.000  45.000 2 1 6   0.000 2 3 1 6 2 2 2 3 2 2 2 2 5 2   0.599 520.000 4880.000 3 1 4 0 0 1 0 0 0
10 2   0.000  60.000 1 4 6   0.000 2 3 4 6 2 2 2 3 2 2 2 2 5 1   0.800 710.100   0.000 3 1 4 0 0 1 0 0 0
10 2   0.000   0.000 2 1 2   0.000 2 3 4 6 2 2 2 2 2 2 2 2 5 1   4.000 385.100   0.000 3 1 4 0 0 1 0 0 0
10 1   0.000   0.000 2 1 2   0.000 2 3 2 6 2 2 2 1 1 2 2 2 5 2   1.599 610.000 762.000 3 1 4 0 0 1 0 0 0
4 2   0.000   0.000 2 4 3   0.000 1 3 5 6 2 2 2 3 2 1 2 2 5 2   0.600 610.000 612.000 3 1 4 0 0 0 0 1 0
10 2   0.000   0.000 2 1 2   0.000 2 3 2 6 2 2 2 3 2 2 2 2 5 2   0.700 1320.100 4880.000 3 1 4 0 0 1 0 0 0
10 9   0.000   0.000 2 1 1   0.000 2 3 4 6 2 2 2 1 1 2 2 2 5 2   0.300 595.000 762.000 3 1 4 0 0 1 0 0 0
10 2   0.000   0.000 2 1 2   0.000 2 3 4 6 2 2 2 3 2 2 2 2 5 1   0.400 609.900   0.000 3 1 4 0 0 1 0 0 0
10 1   0.000   0.000 2 1 2   0.000 2 3 2 6 2 2 2 1 2 2 2 2 5 2   1.600 500.000 762.000 3 1 4 0 0 1 0 0 0
10 2   0.000   0.000 2 1 3   0.000 1 3 3 6 2 2 2 1 1 2 2 2 5 2   1.200 610.000 762.000 3 1 4 0 0 1 0 0 0
10 2   0.000   0.000 2 1 3   0.000 1 3 2 6 2 2 2 3 2 2 2 2 5 1   0.699 609.900   0.000 3 1 4 0 0 1 0 0 0
10 1   0.000   0.000 2 1 2   0.000 2 3 2 6 2 1 2 3 2 2 2 2 5 2   0.699 610.000 4880.000 1 1 4 0 0 1 0 0 0
10 2   0.000   0.000 2 1 2   0.000 2 3 3 6 2 1 2 3 1 2 2 2 5 2   0.999 610.000 762.000 3 1 4 0 0 1 0 0 0
10 2   0.000  45.000 2 1 6   0.000 2 3 1 6 2 2 2 3 2 2 2 2 5 2   1.600 1320.000 759.000 3 1 4 0 0 1 0 0 0
10 1   0.000   0.000 2 1 2   0.000 2 3 2 6 2 2 1 3 2 2 2 2 5 2   3.200 1300.000 4880.000 3 1 4 0 0 1 0 0 0
10 8   0.000   0.000 2 1 2   0.000 2 3 5 2 2 2 2 3 2 2 2 2 5 2   1.599 150.000 762.000 3 1 4 0 1 0 0 0 0
10 1   0.000   0.000 2 4 6 500.000 2 3 5 6 2 2 2 3 2 2 2 2 5 2   1.000 1100.000 762.000 3 1 4 0 0 1 0 0 0
4 9   0.000   0.000 2 2 1   0.000 2 3 5 6 2 2 2 3 2 2 2 2 5 2   0.500 609.900 3000.000 3 1 4 0 0 0 0 1 0
10 2   0.000   0.000 2 1 2   0.000 2 3 2 6 2 1 2 3 2 2 2 2 5 2   0.699 610.000 4880.000 1 1 4 0 0 1 0 0 0
10 1   0.000   0.000 2 1 2   0.000 2 3 2 6 2 2 2 1 1 2 2 2 5 2   0.400 1320.000 150.000 3 1 4 0 0 1 0 0 0
10 1   0.000   0.000 2 1 2   0.000 2 3 2 6 2 2 1 3 2 2 2 2 5 2   3.200 1300.000 762.000 3 1 4 0 0 1 0 0 0
10 1   0.000   0.000 2 1 3   0.000 2 3 2 6 2 2 2 3 2 2 2 2 5 1   0.800 609.900   0.000 3 1 4 0 0 1 0 0 0
10 1   0.000   0.000 2 1 3   0.000 2 3 2 6 2 2 2 3 2 2 2 2 5 2   0.601 610.000 4880.000 3 1 4 0 0 1 0 0 0
10 1   0.000   0.000 2 1 2   0.000 2 3 2 6 2 1 2 3 2 2 2 2 5 1   0.700 610.000   0.000 3 1 3 0 0 1 0 0 0
10 1   0.000   0.000 2 1 2   0.000 2 3 2 6 2 1 2 3 2 2 2 2 5 1   0.699 610.000   0.000 3 1 3 0 0 1 0 0 0
10 2   0.000   0.000 2 1 2   0.000 2 3 4 6 2 2 2 1 1 2 2 2 5 2   0.700 1300.000 4170.000 3 1 4 0 0 1 0 0 0
10 2   0.000   0.000 2 1 2   0.000 2 3 2 6 2 1 2 3 2 2 2 2 5 1   0.800 609.900   0.000 3 1 4 0 0 1 0 0 0
10 1   0.000   0.000 2 1 2   0.000 2 3 5 6 2 1 2 3 2 2 2 2 5 2   0.800 1500.000 4170.000 3 1 4 0 1 0 0 0 0
10 2   0.000  85.000 1 4 6   0.000 2 3 4 6 2 2 2 2 2 2 2 2 5 1   4.000 1000.000   0.000 3 3 4 0 0 0 0 0 1
10 9   0.000   0.000 2 1 1   0.000 2 3 4 6 2 2 2 3 2 2 2 2 5 1   0.300  20.000   0.000 3 1 4 0 0 1 0 0 0
10 2   0.000   0.000 2 1 2   0.000 2 3 2 6 2 1 2 3 1 2 2 2 5 2   0.300 1320.000 4880.000 1 1 4 0 0 1 0 0 0
9 2   0.000  50.000 1 4 6   0.000 2 3 2 6 2 1 2 3 2 2 2 2 5 1   0.600  20.000   0.000 3 1 4 0 0 1 0 0 0
10 2   0.000  50.000 1 4 6   0.000 2 3 4 6 2 2 1 3 2 2 2 2 5 1   0.600 610.000   0.000 3 1 4 0 0 1 0 0 0
10 2   0.000   0.000 2 1 2   0.000 2 3 3 6 2 1 2 3 2 2 2 2 5 2   0.600 610.000 4880.000 3 1 4 0 0 1 0 0 0
10 2   0.000   0.000 2 1 2   0.000 2 3 4 6 2 2 2 1 1 2 2 2 5 2   0.700 610.000 4880.000 3 1 4 0 0 1 0 0 0
10 4  55.000   0.000 2 4 6   0.000 2 3 5 6 2 2 2 2 2 2 2 2 5 1   2.300 900.000   0.000 3 2 4 0 0 1 0 0 0
10 1   0.000   0.000 2 1 3   0.000 2 3 2 6 2 2 2 3 2 2 2 2 5 2   0.601 609.000 4880.000 3 1 4 0 0 1 0 0 0
10 7   0.000   0.000 2 4 6 310.000 2 3 4 6 2 2 2 3 2 2 2 2 5 2   2.500 1274.900 762.000 3 1 4 0 0 1 0 0 0
10 4  55.000   0.000 2 4 6   0.000 2 3 5 6 2 2 2 3 2 2 2 2 5 1   1.000 900.000   0.000 3 1 4 0 0 1 0 0 0
10 1   0.000   0.000 2 1 2   0.000 2 3 2 6 2 2 2 1 2 2 2 2 5 1   0.799 1300.000   0.000 3 1 4 0 0 1 0 0 0
10 1   0.000   0.000 2 1 2   0.000 2 3 2 6 2 2 2 3 2 2 2 2 5 2   0.301 610.000 762.000 3 1 4 0 0 1 0 0 0
10 1   0.000   0.000 2 1 2   0.000 2 3 2 6 2 2 2 3 2 2 2 2 5 2   1.200 610.000 4170.000 3 1 4 0 0 1 0 0 0
10 2   0.000   0.000 2 1 2   0.000 2 3 2 6 2 2 2 3 2 2 2 2 4 1   0.699 610.000   0.000 2 1 4 0 0 1 0 0 0
10 1   0.000   0.000 2 1 2   0.000 2 3 2 6 2 1 2 3 2 2 2 2 5 2   1.601 610.000 762.000 3 1 4 0 0 1 0 0 0
10 2   0.000   0.000 2 1 2   0.000 2 3 3 6 2 1 2 1 1 2 2 2 5 2   0.600 1320.000 301.000 3 1 4 0 0 1 0 0 0
10 9   0.000   0.000 2 1 1   0.000 2 3 4 6 2 2 2 3 2 2 2 2 5 1   0.300 609.900   0.000 3 1 4 0 0 1 0 0 0
10 1   0.000   0.000 2 1 2   0.000 2 3 2 6 2 2 2 3 2 2 2 2 5 2   3.200 610.000 762.000 3 1 4 0 0 1 0 0 0
10 2   0.000   0.000 2 1 2   0.000 2 3 2 6 2 2 2 1 2 2 2 2 5 1   0.400 610.000   0.000 3 1 4 0 0 1 0 0 0
10 6   0.000   0.000 2 4 6 400.000 2 3 5 6 2 2 2 3 2 2 2 2 5 1   0.800 609.900   0.000 3 1 4 1 0 0 0 0 0
9 2   0.000  70.000 1 4 6   0.000 2 3 2 6 2 2 2 3 2 2 2 2 5 1   2.000 1250.000   0.000 3 1 4 0 0 1 0 0 0
10 2   0.000  70.000 1 4 6   0.000 2 3 4 6 2 2 2 3 2 2 2 2 5 1   0.800  50.000   0.000 3 1 4 0 0 1 0 0 0
10 8   0.000   0.000 2 1 2   0.000 2 3 5 2 2 2 2 3 2 2 2 2 5 2   0.800 1320.000   1.000 3 1 4 0 1 0 0 0 0
9 1   0.000   0.000 2 2 2   0.000 2 3 4 6 2 2 2 3 2 2 2 2 5 1   0.250  20.000   0.000 3 1 4 0 0 1 0 0 0
4 2   0.000   0.000 2 4 3   0.000 1 3 5 6 2 2 2 3 2 1 2 2 5 2   1.200 335.000 612.000 3 1 4 0 0 0 0 1 0
10 2   0.000   0.000 2 1 2   0.000 2 3 4 6 2 2 2 3 2 2 2 2 5 2   1.200 609.900 614.000 3 1 4 0 0 1 0 0 0
10 2   0.000   0.000 2 1 3   0.000 1 3 4 6 2 2 2 3 2 2 2 2 5 1   2.500 1320.000   0.000 3 1 4 0 0 1 0 0 0
10 2   0.000  45.000 2 1 6   0.000 2 3 1 6 2 2 2 1 2 2 2 2 5 1   1.600 610.000   0.000 3 1 4 0 0 1 0 0 0
10 2   4.000   0.000 1 4 6   0.000 2 3 4 6 2 2 2 3 2 2 2 2 5 1   1.000  25.000   0.000 3 1 4 0 0 1 0 0 0
10 2   0.000   0.000 2 1 2   0.000 2 3 3 6 2 1 2 1 2 2 2 2 5 2   0.600 520.000 4880.000 3 1 4 0 0 1 0 0 0
10 1   0.000   0.000 2 1 2   0.000 2 3 2 6 2 2 2 3 2 2 2 2 5 1   0.700 1220.000   0.000 3 1 4 0 0 1 0 0 0
10 1   0.000   0.000 2 1 2   0.000 2 3 2 6 2 2 2 1 1 2 2 2 5 2   3.200 610.000 1000.000 3 1 4 0 0 1 0 0 0
10 1   0.000   0.000 2 1 2   0.000 2 3 5 6 2 2 2 1 1 2 2 2 5 2   1.599 1300.000 762.000 3 1 4 0 1 0 0 0 0
10 2   0.000   0.000 2 1 3   0.000 1 3 3 6 2 2 2 1 1 2 2 2 5 2   0.600 610.000 762.000 3 1 4 0 0 1 0 0 0
9 2   0.000   0.000 2 1 5   0.000 1 3 2 6 2 2 2 3 2 2 2 2 5 1   1.000 609.900   0.000 3 1 4 0 0 1 0 0 0
10 9   0.000  70.000 1 4 6   0.000 2 3 4 6 2 2 2 3 2 2 2 2 5 1   0.799 609.000   0.000 3 1 4 0 0 1 0 0 0
10 5   0.000   0.000 2 4 6 350.000 2 3 4 6 2 2 2 3 2 2 2 2 5 1   1.600  50.000   0.000 3 1 4 0 0 1 0 0 0
10 1   0.000   0.000 2 1 2   0.000 2 3 2 6 2 2 1 2 2 2 2 2 5 1   3.500 610.000   0.000 3 3 4 0 0 1 0 0 0
4 2   0.000   0.000 2 4 3   0.000 1 3 5 6 2 2 2 1 2 2 2 2 5 2   1.600 610.000 4880.000 3 1 4 0 0 0 0 1 0
10 2   0.000  85.000 1 4 6   0.000 2 3 4 6 2 2 2 3 2 2 2 2 5 1   1.001  50.000   0.000 3 1 4 0 0 0 0 0 1
10 2   0.000   0.000 2 1 2   0.000 2 3 2 6 2 1 2 3 2 2 2 2 5 1   1.600 1320.000   0.000 3 1 4 0 0 1 0 0 0
10 2   0.000   0.000 2 1 2   0.000 2 3 2 6 2 2 2 3 2 2 2 2 5 1   0.600 609.900   0.000 3 1 4 0 0 1 0 0 0
10 1   0.000   0.000 2 1 2   0.000 2 3 2 6 2 2 2 3 2 2 2 2 5 2   0.699 610.000 4880.000 2 1 4 0 0 1 0 0 0
9 2   0.000   0.000 2 1 3   0.000 1 3 2 6 2 2 2 3 2 2 2 2 5 2   0.700 609.900 4170.000 3 1 4 0 0 1 0 0 0
10 1   6.000   0.000 1 4 6   0.000 2 3 5 6 2 2 2 3 2 2 2 2 5 1   0.500 610.000   0.000 3 1 4 0 0 1 0 0 0
10 1   0.000   0.000 2 1 2   0.000 2 3 2 6 2 1 2 1 2 2 2 2 5 2   0.700 1300.000 4880.000 3 1 4 0 0 1 0 0 0
4 9   0.000   0.000 2 2 1   0.000 2 3 5 6 2 2 2 3 2 1 2 2 5 1   0.600 250.000   0.000 3 1 4 0 0 0 0 1 0
10 1   0.000   0.000 2 1 3   0.000 2 3 2 6 2 2 2 3 2 2 2 2 5 2   1.600 609.900 612.000 3 1 4 0 0 1 0 0 0
10 5   0.000   0.000 2 4 6 350.000 2 3 4 6 2 2 2 3 2 2 2 2 5 1   1.600 609.900   0.000 3 1 4 0 0 1 0 0 0
4 2   0.000   0.000 2 4 3   0.000 1 3 5 6 2 2 2 3 2 2 2 2 5 1   0.799  20.000   0.000 3 1 4 0 0 0 0 1 0
4 2   0.000   0.000 2 4 3   0.000 1 3 5 6 2 2 2 3 2 1 2 2 5 2   0.600 610.000 4880.000 3 1 4 0 0 0 0 1 0
10 4  45.000   0.000 2 4 6   0.000 2 3 5 6 2 2 2 3 2 2 2 2 5 1   1.500 900.000   0.000 3 1 4 0 0 1 0 0 0
10 1   0.000   0.000 2 1 2   0.000 2 3 5 6 2 2 1 3 2 2 2 2 5 2   1.599 610.000 4880.000 3 1 4 0 1 0 0 0 0
10 1   0.000   0.000 2 1 2   0.000 2 3 5 6 2 2 2 3 2 2 2 2 5 2   0.800 610.000 4880.000 3 1 4 0 1 0 0 0 0
10 1   0.000   0.000 2 1 2   0.000 2 3 2 6 2 2 2 3 2 2 2 2 5 2   0.400 1320.000 4880.000 2 1 4 0 0 1 0 0 0
10 2   0.000   0.000 2 1 3   0.000 1 3 2 6 2 2 2 3 2 2 2 2 5 2   0.601 610.000 762.000 3 1 4 0 0 1 0 0 0
10 1   0.000   0.000 2 1 2   0.000 2 3 2 6 2 2 1 2 2 2 2 2 5 1   4.000 610.000   0.000 3 3 4 0 0 1 0 0 0
10 9   0.000   0.000 2 1 1   0.000 2 3 4 6 2 2 2 3 2 2 2 2 5 2   0.699   0.000 762.000 3 1 4 0 0 1 0 0 0
10 1   0.000   0.000 2 1 3   0.000 2 3 2 6 2 2 2 3 2 2 2 2 5 2   0.699 609.900 762.000 3 1 4 0 0 1 0 0 0
10 8   0.000   0.000 2 1 2   0.000 2 3 5 2 2 2 2 3 2 2 2 2 5 1   0.800  20.000   0.000 3 1 4 0 1 0 0 0 0
10 2   0.000  80.000 1 4 6   0.000 2 3 4 6 2 2 2 3 2 2 2 2 5 2   0.800 610.000 4170.000 1 1 4 0 0 0 0 0 1
10 2   0.000   0.000 2 1 2   0.000 2 3 3 6 2 1 2 3 2 2 2 2 5 2   0.999 610.000 762.000 3 1 4 0 0 1 0 0 0
10 2   0.000  45.000 2 1 6   0.000 2 3 1 6 2 2 2 1 2 2 2 2 5 2   1.600 610.000 4880.000 3 1 4 0 0 1 0 0 0
10 2   0.000  80.000 1 4 6   0.000 2 3 4 6 2 2 2 3 2 2 2 2 5 2   1.600 1320.000 4170.000 1 1 4 0 0 0 0 0 1
10 2   0.000   0.000 2 1 2   0.000 2 3 4 6 2 2 2 1 1 2 2 2 5 2   0.700 610.000 4170.000 3 1 4 0 0 1 0 0 0
10 4  65.000   0.000 2 4 6   0.000 2 3 5 6 2 2 2 3 2 2 2 2 5 1   1.000 610.000   0.000 3 1 4 0 0 1 0 0 0
10 9   0.000   0.000 2 1 1   0.000 2 3 4 6 2 2 2 1 1 2 2 2 5 2   0.699 1300.000 4880.000 3 1 4 0 0 1 0 0 0
4 2   0.000   0.000 2 4 3   0.000 1 3 5 6 2 2 2 3 2 1 2 2 5 1   0.600 250.000   0.000 3 1 4 0 0 0 0 1 0
10 1   0.000   0.000 2 1 3   0.000 2 3 2 6 2 2 2 3 2 2 2 2 5 2   0.600 609.000 4880.000 3 1 4 0 0 1 0 0 0
10 1   0.000   0.000 2 1 2   0.000 2 3 2 6 2 2 2 3 2 2 2 2 5 2   0.699 375.000 612.000 3 1 4 0 0 1 0 0 0
4 2   0.000   0.000 2 4 3   0.000 1 3 5 6 2 2 2 1 2 2 2 2 5 2   1.600 610.000 762.000 3 1 4 0 0 0 0 1 0
10 2   0.000  45.000 2 1 6   0.000 2 3 1 6 2 2 2 3 2 2 2 2 5 1   1.600 610.000   0.000 3 1 4 0 0 1 0 0 0
10 4  65.000   0.000 2 4 6   0.000 2 3 5 6 2 2 2 3 2 2 2 2 5 1   1.090 900.000   0.000 3 1 4 0 0 1 0 0 0
10 2   0.000   0.000 2 1 3   0.000 1 3 2 6 2 2 2 1 1 2 2 2 5 2   1.200 609.900 612.000 3 1 4 0 0 1 0 0 0
10 2   0.000  70.000 1 4 6   0.000 2 3 4 6 2 2 2 3 2 2 2 2 5 1   2.500 610.000   0.000 3 3 4 0 0 1 0 0 0
10 1   0.000   0.000 2 1 2   0.000 2 3 2 6 2 1 2 1 1 2 2 2 5 2   1.599 610.000 762.000 3 1 4 0 0 1 0 0 0
10 4  45.000   0.000 2 4 6   0.000 2 3 5 6 2 2 1 2 2 2 2 2 5 1   3.200 640.000   0.000 3 2 4 0 0 1 0 0 0
10 1   0.000   0.000 2 1 2   0.000 2 3 2 6 2 2 2 1 1 2 2 2 5 2   1.200 609.900 4170.000 3 1 4 0 0 1 0 0 0
10 1   0.000   0.000 2 1 3   0.000 2 3 5 6 2 2 2 3 2 2 2 2 5 2   0.800 1320.000 761.000 3 1 4 0 1 0 0 0 0
4 2   0.000   0.000 2 4 3   0.000 1 3 5 6 2 2 2 3 2 2 1 2 5 1   1.600 610.000   0.000 3 1 4 0 0 0 0 1 0
10 2   0.000  50.000 1 4 6   0.000 2 3 4 6 2 2 2 3 2 2 2 2 5 1   0.601 610.000   0.000 3 1 4 0 0 1 0 0 0
10 1   0.000   0.000 2 1 2   0.000 2 3 2 6 2 2 2 3 2 2 2 2 5 1   0.699 1320.000   0.000 3 1 4 0 0 1 0 0 0
10 2   0.000   0.000 2 1 2   0.000 2 3 4 6 2 2 2 3 2 2 2 2 5 1   0.300 610.000   0.000 3 1 4 0 0 1 0 0 0
10 2   0.000   0.000 2 1 2   0.000 2 3 4 6 2 2 2 1 2 2 2 2 5 1   0.799 1300.000   0.000 3 1 4 0 0 1 0 0 0
9 2   0.000  50.000 1 4 6   0.000 2 3 2 6 2 1 2 3 2 2 2 2 5 2   0.400 1220.000 762.000 3 1 4 0 0 1 0 0 0
10 7   0.000   0.000 2 4 6 310.000 2 3 4 6 2 1 2 3 2 2 2 2 5 2   2.500 1274.900 762.000 3 1 4 0 0 1 0 0 0
10 7   0.000   0.000 2 4 6 310.000 2 3 4 6 2 2 2 3 2 2 2 2 5 1   2.500 610.000   0.000 3 3 4 0 0 1 0 0 0
10 8   0.000   0.000 2 1 2   0.000 2 3 5 1 2 2 2 3 2 2 2 2 5 1   0.700 1320.000   0.000 3 1 4 0 0 1 0 0 0
10 2   0.000   0.000 2 1 2   0.000 2 3 2 6 2 2 2 3 2 2 2 2 5 2   0.699 610.000 762.000 2 1 4 0 0 1 0 0 0
10 4  45.000   0.000 2 4 6   0.000 2 3 5 6 2 2 2 3 2 2 2 2 5 1   0.600 900.000   0.000 3 1 4 0 0 1 0 0 0
10 2   0.000   0.000 2 1 2   0.000 2 3 2 6 2 1 2 3 2 2 2 2 5 1   0.699 1320.000   0.000 3 1 4 0 0 1 0 0 0
10 2   0.000  45.000 2 1 6   0.000 2 3 1 6 2 2 2 3 2 2 2 2 5 2   1.600 610.000 762.000 3 1 4 0 0 1 0 0 0
10 1   0.000   0.000 2 1 2   0.000 2 3 2 6 2 2 2 3 2 2 2 2 5 1   0.900 966.000   0.000 3 1 4 0 0 1 0 0 0
4 9   0.000   0.000 2 2 1   0.000 2 3 5 6 2 2 2 3 2 1 2 2 5 2   0.500 609.900 612.000 3 1 4 0 0 0 0 1 0
10 2   0.000   0.000 2 1 2   0.000 2 3 2 6 2 1 2 3 2 2 2 2 5 2   0.300 610.000 4880.000 1 1 4 0 0 1 0 0 0
10 6   0.000   0.000 2 4 6 400.000 2 3 5 6 2 2 2 3 2 2 2 2 5 1   0.800  75.000   0.000 3 1 4 1 0 0 0 0 0
10 2   0.000   0.000 2 1 2   0.000 2 3 4 6 2 2 2 3 2 2 2 2 5 1   0.699  20.000   0.000 3 1 4 0 0 1 0 0 0
10 1   0.000   0.000 2 2 3   0.000 2 3 4 6 2 2 2 3 2 2 2 2 5 2   0.700 1320.000 4880.000 3 1 4 0 0 1 0 0 0
10 9   0.000   0.000 2 1 1   0.000 2 3 4 6 2 2 2 3 2 2 2 2 5 1   0.700 610.000   0.000 3 1 4 0 0 1 0 0 0
10 2   0.000   0.000 2 1 2   0.000 2 3 2 6 2 2 2 3 2 2 2 2 5 1   3.200 1320.000   0.000 3 1 4 0 0 1 0 0 0
10 2   0.000   0.000 2 1 2   0.000 2 3 3 6 2 1 2 3 2 2 2 2 5 2   0.600 610.000 301.000 3 1 4 0 0 1 0 0 0
9 2   0.000   0.000 2 1 5   0.000 1 3 2 6 2 2 2 3 2 2 2 2 5 1   1.201  50.000   0.000 3 1 4 0 0 1 0 0 0
10 4  45.000   0.000 2 4 6   0.000 2 3 5 6 2 2 2 3 2 2 2 2 5 1   0.600 610.000   0.000 3 1 4 0 0 1 0 0 0
10 5   0.000   0.000 2 4 6 350.000 2 3 4 6 2 2 1 3 2 2 2 2 5 1   0.900 1320.000   0.000 3 1 4 0 0 1 0 0 0
10 4  55.000   0.000 2 4 6   0.000 2 3 5 6 2 2 2 2 2 2 2 2 5 1   2.200 900.000   0.000 3 1 4 0 0 1 0 0 0
10 8   0.000   0.000 2 1 2   0.000 2 3 5 1 2 2 2 3 2 2 2 2 5 1   0.699 609.900   0.000 3 1 4 0 0 1 0 0 0
10 2   0.000  45.000 2 1 6   0.000 2 3 1 6 2 2 2 1 2 2 2 2 5 2   0.300 610.000 4880.000 3 1 4 0 0 1 0 0 0
10 2   0.000  50.000 1 4 6   0.000 2 3 4 6 2 2 2 3 2 2 2 2 5 1   3.200 610.000   0.000 3 1 4 0 0 1 0 0 0
10 2   0.000  45.000 2 1 6   0.000 2 3 1 6 2 2 2 3 2 2 2 2 5 1   1.600 1320.000   0.000 3 1 4 0 0 1 0 0 0
10 2   0.000   0.000 2 1 2   0.000 2 3 4 6 2 2 2 3 2 2 2 2 5 2   0.400 610.000 762.000 2 1 4 0 0 1 0 0 0
9 2   0.000   0.000 2 1 3   0.000 1 3 2 6 2 2 2 3 2 2 2 2 5 1   0.799  20.000   0.000 3 1 4 0 0 1 0 0 0
10 9   0.000   0.000 1 1 2   0.000 2 3 5 6 2 2 2 3 2 2 2 2 5 1   3.200 610.000   0.000 3 1 4 0 0 1 0 0 0
10 9   0.000   0.000 2 2 2   0.000 2 3 4 6 2 2 2 3 2 2 2 2 5 1   0.700 1320.000   0.000 3 1 4 0 0 1 0 0 0
10 1   0.000   0.000 2 1 2   0.000 2 3 2 6 2 1 2 3 1 2 2 2 5 2   1.601 150.000 4880.000 3 1 4 0 0 1 0 0 0
10 2   0.000   0.000 2 1 2   0.000 2 3 3 6 2 2 2 3 2 2 2 2 5 2   0.700 1220.000 4880.000 3 1 4 0 0 1 0 0 0
4 2   0.000   0.000 2 4 3   0.000 1 3 5 6 2 2 2 3 2 1 2 2 5 2   1.600 610.000 4880.000 3 1 4 0 0 0 0 1 0
10 2   0.000   0.000 2 1 2   0.000 2 3 2 6 2 2 2 3 2 2 2 2 5 2   0.300 610.000 4880.000 1 1 4 0 0 1 0 0 0
10 2   0.000  60.000 1 4 6   0.000 2 3 4 6 2 2 1 3 2 2 2 2 5 1   0.600 610.000   0.000 3 1 4 0 0 1 0 0 0
10 1   0.000   0.000 2 1 2   0.000 2 3 2 6 2 2 2 3 2 2 2 2 5 1   3.200 609.900   0.000 3 1 4 0 0 1 0 0 0
10 2   0.000   0.000 2 1 2   0.000 2 3 3 6 2 1 2 3 2 2 2 2 5 2   0.699 1220.000 4880.000 3 1 4 0 0 1 0 0 0
10 2   0.000  45.000 2 1 6   0.000 2 3 1 6 2 2 2 1 1 2 2 2 5 2   1.600 1300.000 4880.000 3 1 4 0 0 1 0 0 0
10 2   0.000   0.000 2 1 2   0.000 2 3 3 6 2 1 2 3 1 2 2 2 5 2   0.700 610.000 762.000 3 1 4 0 0 1 0 0 0
10 1   0.000   0.000 2 1 3   0.000 2 3 5 6 2 2 2 3 2 2 2 2 5 2   0.800 610.000   1.000 3 1 4 0 1 0 0 0 0
9 2   0.000  50.000 1 4 6   0.000 2 3 2 6 2 2 2 1 2 2 2 2 5 2   0.451 1250.000 762.000 3 1 4 0 0 1 0 0 0
9 2   0.000  50.000 1 4 6   0.000 2 3 2 6 2 2 2 3 2 2 2 2 5 1   0.400 1320.000   0.000 3 1 4 0 0 1 0 0 0
10 9   0.000   0.000 2 1 1   0.000 2 3 4 6 2 2 2 3 2 2 2 2 5 2   0.300 1320.000 762.000 1 1 4 0 0 1 0 0 0
10 4  55.000   0.000 2 4 6   0.000 2 3 5 6 2 2 1 2 2 2 2 2 5 1   2.300 900.000   0.000 3 3 4 0 0 1 0 0 0
10 1   0.000   0.000 2 1 2   0.000 2 3 5 6 2 2 2 3 2 2 2 2 5 2   0.800 610.000 762.000 3 1 4 0 1 0 0 0 0
10 2   0.000  45.000 2 1 6   0.000 2 3 1 6 2 2 2 3 2 2 2 2 5 2   0.300 150.000 4880.000 3 1 4 0 0 1 0 0 0
9 1   0.000   0.000 2 1 3   0.000 2 3 2 6 2 2 2 3 2 2 2 2 5 1   1.600 1220.000   0.000 3 1 3 0 0 1 0 0 0
10 6  70.000   0.000 2 4 6   0.000 2 3 5 6 2 2 2 3 2 2 2 2 5 1   3.200 609.900   0.000 3 1 4 0 0 1 0 0 0
10 2   0.000   0.000 2 1 2   0.000 2 3 3 6 2 1 2 3 1 2 2 2 5 2   0.700 1220.000 762.000 3 1 4 0 0 1 0 0 0
4 2   0.000   0.000 2 4 3   0.000 1 3 5 6 2 2 2 1 2 2 2 2 5 2   0.600 610.000 4880.000 3 1 4 0 0 0 0 1 0
10 9   0.000  50.000 1 4 6   0.000 2 3 4 6 2 2 1 3 2 2 2 2 5 1   0.601 610.000   0.000 3 1 4 0 0 1 0 0 0
10 1   0.000   0.000 2 2 3   0.000 2 3 4 6 2 2 2 3 2 2 2 2 5 1   0.600 1320.000   0.000 3 1 4 0 0 1 0 0 0
10 2   0.000   0.000 2 1 2   0.000 2 3 2 6 2 2 2 1 2 2 2 2 5 1   0.699  20.000   0.000 3 1 4 0 0 1 0 0 0
10 5   0.000   0.000 2 4 6 350.000 2 3 4 6 2 2 1 3 2 2 2 2 5 1   1.399 1320.000   0.000 3 1 4 0 0 1 0 0 0
9 2   0.000   0.000 2 1 5   0.000 1 3 2 6 2 2 2 3 2 2 2 2 5 1   0.700  20.000   0.000 3 1 4 0 0 1 0 0 0
10 1   0.000   0.000 2 1 2   0.000 2 3 2 6 2 2 2 3 2 2 2 2 5 2   0.301 1220.000 4170.000 3 1 4 0 0 1 0 0 0
10 1   0.000   0.000 2 1 3   0.000 2 3 2 6 2 2 2 3 2 2 2 2 5 2   0.601 375.000 612.000 3 1 4 0 0 1 0 0 0
10 1   0.000   0.000 2 1 2   0.000 2 3 2 6 2 2 2 1 1 2 2 2 5 2   0.700 150.000 612.000 3 1 4 0 0 1 0 0 0
10 1   0.000   0.000 2 1 2   0.000 2 3 2 6 2 2 2 1 1 2 2 2 5 2   0.700 1300.000 762.000 3 1 4 0 0 1 0 0 0
4 9   0.000   0.000 2 2 1   0.000 2 3 5 6 2 2 2 3 2 2 2 2 5 1   0.800  50.000   0.000 3 1 4 0 0 0 0 1 0
10 1   0.000   0.000 2 1 2   0.000 2 3 2 6 2 1 2 3 2 2 2 2 5 2   3.200 1320.000 762.000 3 1 4 0 0 1 0 0 0
10 2   0.000   0.000 2 1 2   0.000 2 3 4 6 2 2 2 3 2 2 2 2 5 1   0.400  20.000   0.000 3 1 4 0 0 1 0 0 0
10 1   0.000   0.000 2 1 2   0.000 2 3 2 6 2 1 2 1 1 2 2 2 5 2   1.599 1300.000 762.000 3 1 4 0 0 1 0 0 0
10 9   0.000   0.000 2 2 2   0.000 2 3 4 6 2 2 2 3 2 2 2 2 5 2   0.301 610.000 762.000 1 1 4 0 0 1 0 0 0
10 1   0.000   0.000 2 1 2   0.000 2 3 2 6 2 2 2 3 2 2 2 2 5 1   3.200 610.000   0.000 3 1 3 0 0 1 0 0 0
10 4  45.000   0.000 2 4 6   0.000 2 3 5 6 2 2 2 2 2 2 2 2 5 1   3.200 900.000   0.000 3 1 4 0 0 1 0 0 0
10 2   0.000   0.000 2 1 3   0.000 1 3 2 6 2 2 2 3 2 2 2 2 5 2   1.000 1320.000 762.000 3 1 4 0 0 1 0 0 0
10 2   0.000  45.000 2 1 6   0.000 2 3 1 6 2 2 2 1 2 2 2 2 5 2   0.700 1300.000 762.000 3 1 4 0 0 1 0 0 0
10 2   0.000  45.000 2 1 6   0.000 2 3 1 6 2 2 2 3 2 2 2 2 5 1   0.301 610.000   0.000 3 1 4 0 0 1 0 0 0
10 1   0.000   0.000 2 1 2   0.000 2 3 2 6 2 2 2 3 2 2 2 2 5 1   1.200 610.000   0.000 3 1 4 0 0 1 0 0 0
10 9   0.000   0.000 2 4 6 500.000 2 1 5 6 2 2 2 3 2 2 2 2 1 2   2.000 609.900 301.000 3 1 4 0 1 0 0 0 0
10 2   0.000   0.000 2 1 2   0.000 2 3 2 6 2 2 2 3 2 2 2 2 5 2   0.700 1320.100 762.000 3 1 4 0 0 1 0 0 0
10 1   0.000   0.000 2 1 3   0.000 2 3 5 6 2 2 2 1 2 2 2 2 5 2   1.599 610.000 762.000 3 1 4 0 1 0 0 0 0
9 2   0.000   0.000 2 1 5   0.000 1 3 2 6 2 2 2 3 2 2 2 2 5 1   0.800  75.000   0.000 3 1 4 0 0 1 0 0 0
10 4  65.000   0.000 2 4 6   0.000 2 3 5 6 2 2 2 3 2 2 2 2 5 1   1.090 610.000   0.000 3 1 4 0 0 1 0 0 0
4 2   0.000   0.000 2 4 3   0.000 1 3 5 6 2 2 2 3 2 2 2 2 5 1   0.800  50.000   0.000 3 1 4 0 0 0 0 1 0
4 2   0.000   0.000 2 4 3   0.000 1 3 5 6 2 2 2 3 2 2 2 2 5 1   1.600 1220.000   0.000 3 1 4 0 0 0 0 1 0
10 1   0.000   0.000 2 1 2   0.000 2 3 2 6 2 2 2 3 2 2 2 2 5 2   1.200 609.900 4170.000 3 1 4 0 0 1 0 0 0
10 9   0.000   0.000 2 2 2   0.000 2 3 4 6 2 2 2 3 2 2 2 2 5 2   0.301 610.000 4880.000 1 1 4 0 0 1 0 0 0
10 9   0.000   0.000 2 4 6 500.000 2 1 5 6 2 2 2 3 2 2 2 2 5 2   1.600 610.000 762.000 3 1 4 0 1 0 0 0 0
10 2   0.000  85.000 1 4 6   0.000 2 3 4 6 2 2 2 2 2 2 2 2 5 1   4.000 610.000   0.000 3 2 4 0 0 0 0 0 1
10 5   0.000   0.000 2 4 6 600.000 2 3 4 6 2 2 1 3 2 2 2 2 5 2   1.299 1050.000 1220.000 3 1 4 0 1 0 0 0 0
10 2   0.000   0.000 2 1 3   0.000 1 3 2 6 2 2 1 3 2 2 2 2 5 1   1.001 610.000   0.000 3 1 4 0 0 1 0 0 0
10 1   0.000   0.000 2 1 2   0.000 2 3 5 6 2 2 2 3 2 2 2 2 5 1   1.599 609.900   0.000 3 1 4 0 1 0 0 0 0
10 1   0.000   0.000 2 1 3   0.000 2 3 2 6 2 2 2 3 2 2 2 2 5 2   0.601 610.000 762.000 3 1 4 0 0 1 0 0 0
10 1   0.000   0.000 2 1 2   0.000 2 3 2 6 2 2 2 3 2 2 2 2 5 2   0.699 610.000 762.000 2 1 4 0 0 1 0 0 0
10 9   0.000   0.000 2 4 6 500.000 2 1 5 6 2 2 2 3 2 2 2 2 1 2   2.000 300.100 301.000 3 1 4 0 1 0 0 0 0
10 1   0.000   0.000 2 1 2   0.000 2 3 2 6 2 1 2 3 2 2 2 2 5 2   1.600 609.900 762.000 3 1 4 0 0 1 0 0 0
10 9   0.000   0.000 2 4 6 500.000 2 1 5 6 2 2 2 3 2 2 2 2 1 2   1.600 300.100 301.000 3 1 4 0 1 0 0 0 0
10 1   0.000   0.000 2 1 2   0.000 2 3 2 6 2 1 2 3 2 2 2 2 5 2   1.601 1320.000 4880.000 3 1 4 0 0 1 0 0 0
10 2  10.000   0.000 2 4 6   0.000 2 3 2 6 2 2 2 3 2 2 2 2 5 1   1.201 1320.000   0.000 3 1 4 0 0 0 0 0 1
10 2  10.000   0.000 2 4 6   0.000 2 3 2 6 2 2 2 3 2 2 2 2 5 1   3.201 600.000   0.000 3 1 4 0 0 0 0 0 1
10 1   0.000   0.000 2 1 2   0.000 2 3 2 6 2 1 2 3 2 2 2 2 5 1   0.800 609.900   0.000 3 1 4 0 0 1 0 0 0
10 2   0.000  45.000 2 1 6   0.000 2 3 1 6 2 2 2 1 1 2 2 2 5 2   0.699 1220.000 761.000 3 1 4 0 0 1 0 0 0
10 9   0.000   0.000 2 2 2   0.000 2 3 4 6 2 2 2 3 2 2 2 2 5 1   3.200 1320.000   0.000 3 1 4 0 0 1 0 0 0
10 4  65.000   0.000 2 4 6   0.000 2 3 5 6 2 2 2 2 2 2 2 2 5 1   2.300 640.000   0.000 3 2 4 0 0 1 0 0 0
10 4  65.000   0.000 2 4 6   0.000 2 3 5 6 2 2 2 2 2 2 2 2 5 1   1.500 900.000   0.000 3 1 4 0 0 1 0 0 0
4 2   0.000   0.000 2 4 3   0.000 1 3 5 6 2 2 2 1 2 2 2 2 5 1   1.600 1220.000   0.000 3 1 4 0 0 0 0 1 0
10 2   0.000   0.000 2 1 2   0.000 2 3 2 6 2 2 2 1 2 2 2 2 5 1   0.699 1320.000   0.000 3 1 4 0 0 1 0 0 0
10 7   0.000   0.000 2 4 6 310.000 2 3 4 6 2 2 2 3 2 2 2 2 5 1   1.599 1275.000   0.000 3 1 4 0 0 1 0 0 0
4 2   0.000   0.000 2 4 3   0.000 1 3 5 6 2 2 2 3 2 2 2 2 5 1   0.600 249.900   0.000 3 1 4 0 0 0 0 1 0
10 2   0.000   0.000 2 1 2   0.000 2 3 3 6 2 1 2 3 2 2 2 2 5 2   0.699 1320.000 301.000 3 1 4 0 0 1 0 0 0
10 7   0.000   0.000 2 4 6 310.000 2 3 4 6 2 2 2 3 2 2 2 2 5 2   2.501 1275.000 4880.000 3 1 4 0 0 1 0 0 0
10 1   0.000   0.000 2 1 2   0.000 2 3 2 6 2 2 2 1 1 2 2 2 5 2   1.599 610.000 4170.000 3 1 4 0 0 1 0 0 0
10 9   0.000  70.000 1 4 6   0.000 2 3 4 6 2 2 2 3 2 2 2 2 5 1   0.800  50.000   0.000 3 1 4 0 0 1 0 0 0
10 9   0.000   0.000 2 1 1   0.000 2 3 4 6 2 2 2 3 2 2 2 2 5 2   0.300 1320.000 761.000 3 1 4 0 0 1 0 0 0
10 1   0.000   0.000 2 1 3   0.000 2 3 5 6 2 2 2 3 2 2 2 2 5 2   1.601 830.000 881.000 3 1 4 0 1 0 0 0 0
10 9   0.000   0.000 2 1 1   0.000 2 3 4 6 2 2 2 1 1 2 2 2 5 2   0.699 1300.000 762.000 3 1 4 0 0 1 0 0 0
10 9   0.000  50.000 1 4 6   0.000 2 3 4 6 2 2 2 3 2 2 2 2 5 1   0.601 1320.000   0.000 3 1 4 0 0 1 0 0 0
10 2   0.000   0.000 2 1 2   0.000 2 3 2 6 2 2 2 1 2 2 2 2 5 1   3.200  60.000   0.000 3 1 4 0 0 1 0 0 0
10 2   0.000  45.000 2 1 6   0.000 2 3 1 6 2 2 2 3 2 2 2 2 5 1   1.200 609.900   0.000 3 1 4 0 0 1 0 0 0
10 7   0.000   0.000 2 4 6 310.000 2 3 4 6 2 2 2 3 2 2 2 2 5 1   1.600 610.000   0.000 3 2 4 0 0 1 0 0 0
10 4  55.000   0.000 2 4 6   0.000 2 3 5 6 2 2 2 3 2 2 2 2 5 1   1.000 900.000   0.000 3 1 4 0 0 1 0 0 0
4 2   0.000   0.000 2 4 3   0.000 1 3 5 6 2 2 2 1 2 2 2 2 5 2   0.600 1220.000 4880.000 3 1 4 0 0 0 0 1 0
10 4  45.000   0.000 2 4 6   0.000 2 3 5 6 2 2 2 3 2 2 2 2 5 1   1.090 610.000   0.000 3 1 4 0 0 1 0 0 0
10 2   0.000   0.000 2 1 2   0.000 2 3 2 6 2 2 2 3 2 2 2 2 5 1   0.700 610.000   0.000 3 1 4 0 0 1 0 0 0
10 2   0.000   0.000 2 1 2   0.000 2 3 3 6 2 1 2 1 1 2 2 2 5 2   0.699 1320.000 761.000 3 1 4 0 0 1 0 0 0
10 1   0.000   0.000 2 1 3   0.000 2 3 2 6 2 2 2 3 2 2 2 2 5 1   1.000  75.000   0.000 3 1 4 0 0 1 0 0 0
10 1   0.000   0.000 2 1 2   0.000 2 3 2 6 2 2 2 2 2 2 2 2 5 1   3.201 385.100   0.000 3 1 4 0 0 1 0 0 0
10 4  65.000   0.000 2 4 6   0.000 2 3 5 6 2 2 2 3 2 2 2 2 5 1   0.800 900.000   0.000 3 1 4 0 0 1 0 0 0
10 1   0.000   0.000 2 1 3   0.000 2 3 5 6 2 2 2 3 2 2 2 2 5 2   1.600 831.900 881.000 3 1 4 0 1 0 0 0 0
10 9   0.000  70.000 1 4 6   0.000 2 3 4 6 2 2 2 2 2 2 2 2 5 1   2.801 1000.000   0.000 3 3 4 0 0 1 0 0 0
10 1   0.000   0.000 2 1 2   0.000 2 3 2 6 2 2 2 1 2 2 2 2 5 2   1.600 610.000 4170.000 3 1 4 0 0 1 0 0 0
10 9   0.000   0.000 2 2 2   0.000 2 3 4 6 2 2 2 3 2 2 2 2 5 2   0.301 1320.000 4880.000 1 1 4 0 0 1 0 0 0
10 2   0.000  60.000 1 4 6   0.000 2 3 4 6 2 2 2 2 2 2 2 2 5 1   2.801 355.000   0.000 3 1 4 0 0 1 0 0 0
10 2   0.000  45.000 2 1 6   0.000 2 3 1 6 2 2 2 3 2 2 2 2 5 1   0.700 1320.000   0.000 3 1 4 0 0 1 0 0 0
10 2   0.000   0.000 2 1 3   0.000 1 3 2 6 2 2 2 3 2 2 2 2 5 2   0.601 610.000 4880.000 3 1 4 0 0 1 0 0 0
10 2   0.000  70.000 1 4 6   0.000 2 3 4 6 2 2 2 1 2 2 2 2 5 1   0.800  50.000   0.000 3 1 4 0 0 1 0 0 0
10 2   0.000   0.000 2 1 2   0.000 2 3 4 6 2 1 2 1 2 2 2 2 5 1   0.699 1320.000   0.000 3 1 4 0 0 1 0 0 0
10 1   6.000   0.000 1 4 6   0.000 2 3 5 6 2 1 2 3 2 2 2 2 5 2   1.000 1320.000 762.000 3 1 4 0 0 1 0 0 0
4 2   0.000   0.000 2 4 3   0.000 1 3 5 6 2 2 2 3 2 1 2 2 5 1   0.600 609.900   0.000 3 1 4 0 0 0 0 1 0
10 4  55.000   0.000 2 4 6   0.000 2 3 5 6 2 2 2 2 2 2 2 2 5 1   2.300 900.000   0.000 3 2 4 0 0 1 0 0 0
10 2   0.000  45.000 2 1 6   0.000 2 3 1 6 2 2 2 3 2 2 2 2 5 1   0.699 1320.000   0.000 2 1 4 0 0 1 0 0 0
10 1   0.000   0.000 2 1 2   0.000 2 3 2 6 2 2 2 1 1 2 2 2 5 2   1.200 150.000 612.000 3 1 4 0 0 1 0 0 0
10 7   0.000   0.000 2 4 6 310.000 2 3 4 6 2 1 2 3 2 2 2 2 5 2   2.500 610.000 4880.000 3 1 4 0 0 1 0 0 0
9 2   0.000  85.000 1 4 6   0.000 2 3 2 6 2 2 1 3 2 2 2 2 5 2   1.000 610.000 762.000 3 1 4 0 0 0 0 0 1
10 2   0.000  45.000 2 1 6   0.000 2 3 1 6 2 2 2 3 2 2 2 2 5 2   0.700 610.000 759.000 3 1 4 0 0 1 0 0 0
10 9   0.000  50.000 1 4 6   0.000 2 3 4 6 2 2 2 3 2 2 2 2 5 1   0.600 610.000   0.000 3 1 4 0 0 1 0 0 0
10 2   0.000   0.000 2 1 2   0.000 2 3 2 6 2 1 2 3 2 2 2 2 5 1   1.600  60.000   0.000 3 1 4 0 0 1 0 0 0
10 8   0.000   0.000 2 1 2   0.000 2 3 5 1 2 2 2 3 2 2 2 2 5 1   0.800 609.900   0.000 3 1 4 0 0 1 0 0 0
10 6  70.000   0.000 2 4 6   0.000 2 3 5 6 2 2 2 2 2 2 2 2 5 2   2.500 610.000 762.000 3 1 4 0 0 1 0 0 0
10 2   0.000  50.000 1 4 6   0.000 2 3 4 6 2 2 1 3 2 2 2 2 5 1   0.600 1320.000   0.000 3 1 4 0 0 1 0 0 0
9 2   0.000   0.000 2 1 5   0.000 1 3 2 6 2 2 2 3 2 2 2 2 5 2   1.200 1250.000 4880.000 2 1 4 0 0 1 0 0 0
4 2   0.000   0.000 2 4 3   0.000 1 3 5 6 2 2 2 3 2 2 2 2 5 2   1.600 610.000 761.000 3 1 4 0 0 0 0 1 0
10 2   0.000  45.000 2 1 6   0.000 2 3 1 6 2 2 2 3 2 2 2 2 5 1   0.699 610.000   0.000 2 1 4 0 0 1 0 0 0
10 1   0.000   0.000 2 1 2   0.000 2 3 5 6 2 2 2 3 2 2 2 2 5 2   1.600 1500.000 4170.000 3 1 4 0 1 0 0 0 0
10 9   0.000   0.000 2 1 1   0.000 2 3 4 6 2 2 2 3 2 2 2 2 5 2   0.300 610.000 761.000 3 1 4 0 0 1 0 0 0
10 2   0.000  50.000 1 4 6   0.000 2 3 4 6 2 2 2 3 2 2 2 2 5 1   1.001  50.000   0.000 1 1 4 0 0 1 0 0 0
10 1   0.000   0.000 2 1 2   0.000 2 3 2 6 2 1 2 3 2 2 2 2 5 2   3.200 150.000 4880.000 3 1 4 0 0 1 0 0 0
10 9   0.000  50.000 1 4 6   0.000 2 3 4 6 2 2 1 3 2 2 2 2 5 1   3.200 1320.000   0.000 3 1 4 0 0 1 0 0 0
10 1   0.000   0.000 2 1 2   0.000 2 3 2 6 2 2 2 3 2 2 2 2 5 1   0.321 610.000   0.000 3 1 4 0 0 1 0 0 0
10 2   0.000  85.000 1 4 6   0.000 2 3 4 6 2 2 2 3 2 2 2 2 5 1   3.201 190.000   0.000 3 1 4 0 0 0 0 0 1
10 2   0.000   0.000 2 1 2   0.000 2 3 2 6 2 2 1 3 2 2 2 2 5 1   0.700 1320.000   0.000 3 1 4 0 0 1 0 0 0
10 2   0.000   0.000 2 1 2   0.000 2 3 2 6 2 2 2 3 2 2 2 2 5 1   0.700 610.000   0.000 3 1 3 0 0 1 0 0 0
10 2   0.000  45.000 2 1 6   0.000 2 3 2 6 2 2 2 3 2 2 2 2 5 1   0.700 610.000   0.000 3 1 4 0 0 1 0 0 0
10 6  70.000   0.000 2 4 6   0.000 2 3 5 6 2 2 2 2 2 2 2 2 5 2   2.500 610.000 4880.000 3 1 4 0 0 1 0 0 0
10 2   0.000   0.000 2 1 3   0.000 1 3 3 6 2 2 2 1 1 2 2 2 5 2   1.200 610.000 4170.000 3 1 4 0 0 1 0 0 0
10 2   0.000   0.000 2 1 3   0.000 1 3 2 6 2 2 2 3 2 2 2 2 5 1   0.600 610.000   0.000 3 1 4 0 0 1 0 0 0
10 4  55.000   0.000 2 4 6   0.000 2 3 5 6 2 2 2 3 2 2 2 2 5 1   0.800 900.000   0.000 3 1 4 0 0 1 0 0 0
10 2   0.000   0.000 2 1 2   0.000 2 3 3 6 2 1 2 1 2 2 2 2 5 2   0.600 520.000 762.000 3 1 4 0 0 1 0 0 0
9 2   0.000   0.000 2 1 3   0.000 1 3 2 6 2 2 2 3 2 2 2 2 5 1   1.600  50.000   0.000 3 1 4 0 0 1 0 0 0
10 2   0.000  45.000 2 1 6   0.000 2 3 1 6 2 2 2 1 2 2 2 2 5 1   0.699 1320.000   0.000 3 1 4 0 0 1 0 0 0
10 1   0.000   0.000 2 1 2   0.000 2 3 5 6 2 2 1 3 2 2 2 2 5 2   0.800 1300.000 4880.000 3 1 4 0 1 0 0 0 0
10 1   0.000   0.000 2 1 2   0.000 2 3 5 6 2 2 2 3 1 2 2 2 5 2   2.000 610.000 4170.000 3 1 4 0 1 0 0 0 0
10 1   0.000   0.000 2 1 2   0.000 2 3 2 6 2 2 2 3 2 2 2 2 5 1   0.400 610.000   0.000 3 1 4 0 0 1 0 0 0
10 9   0.000   0.000 2 1 1   0.000 2 3 4 6 2 2 2 1 1 2 2 2 5 2   0.300 595.000 4880.000 3 1 4 0 0 1 0 0 0
10 2   0.000   0.000 2 1 2   0.000 2 3 2 6 2 2 2 1 2 2 2 2 5 2   0.700 609.900 762.000 3 1 4 0 0 1 0 0 0
10 2   0.000  80.000 1 4 6   0.000 2 3 4 6 2 2 2 3 2 2 2 2 5 1   0.500  28.000   0.000 3 1 4 0 0 1 0 0 0
10 2   0.000   0.000 2 4 6 500.000 2 3 4 6 2 2 2 3 2 2 2 2 5 1   1.600 1320.000   0.000 3 1 4 0 0 1 0 0 0
10 1   0.000   0.000 2 1 2   0.000 2 3 2 6 2 2 2 3 2 2 2 2 5 2   0.700 1320.000 762.000 3 1 4 0 0 1 0 0 0
10 4  45.000   0.000 2 4 6   0.000 2 3 5 6 2 2 1 2 2 2 2 2 5 1   3.200 640.000   0.000 3 3 4 0 0 1 0 0 0
10 1   0.000   0.000 2 1 2   0.000 2 3 2 6 2 2 2 3 1 2 2 2 5 2   1.200 610.000 4170.000 3 1 4 0 0 1 0 0 0
4 9   0.000   0.000 2 2 1   0.000 2 3 5 6 2 2 2 3 2 2 2 2 5 2   1.600 609.900 612.000 3 1 4 0 0 0 0 1 0
10 2   0.000   0.000 2 1 2   0.000 2 3 2 6 2 2 2 3 2 2 2 2 5 2   0.700 1525.000 762.000 3 1 4 0 0 1 0 0 0
10 1   0.000   0.000 2 1 2   0.000 2 3 5 6 2 2 1 3 2 2 2 2 5 2   0.800 610.000 762.000 3 1 4 0 1 0 0 0 0
10 1   0.000   0.000 2 1 2   0.000 2 3 5 6 2 2 2 3 2 2 2 2 5 2   2.000 1500.000 612.000 3 1 4 0 1 0 0 0 0
10 9   0.000   0.000 2 4 6 500.000 2 1 5 6 2 2 2 3 2 2 2 2 5 2   1.600 609.900 4880.000 3 1 4 0 1 0 0 0 0
10 2   0.000  45.000 2 1 6   0.000 2 3 1 6 2 2 2 3 2 2 2 2 5 2   0.599 610.000 761.000 3 1 4 0 0 1 0 0 0
10 2   0.000   0.000 2 1 2   0.000 2 3 4 6 2 2 1 3 2 2 2 2 5 2   0.700 1300.000 4880.000 3 1 4 0 0 1 0 0 0
10 2   0.000  85.000 1 4 6   0.000 2 3 4 6 2 2 2 3 2 2 2 2 5 2   0.300 1220.000 4880.000 3 1 4 0 0 0 0 0 1
10 1   0.000   0.000 2 1 2   0.000 2 3 2 6 2 1 2 1 2 2 2 2 5 2   1.599 610.000 762.000 3 1 4 0 0 1 0 0 0
10 9   0.000   0.000 2 1 1   0.000 2 3 4 6 2 2 2 3 2 2 2 2 5 2   0.300 610.000 762.000 3 1 4 0 0 1 0 0 0
4 9   0.000   0.000 2 2 1   0.000 2 3 5 6 2 2 2 3 2 2 2 2 5 2   0.500 609.900 612.000 3 1 4 0 0 0 0 1 0
10 1   0.000   0.000 2 1 2   0.000 2 3 2 6 2 2 2 1 1 2 2 2 5 2   0.699 609.000 612.000 3 1 4 0 0 1 0 0 0
10 2   0.000  70.000 1 4 6   0.000 2 3 4 6 2 2 1 3 2 2 2 2 5 1   2.500 610.000   0.000 3 3 4 0 0 1 0 0 0
10 2   0.000   0.000 2 1 2   0.000 2 3 3 6 2 1 2 1 1 2 2 2 5 2   0.600 520.000   0.000 3 1 4 0 0 1 0 0 0
10 4  45.000   0.000 2 4 6   0.000 2 3 5 6 2 2 2 3 2 2 2 2 5 1   0.600 610.000   0.000 3 1 4 0 0 1 0 0 0
10 2   0.000  45.000 2 1 6   0.000 2 3 1 6 2 2 2 3 2 2 2 2 5 2   0.300 519.900 762.000 3 1 4 0 0 1 0 0 0
10 2   0.000   0.000 2 1 3   0.000 1 3 2 6 2 2 2 1 1 2 2 2 5 2   0.700 375.000 612.000 3 1 4 0 0 1 0 0 0
10 1   0.000   0.000 2 1 2   0.000 2 3 2 6 2 1 2 3 2 2 2 2 5 1   0.699 610.000   0.000 3 1 4 0 0 1 0 0 0
10 2   0.000   0.000 2 1 2   0.000 2 3 2 6 2 2 2 3 2 2 2 2 5 2   0.699 1320.000 762.000 1 1 4 0 0 1 0 0 0
10 9   0.000  70.000 1 4 6   0.000 2 3 4 6 2 2 2 3 2 2 2 2 5 1   0.799 609.900   0.000 3 1 4 0 0 1 0 0 0
10 4  55.000   0.000 2 4 6   0.000 2 3 5 6 2 2 2 2 2 2 2 2 5 1   3.200 900.000   0.000 3 3 4 0 0 1 0 0 0
9 2   0.000  85.000 1 4 6   0.000 2 3 2 6 2 2 1 3 2 2 2 2 5 2   0.400 1220.000   0.000 3 1 4 0 0 0 0 0 1
10 2   0.000   0.000 2 1 2   0.000 2 3 3 6 2 2 2 3 2 2 2 2 5 2   0.700 1220.000 762.000 3 1 4 0 0 1 0 0 0
10 9   0.000   0.000 2 4 6 500.000 2 1 5 6 2 2 2 3 2 2 2 2 1 2   2.000 609.900 4880.000 3 1 4 0 1 0 0 0 0
10 2   0.000  60.000 1 4 6   0.000 2 3 4 6 2 2 2 1 1 2 2 2 5 2   0.800 356.100 4880.000 3 1 4 0 0 1 0 0 0
9 2   0.000  50.000 1 4 6   0.000 2 3 2 6 2 1 2 3 2 2 2 2 5 1   0.300 610.000   0.000 3 1 4 0 0 1 0 0 0
4 9   0.000   0.000 2 2 1   0.000 2 3 5 6 2 2 2 3 2 1 2 2 5 2   0.500 335.000 3000.000 3 1 4 0 0 0 0 1 0
10 1   0.000   0.000 2 1 2   0.000 2 3 5 6 2 2 2 1 1 2 2 2 5 2   2.000 610.000 4170.000 3 1 4 0 1 0 0 0 0
9 2   0.000   0.000 2 1 3   0.000 1 3 2 6 2 2 2 3 2 2 2 2 5 2   0.700 335.000 612.000 3 1 4 0 0 1 0 0 0
10 4  45.000   0.000 2 4 6   0.000 2 3 5 6 2 2 1 2 2 2 2 2 5 1   2.200 900.000   0.000 3 1 4 0 0 1 0 0 0
10 9   0.000   0.000 2 1 1   0.000 2 3 4 6 2 2 2 3 2 2 2 2 5 2   0.300 610.000 762.000 1 1 4 0 0 1 0 0 0
10 1   0.000   0.000 2 1 2   0.000 2 3 2 6 2 2 2 3 2 2 2 2 5 1   0.901 966.100   0.000 3 1 4 0 0 1 0 0 0
10 1   0.000   0.000 2 1 2   0.000 2 3 2 6 2 2 2 3 2 2 2 2 5 1   0.400 1320.000   0.000 3 1 4 0 0 1 0 0 0
10 1   0.000   0.000 2 1 2   0.000 2 3 2 6 2 2 2 3 2 2 2 2 5 1   0.700 610.000   0.000 3 1 4 0 0 1 0 0 0
10 2   8.000   0.000 2 1 6   0.000 2 3 4 6 2 2 2 3 2 2 2 2 5 1   0.700 610.000   0.000 3 1 4 0 0 1 0 0 0
10 1   0.000   0.000 2 1 2   0.000 2 3 5 6 2 2 2 3 2 2 2 2 5 2   1.200 609.900 612.000 3 1 4 0 1 0 0 0 0
10 2   0.000  45.000 2 1 6   0.000 2 3 1 6 2 2 2 3 2 2 2 2 5 1   0.700 1320.000   0.000 3 1 4 0 0 1 0 0 0
10 1   0.000   0.000 2 1 2   0.000 2 3 5 6 2 2 1 3 2 2 2 2 5 2   0.800 1300.000 762.000 3 1 4 0 1 0 0 0 0
10 2   0.000  60.000 1 4 6   0.000 2 3 4 6 2 2 2 3 2 2 2 2 5 1   4.000  50.000   0.000 3 1 4 0 0 1 0 0 0
10 1   0.000   0.000 2 2 3   0.000 2 3 4 6 2 2 2 3 2 2 2 2 5 1   0.400  58.000   0.000 3 1 4 0 0 1 0 0 0
10 2   0.000   0.000 2 1 2   0.000 2 3 3 6 2 1 2 1 2 2 2 2 5 2   0.600 609.900 762.000 3 1 4 0 0 1 0 0 0
4 9   0.000   0.000 2 2 1   0.000 2 3 5 6 2 2 2 3 2 1 2 2 5 1   0.500 610.000   0.000 3 1 4 0 0 0 0 1 0
10 1   0.000   0.000 2 1 3   0.000 2 3 5 6 2 2 2 3 2 2 2 2 5 2   1.601 830.000 880.000 3 1 4 0 1 0 0 0 0
10 1   0.000   0.000 2 1 3   0.000 2 3 5 6 2 2 2 3 2 2 2 2 5 1   0.800  20.000   0.000 3 1 4 0 1 0 0 0 0
10 2   0.000   0.000 2 1 2   0.000 2 3 3 6 2 1 2 3 1 2 2 2 5 2   0.600 610.000 761.000 3 1 4 0 0 1 0 0 0
10 2   0.000   0.000 2 1 2   0.000 2 3 3 6 2 1 2 1 1 2 2 2 5 2   0.699 300.100 4880.000 3 1 4 0 0 1 0 0 0
4 2   0.000   0.000 2 4 3   0.000 1 3 5 6 2 2 2 3 2 2 2 2 5 1   1.600  50.000   0.000 3 1 4 0 0 0 0 1 0
10 2   0.000   0.000 2 1 2   0.000 2 3 4 6 2 1 2 1 1 2 2 2 5 2   1.599 1300.000 4880.000 3 1 4 0 0 1 0 0 0
10 2   0.000   0.000 2 1 3   0.000 1 3 2 6 2 2 2 1 1 2 2 2 5 2   0.700 609.900 612.000 3 1 4 0 0 1 0 0 0
10 2   0.000  85.000 1 4 6   0.000 2 3 4 6 2 2 2 3 2 2 2 2 5 1   3.200 610.000   0.000 1 1 4 0 0 0 0 0 1
4 2   0.000   0.000 2 4 3   0.000 1 3 5 6 2 2 2 3 2 1 2 2 5 2   0.600 609.900   1.000 3 1 4 0 0 0 0 1 0
4 9   0.000   0.000 2 2 1   0.000 2 3 5 6 2 2 2 3 2 2 2 2 5 1   0.500 250.000   0.000 3 1 4 0 0 0 0 1 0
10 9   0.000   0.000 2 4 6 500.000 2 1 5 6 2 2 2 3 2 2 2 2 5 2   2.000 300.100 301.000 3 1 4 0 1 0 0 0 0
10 2   0.000   0.000 2 1 2   0.000 2 3 2 6 2 2 2 1 2 2 2 2 5 2   1.600 150.000 762.000 3 1 4 0 0 1 0 0 0
10 2   0.000  45.000 2 1 6   0.000 2 3 1 6 2 2 2 3 2 2 2 2 5 2   0.700 1320.000 762.000 3 1 4 0 0 1 0 0 0
10 1   0.000   0.000 2 1 2   0.000 2 3 2 6 2 1 2 3 2 2 2 2 5 2   0.300 1320.000 762.000 1 1 4 0 0 1 0 0 0
10 2   0.000  60.000 1 4 6   0.000 2 3 4 6 2 2 2 3 2 2 2 2 5 1   0.799  20.000   0.000 3 1 4 0 0 1 0 0 0
10 5   0.000   0.000 2 4 6 600.000 2 3 4 6 2 2 2 3 2 2 2 2 5 1   1.300 1090.000   0.000 3 1 4 0 1 0 0 0 0
10 1   0.000   0.000 2 1 2   0.000 2 3 2 6 2 2 2 3 2 2 2 2 5 2   0.700 609.900 4170.000 3 1 4 0 0 1 0 0 0
10 4  65.000   0.000 2 4 6   0.000 2 3 5 6 2 2 2 3 2 2 2 2 5 1   1.100 610.000   0.000 3 1 4 0 0 1 0 0 0
10 1   0.000   0.000 2 1 2   0.000 2 3 2 6 2 2 2 3 2 2 2 2 5 2   0.699 610.000 4880.000 1 1 4 0 0 1 0 0 0
9 1   0.000   0.000 2 4 6 300.000 2 3 5 6 2 2 2 3 2 2 2 1 5 1   0.800 915.000   0.000 3 1 4 1 0 0 0 0 0
10 1   0.000   0.000 2 1 2   0.000 2 3 2 6 2 2 2 3 2 2 2 2 5 1   0.700 1320.000   0.000 3 1 4 0 0 1 0 0 0
10 2   0.000   0.000 2 1 2   0.000 2 3 4 6 2 2 2 3 2 2 2 2 5 1   0.699 609.900   0.000 3 1 4 0 0 1 0 0 0
10 2   0.000   0.000 2 1 2   0.000 2 3 2 6 1 1 2 3 2 2 2 2 5 1   1.600 606.900   0.000 3 1 4 0 0 1 0 0 0
10 7   0.000   0.000 2 4 6 310.000 2 3 4 6 2 2 2 3 2 2 2 2 5 2   1.600 1274.900 4880.000 3 1 4 0 0 1 0 0 0
10 1   0.000   0.000 2 1 2   0.000 2 3 2 6 2 2 2 3 2 2 2 2 5 1   3.200  50.000   0.000 3 1 4 0 0 1 0 0 0
4 9   0.000   0.000 2 2 1   0.000 2 3 5 6 2 2 2 3 2 1 2 2 5 1   1.600 610.000   0.000 3 1 4 0 0 0 0 1 0
10 9   0.000  50.000 1 4 6   0.000 2 3 4 6 2 2 2 3 2 2 2 2 5 1   0.451 1320.000   0.000 3 1 4 0 0 1 0 0 0
4 9   0.000   0.000 2 2 1   0.000 2 3 5 6 2 2 2 3 2 2 1 2 5 2   1.600 610.000 762.000 3 1 4 0 0 0 0 1 0
4 2   0.000   0.000 2 4 3   0.000 1 3 5 6 2 2 2 1 2 2 2 2 5 2   1.600 609.900 3000.000 3 1 4 0 0 0 0 1 0
10 2   8.000   0.000 2 1 6   0.000 2 3 4 6 2 2 2 3 2 2 2 2 5 1   0.699  20.000   0.000 3 1 4 0 0 1 0 0 0
10 2   0.000   0.000 2 1 2   0.000 2 3 2 6 2 2 1 3 2 2 2 2 5 1   0.700 610.000   0.000 3 1 4 0 0 1 0 0 0
10 1   0.000   0.000 2 1 2   0.000 2 3 2 6 2 1 2 1 2 2 2 2 5 2   0.700 1300.000 762.000 3 1 4 0 0 1 0 0 0
10 1   0.000   0.000 2 1 3   0.000 2 3 5 6 2 2 2 3 2 2 2 2 5 2   0.800 610.000 762.000 3 1 4 0 1 0 0 0 0
10 1   0.000   0.000 2 1 2   0.000 2 3 2 6 2 1 2 3 2 2 2 2 5 2   3.200 1320.000 4880.000 3 1 4 0 0 1 0 0 0
10 2   0.000  85.000 1 4 6   0.000 2 3 4 6 2 2 2 3 2 2 2 2 5 1   1.000  20.000   0.000 3 1 4 0 0 0 0 0 1
4 2   0.000   0.000 2 4 3   0.000 1 3 5 6 2 2 2 3 2 1 2 2 5 2   1.600 1220.000 761.000 3 1 4 0 0 0 0 1 0
10 1   0.000   0.000 2 1 2   0.000 2 3 5 6 2 2 2 3 1 2 2 2 5 2   1.600 610.000 612.000 3 1 4 0 1 0 0 0 0
10 1   0.000   0.000 2 1 2   0.000 2 3 2 6 2 2 2 1 2 2 2 2 5 1   0.400 609.900   0.000 3 1 4 0 0 1 0 0 0
10 5   0.000   0.000 2 4 6 600.000 2 3 4 6 2 2 2 3 2 2 2 2 5 2   0.900 1050.000 1220.000 3 1 4 0 1 0 0 0 0
10 2   0.000   0.000 2 1 2   0.000 2 3 2 6 2 2 2 3 2 2 2 2 5 1   1.600 610.000   0.000 3 1 3 0 0 1 0 0 0
4 2   0.000   0.000 2 4 3   0.000 1 3 5 6 2 2 2 3 2 2 1 2 5 2   1.600 1220.000 762.000 3 1 4 0 0 0 0 1 0
10 2   0.000  70.000 1 4 6   0.000 2 3 4 6 2 2 2 1 2 2 2 2 5 1   2.500 609.900   0.000 3 1 4 0 0 1 0 0 0
10 2   0.000   0.000 2 1 2   0.000 2 3 3 6 2 1 2 3 2 2 2 2 5 2   0.600 300.100 4880.000 3 1 4 0 0 1 0 0 0
10 1   0.000   0.000 2 1 3   0.000 2 3 2 6 2 2 2 3 2 2 2 2 5 2   0.600 610.000 4880.000 3 1 4 0 0 1 0 0 0
10 1   0.000   0.000 2 1 2   0.000 2 3 2 6 2 2 1 3 2 2 2 2 5 1   0.400 610.000   0.000 3 1 4 0 0 1 0 0 0
10 1   0.000   0.000 2 1 2   0.000 2 3 5 6 2 1 2 3 2 2 2 2 5 2   2.000 1500.000 4170.000 3 1 4 0 1 0 0 0 0
10 4  45.000   0.000 2 4 6   0.000 2 3 5 6 2 2 2 3 2 2 2 2 5 1   1.500 640.000   0.000 3 1 4 0 0 1 0 0 0
10 9   0.000   0.000 1 1 2   0.000 2 3 5 6 2 2 2 3 2 2 2 2 5 1   0.700 1320.000   0.000 3 1 4 0 0 1 0 0 0
10 9   0.000  45.000 2 1 6   0.000 2 3 2 6 2 2 2 3 2 2 2 2 5 2   0.700 1320.000 762.000 3 1 4 0 0 1 0 0 0
10 1   6.000   0.000 1 4 6   0.000 2 3 5 6 2 2 2 3 2 2 2 2 5 2   1.000 610.000 762.000 3 1 4 0 0 1 0 0 0
10 2   0.000   0.000 2 1 3   0.000 1 3 2 6 2 2 2 3 2 2 2 2 5 1   0.601 610.000   0.000 3 1 4 0 0 1 0 0 0
10 1   0.000   0.000 2 1 2   0.000 2 3 2 6 2 2 2 3 2 2 2 2 5 2   3.200 1320.000 762.000 3 1 4 0 0 1 0 0 0
9 2   0.000  50.000 1 4 6   0.000 2 3 2 6 2 1 2 3 2 2 2 2 5 1   1.600 1250.000   0.000 3 1 4 0 0 1 0 0 0
10 2   0.000   0.000 2 1 2   0.000 2 3 2 6 2 1 2 3 2 2 2 2 5 2   0.700 610.000 4880.000 3 1 4 0 0 1 0 0 0
10 2   0.000   0.000 2 1 3   0.000 1 3 3 6 2 2 2 3 2 2 2 2 5 2   0.750 1320.000 4880.000 3 1 4 0 0 1 0 0 0
4 2   0.000   0.000 2 4 3   0.000 1 3 5 6 2 2 2 3 2 2 1 2 5 2   0.500 610.000 762.000 3 1 4 0 0 0 0 1 0
4 2   0.000   0.000 2 4 3   0.000 1 3 5 6 2 2 2 3 2 1 2 2 5 2   1.200 609.900   1.000 3 1 4 0 0 0 0 1 0
10 4  65.000   0.000 2 4 6   0.000 2 3 5 6 2 2 1 2 2 2 2 2 5 1   1.500 640.000   0.000 3 1 4 0 0 1 0 0 0
10 2   0.000   0.000 2 1 3   0.000 1 3 4 6 2 2 2 3 2 2 2 2 5 1   1.000 1320.000   0.000 3 1 4 0 0 1 0 0 0
10 1   0.000   0.000 2 1 2   0.000 2 3 2 6 2 1 2 3 2 2 2 2 5 2   3.200 610.000 4880.000 3 1 4 0 0 1 0 0 0
10 2   0.000   0.000 2 1 2   0.000 2 3 2 6 2 2 2 3 2 2 2 2 5 2   0.300 1320.000 4880.000 1 1 4 0 0 1 0 0 0
9 2   0.000  50.000 1 4 6   0.000 2 3 2 6 2 2 2 3 2 2 2 2 5 1   0.600 1250.000   0.000 3 1 4 0 0 1 0 0 0
10 9   0.000   0.000 2 1 1   0.000 2 3 4 6 2 2 2 3 2 2 2 2 5 2   0.699 1300.000 4880.000 3 1 4 0 0 1 0 0 0
9 2   0.000  85.000 1 4 6   0.000 2 3 2 6 2 2 1 3 2 2 2 2 5 2   0.400 1220.000 762.000 3 1 4 0 0 0 0 0 1
10 2   0.000  45.000 2 1 6   0.000 2 3 1 6 2 2 2 3 2 2 2 2 5 2   0.300 610.000 761.000 3 1 4 0 0 1 0 0 0
10 4  55.000   0.000 2 4 6   0.000 2 3 5 6 2 2 2 3 2 2 2 2 5 1   0.800 610.000   0.000 3 1 4 0 0 1 0 0 0
10 1   0.000   0.000 2 1 2   0.000 2 3 5 6 2 1 2 3 2 2 2 2 5 2   0.800 1320.000 762.000 3 1 4 0 1 0 0 0 0
9 2   0.000   0.000 2 1 5   0.000 1 3 2 6 2 2 2 3 2 2 2 2 5 1   1.200 610.000   0.000 3 1 4 0 0 1 0 0 0
10 9   0.000   0.000 2 1 1   0.000 2 3 4 6 2 2 2 1 1 2 2 2 5 2   0.300 1300.000 762.000 3 1 4 0 0 1 0 0 0
10 1   0.000   0.000 2 1 2   0.000 2 3 2 6 2 2 2 1 1 2 2 2 5 2   1.599 1300.000 762.000 3 1 4 0 0 1 0 0 0
10 1   0.000   0.000 2 1 2   0.000 2 3 2 6 2 2 2 1 2 2 2 2 5 1   0.699 610.000   0.000 3 1 4 0 0 1 0 0 0
10 2   0.000   0.000 2 1 2   0.000 2 3 4 6 2 2 2 3 2 2 2 2 5 2   0.400 1320.000 4880.000 2 1 4 0 0 1 0 0 0
10 1   0.000   0.000 2 1 3   0.000 2 3 5 6 2 2 2 3 2 2 2 2 5 2   2.000 1525.000 612.000 3 1 4 0 1 0 0 0 0
10 1   0.000   0.000 2 1 2   0.000 2 3 2 6 2 2 2 1 2 2 2 2 5 1   0.700 1220.000   0.000 3 1 4 0 0 1 0 0 0
10 2   0.000  45.000 2 1 6   0.000 2 3 1 6 2 2 2 3 2 2 2 2 5 1   1.600 610.000   0.000 3 1 4 0 0 1 0 0 0
10 2   0.000   0.000 2 1 2   0.000 2 3 2 6 2 2 2 3 2 2 2 2 5 1   0.700  20.000   0.000 3 1 4 0 0 1 0 0 0
9 2   0.000   0.000 2 1 5   0.000 1 3 2 6 2 2 2 3 2 2 2 2 5 2   1.200 1250.000 762.000 3 1 4 0 0 1 0 0 0
10 2   0.000  60.000 1 4 6   0.000 2 3 4 6 2 2 2 1 1 2 2 2 5 2   0.801 255.000 269.000 3 1 4 0 0 1 0 0 0
10 2   0.000   0.000 2 1 2   0.000 2 3 2 6 2 2 1 3 2 2 2 2 5 1   0.699 1320.000   0.000 3 1 4 0 0 1 0 0 0
10 1   0.000   0.000 2 4 6 500.000 2 3 5 6 2 2 2 3 2 2 2 2 5 1   1.600 609.900   0.000 3 1 4 0 0 1 0 0 0
10 2   0.000   0.000 2 1 2   0.000 2 3 4 6 2 2 2 3 2 2 2 2 5 2   0.400 1320.000 762.000 2 1 4 0 0 1 0 0 0
10 2   0.000   0.000 2 1 3   0.000 1 3 3 6 2 2 2 3 2 2 2 2 5 2   0.750 610.000 4880.000 3 1 4 0 0 1 0 0 0
10 1   0.000   0.000 2 1 2   0.000 2 3 2 6 2 2 2 3 2 2 2 2 5 2   3.200 610.000 762.000 3 1 4 0 0 1 0 0 0
10 2   0.000   0.000 2 1 3   0.000 1 3 2 6 2 2 2 3 2 2 2 2 5 2   1.000 610.000 4880.000 3 1 4 0 0 1 0 0 0
10 2   0.000  45.000 2 1 6   0.000 2 3 1 6 2 2 2 3 2 2 2 2 5 2   0.599 1320.000 761.000 3 1 4 0 0 1 0 0 0
10 2   0.000   0.000 2 1 2   0.000 2 3 2 6 2 2 2 3 2 2 2 2 5 1   0.400 609.900   0.000 3 1 4 0 0 1 0 0 0
4 2   0.000   0.000 2 4 3   0.000 1 3 5 6 2 2 2 3 2 1 2 2 5 2   0.600 335.000 611.000 3 1 4 0 0 0 0 1 0
10 2   0.000   0.000 2 4 6 500.000 2 3 4 6 2 2 2 3 2 2 2 2 5 1   1.600 1320.000   0.000 3 1 4 0 0 1 0 0 0
10 2   0.000  60.000 1 4 6   0.000 2 3 4 6 2 2 2 3 2 2 2 2 5 1   0.800  50.000   0.000 3 1 4 0 0 1 0 0 0
10 2   0.000   0.000 2 1 2   0.000 2 3 4 6 2 2 2 3 1 2 2 2 5 2   1.601 1300.000 762.000 3 1 4 0 0 1 0 0 0
10 1   0.000   0.000 2 1 2   0.000 2 3 2 6 2 2 2 3 1 2 2 2 5 2   0.700 1320.000 762.000 3 1 4 0 0 1 0 0 0
10 1   0.000   0.000 2 1 2   0.000 2 3 5 6 2 2 2 3 2 2 2 2 5 1   1.600  50.000   0.000 3 1 4 0 1 0 0 0 0
10 2   0.000  45.000 2 1 6   0.000 2 3 1 6 2 1 2 3 2 2 2 2 5 2   0.699 1320.000 760.000 2 1 4 0 0 1 0 0 0
10 1   0.000   0.000 2 1 3   0.000 2 3 5 6 2 2 2 3 2 2 2 2 5 2   1.599 610.000 761.000 3 1 4 0 1 0 0 0 0
10 1   0.000   0.000 2 1 2   0.000 2 3 5 6 2 2 2 1 1 2 2 2 5 2   0.800 610.000 4880.000 3 1 4 0 1 0 0 0 0
10 1   0.000   0.000 2 1 2   0.000 2 3 2 6 2 1 2 3 2 2 2 2 5 2   3.200 150.000 762.000 3 1 4 0 0 1 0 0 0
10 2   0.000   0.000 2 1 2   0.000 2 3 4 6 2 1 2 1 1 2 2 2 5 2   0.700 610.000 762.000 3 1 4 0 0 1 0 0 0
10 4  55.000   0.000 2 4 6   0.000 2 3 5 6 2 2 1 2 2 2 2 2 5 1   1.500 640.000   0.000 3 1 4 0 0 1 0 0 0
10 2   0.000   0.000 2 1 2   0.000 2 3 3 6 2 2 2 3 2 2 2 2 5 2   0.999 610.000 762.000 3 1 4 0 0 1 0 0 0
10 1   0.000   0.000 2 1 2   0.000 2 3 2 6 2 2 2 3 2 2 2 2 5 1   3.200 1320.000   0.000 3 1 4 0 0 1 0 0 0
9 2   0.000  50.000 1 4 6   0.000 2 3 2 6 2 2 2 3 2 2 2 2 5 1   0.700 610.000   0.000 3 1 4 0 0 1 0 0 0
10 2   0.000  85.000 1 4 6   0.000 2 3 4 6 2 2 2 3 2 2 2 2 5 1   1.201 610.000   0.000 1 1 4 0 0 0 0 0 1
10 5   0.000   0.000 2 4 6 350.000 2 3 4 6 2 2 1 2 2 2 2 2 5 1   1.400 1310.000   0.000 3 1 4 0 0 1 0 0 0
9 2   0.000   0.000 2 1 5   0.000 1 3 2 6 2 2 2 3 2 2 2 2 5 1   0.700 609.900   0.000 3 1 4 0 0 1 0 0 0
10 1   0.000   0.000 2 1 3   0.000 2 3 5 6 2 2 2 1 1 2 2 2 5 2   0.800 1320.000 4880.000 3 1 4 0 1 0 0 0 0
4 2   0.000   0.000 2 4 3   0.000 1 3 5 6 2 2 2 3 2 1 2 2 5 1   0.800  50.000   0.000 3 1 4 0 0 0 0 1 0
10 2   0.000  45.000 2 1 6   0.000 2 3 1 6 2 2 2 1 2 2 2 2 5 2   0.300 610.000 762.000 3 1 4 0 0 1 0 0 0
10 2   0.000   0.000 2 1 2   0.000 2 3 2 6 2 2 2 3 2 2 2 2 5 2   0.300 1320.000 762.000 1 1 4 0 0 1 0 0 0
10 2   0.000   0.000 2 1 2   0.000 2 3 3 6 2 1 2 3 2 2 2 2 5 2   0.600 300.100 762.000 3 1 4 0 0 1 0 0 0
10 6   0.000   0.000 2 4 6 400.000 2 3 5 6 2 2 2 3 2 2 2 2 3 1   0.800  75.000   0.000 3 1 4 1 0 0 0 0 0
10 4  65.000   0.000 2 4 6   0.000 2 3 5 6 2 2 2 3 2 2 2 2 5 1   0.600 900.000   0.000 3 1 4 0 0 1 0 0 0
10 2   0.000   0.000 2 1 2   0.000 2 3 3 6 2 1 2 3 2 2 2 2 5 2   0.600 610.000 762.000 3 1 4 0 0 1 0 0 0
10 2   0.000  85.000 1 4 6   0.000 2 3 4 6 2 2 2 3 2 2 2 2 5 1   4.000 450.000   0.000 3 1 4 0 0 0 0 0 1
10 9   0.000   0.000 2 1 1   0.000 2 3 4 6 2 2 2 3 2 2 2 2 5 1   0.400 609.900   0.000 3 1 4 0 0 1 0 0 0
10 5   0.000   0.000 2 4 6 350.000 2 3 4 6 2 2 1 2 2 2 2 2 5 1   1.600 610.000   0.000 3 1 4 0 0 1 0 0 0
10 1   0.000   0.000 2 1 2   0.000 2 3 2 6 2 2 2 1 1 2 2 2 5 2   0.699 1320.000 761.000 3 1 4 0 0 1 0 0 0
10 9   0.000  50.000 1 4 6   0.000 2 3 4 6 2 2 2 3 2 2 2 2 5 1   1.201 610.000   0.000 3 1 4 0 0 1 0 0 0
10 2   0.000  45.000 2 1 6   0.000 2 3 1 6 2 2 2 1 2 2 2 2 5 1   0.699 610.000   0.000 3 1 4 0 0 1 0 0 0
10 1   0.000   0.000 2 1 2   0.000 2 3 2 6 2 2 2 1 1 2 2 2 5 2   0.400 1320.000 761.000 3 1 4 0 0 1 0 0 0
10 1   0.000   0.000 2 1 2   0.000 2 3 2 6 2 2 2 1 1 2 2 2 5 2   1.200 1320.000 611.000 3 1 4 0 0 1 0 0 0
10 9   0.000   0.000 2 2 2   0.000 2 3 4 6 2 2 2 3 2 2 2 2 5 2   0.700 1320.000 4880.000 3 1 4 0 0 1 0 0 0
10 2   0.000   0.000 2 1 2   0.000 2 3 3 6 2 1 2 1 2 2 2 2 5 2   0.600 610.000 4880.000 3 1 4 0 0 1 0 0 0
10 1   0.000   0.000 2 1 2   0.000 2 3 5 6 2 2 2 3 1 2 2 2 5 2   0.800 1320.000 4880.000 3 1 4 0 1 0 0 0 0
10 9   0.000   0.000 2 1 1   0.000 2 3 4 6 2 2 2 3 2 2 2 2 5 2   0.400 610.000 762.000 3 1 4 0 0 1 0 0 0
10 2   0.000   0.000 2 1 3   0.000 1 3 2 6 2 2 2 3 2 2 2 2 5 1   1.201  75.000   0.000 3 1 4 0 0 1 0 0 0
10 2   0.000  50.000 1 4 6   0.000 2 3 4 6 2 2 2 3 2 2 2 2 5 1   0.800 609.900   0.000 3 1 4 0 0 1 0 0 0
10 1   0.000   0.000 2 1 2   0.000 2 3 5 6 2 2 2 3 1 2 2 2 5 2   2.000 610.000 612.000 3 1 4 0 1 0 0 0 0
10 2   0.000   0.000 2 1 2   0.000 2 3 2 6 2 2 2 3 1 2 2 2 5 2   0.300 610.000 762.000 1 1 4 0 0 1 0 0 0
10 4  55.000   0.000 2 4 6   0.000 2 3 5 6 2 2 2 2 2 2 2 2 5 1   2.300 640.000   0.000 3 3 4 0 0 1 0 0 0
10 2   0.000   0.000 2 1 2   0.000 2 3 2 6 2 2 2 3 2 2 2 2 5 1   3.201 609.900   0.000 3 1 4 0 0 1 0 0 0
10 2   0.000   0.000 2 1 2   0.000 2 3 2 6 2 2 2 1 2 2 2 2 5 2   0.700 609.900 4880.000 3 1 4 0 0 1 0 0 0
10 2   0.000   0.000 2 1 2   0.000 2 3 2 6 2 2 2 3 2 2 2 2 5 1   1.600 610.000   0.000 3 1 2 0 0 1 0 0 0
10 1   0.000   0.000 2 1 3   0.000 2 3 5 6 2 2 2 3 2 2 2 2 5 2   1.601 831.900 881.000 3 1 4 0 1 0 0 0 0
4 9   0.000   0.000 2 2 1   0.000 2 3 5 6 2 2 2 3 2 1 2 2 5 1   0.800 250.000   0.000 3 1 4 0 0 0 0 1 0
10 1   0.000   0.000 2 1 2   0.000 2 3 2 6 2 2 2 1 1 2 2 2 5 2   0.700 609.900 4170.000 3 1 4 0 0 1 0 0 0
10 8   0.000   0.000 2 1 2   0.000 2 3 5 2 2 2 2 3 2 2 2 2 5 1   1.201 1525.000   0.000 3 1 4 0 1 0 0 0 0
10 2   0.000  60.000 1 4 6   0.000 2 3 4 6 2 2 2 1 1 2 2 2 5 2   0.801 255.100 269.000 3 1 4 0 0 1 0 0 0
4 2   0.000   0.000 2 4 3   0.000 1 3 5 6 2 2 2 3 2 2 2 2 5 2   1.600 610.000 762.000 3 1 4 0 0 0 0 1 0
10 2   0.000  45.000 2 1 6   0.000 2 3 1 6 2 2 2 3 2 2 2 2 5 1   0.699 610.000   0.000 3 1 4 0 0 1 0 0 0
4 2   0.000   0.000 2 4 3   0.000 1 3 5 6 2 2 2 3 2 1 2 2 5 1   0.600  50.000   0.000 3 1 4 0 0 0 0 1 0
9 2   0.000  50.000 1 4 6   0.000 2 3 2 6 2 2 2 3 2 2 2 2 5 1   0.600 610.000   0.000 3 1 4 0 0 1 0 0 0
10 2   0.000   0.000 2 1 2   0.000 2 3 3 6 2 1 2 3 2 2 2 2 5 2   0.699 610.000 400.000 3 1 4 0 0 1 0 0 0
10 2   0.000  45.000 2 1 6   0.000 2 3 1 6 2 1 2 3 2 2 2 2 5 2   0.699 610.000 4880.000 2 1 4 0 0 1 0 0 0
10 1   0.000   0.000 2 1 2   0.000 2 3 2 6 2 2 2 3 2 2 2 2 5 2   0.699 1320.000 761.000 3 1 4 0 0 1 0 0 0
4 2   0.000   0.000 2 4 3   0.000 1 3 5 6 2 2 2 3 2 2 2 2 5 2   1.600 335.000 3000.000 3 1 4 0 0 0 0 1 0
4 2   0.000   0.000 2 4 3   0.000 1 3 5 6 2 2 2 3 2 1 2 2 5 2   0.600 1220.000 761.000 3 1 4 0 0 0 0 1 0
10 9   0.000   0.000 2 1 1   0.000 2 3 4 6 2 2 2 3 2 2 2 2 5 2   0.300 610.000 4880.000 1 1 4 0 0 1 0 0 0
10 2   0.000   0.000 2 1 2   0.000 2 3 4 6 2 2 1 3 2 2 2 2 5 1   0.300 1320.000   0.000 3 1 4 0 0 1 0 0 0
10 1   6.000   0.000 1 4 6   0.000 2 3 5 6 2 2 2 3 2 2 2 2 5 2   1.000 610.000 4880.000 3 1 4 0 0 1 0 0 0
10 2   0.000   0.000 2 1 2   0.000 2 3 4 6 2 2 2 1 1 2 2 2 5 2   0.700 610.000 762.000 3 1 4 0 0 1 0 0 0
10 4  55.000   0.000 2 4 6   0.000 2 3 5 6 2 2 2 2 2 2 2 2 5 1   3.200 640.000   0.000 3 3 4 0 0 1 0 0 0
10 1   0.000   0.000 2 1 3   0.000 2 3 5 6 2 2 2 3 2 2 2 2 5 2   0.800 609.900 762.000 3 1 4 0 1 0 0 0 0
9 2   0.000  85.000 1 4 6   0.000 2 3 2 6 2 2 1 3 2 2 2 2 5 2   0.800 610.000 4880.000 3 1 4 0 0 0 0 0 1
10 2   0.000  70.000 1 4 6   0.000 2 3 4 6 2 2 1 3 2 2 2 2 5 1   0.800 610.000   0.000 3 1 4 0 0 1 0 0 0
10 2   0.000   0.000 2 1 2   0.000 2 3 3 6 2 1 2 1 2 2 2 2 5 2   0.699 520.000 762.000 3 1 4 0 0 1 0 0 0
4 2   0.000   0.000 2 4 3   0.000 1 3 5 6 2 2 2 3 2 1 2 2 5 2   1.600 1220.000 612.000 3 1 4 0 0 0 0 1 0
10 1   0.000   0.000 2 1 2   0.000 2 3 2 6 2 1 2 3 2 2 2 2 5 1   3.200 610.000   0.000 3 1 4 0 0 1 0 0 0
9 2   0.000  85.000 1 4 6   0.000 2 3 2 6 2 2 1 3 2 2 2 2 5 2   0.400 610.000 762.000 3 1 4 0 0 0 0 0 1
10 2   0.000  60.000 1 4 6   0.000 2 3 4 6 2 2 2 3 2 2 2 2 5 1   0.799 609.000   0.000 3 1 4 0 0 1 0 0 0
10 2   3.000   0.000 1 4 6   0.000 2 3 5 6 2 1 2 3 2 2 2 2 5 1   0.500 610.000   0.000 3 1 4 1 0 0 0 0 0
10 2   0.000   0.000 2 1 3   0.000 1 3 2 6 2 2 2 3 2 2 2 2 5 2   0.601 1320.000 4880.000 3 1 4 0 0 1 0 0 0
10 1   0.000   0.000 2 1 3   0.000 2 3 5 6 2 2 2 1 2 2 2 2 5 2   0.800 1320.000 4880.000 3 1 4 0 1 0 0 0 0
10 1   0.000   0.000 2 1 2   0.000 2 3 2 6 2 1 2 3 2 2 2 2 5 2   0.700 150.000 762.000 3 1 4 0 0 1 0 0 0
4 2   0.000   0.000 2 4 3   0.000 1 3 5 6 2 2 2 3 2 2 1 2 5 2   0.500 1220.000 4880.000 3 1 4 0 0 0 0 1 0
10 2   0.000  50.000 1 4 6   0.000 2 3 4 6 2 2 1 3 2 2 2 2 5 1   0.601 610.000   0.000 3 1 4 0 0 1 0 0 0
10 1   0.000   0.000 2 2 3   0.000 2 3 4 6 2 2 2 3 2 2 2 2 5 1   0.601 610.000   0.000 3 1 4 0 0 1 0 0 0
10 2   0.000  45.000 2 1 6   0.000 2 3 1 6 2 2 2 3 2 2 2 2 5 2   1.600 610.000 4880.000 3 1 4 0 0 1 0 0 0
9 2   0.000   0.000 2 1 5   0.000 1 3 2 6 2 2 2 3 2 2 2 2 5 1   0.800 609.900   0.000 3 1 4 0 0 1 0 0 0
10 1   0.000   0.000 2 1 2   0.000 2 3 2 6 2 2 2 3 2 2 2 2 5 2   0.699 1320.000 762.000 2 1 4 0 0 1 0 0 0
10 8   0.000   0.000 2 1 2   0.000 2 3 5 2 2 2 2 3 2 2 2 2 5 1   2.000 1525.000   0.000 3 1 4 0 1 0 0 0 0
10 4  65.000   0.000 2 4 6   0.000 2 3 5 6 2 2 1 2 2 2 2 2 5 1   3.200 900.000   0.000 3 2 4 0 0 1 0 0 0
10 1   0.000   0.000 2 1 3   0.000 2 3 5 6 2 2 2 3 2 2 2 2 5 2   0.800 1320.000 762.000 3 1 4 0 1 0 0 0 0
10 2   0.000   0.000 2 1 2   0.000 2 3 3 6 2 1 2 3 2 2 2 2 5 2   0.699 609.900   0.000 3 1 4 0 0 1 0 0 0
10 2   4.000   0.000 1 4 6   0.000 2 3 4 6 2 2 2 3 2 2 2 2 5 1   0.500 1130.000   0.000 3 1 4 0 0 1 0 0 0
10 1   6.000   0.000 1 4 6   0.000 2 3 5 6 2 2 2 3 2 2 2 2 5 1   1.000 610.000   0.000 3 1 4 0 0 1 0 0 0
10 2   0.000   0.000 2 4 6 500.000 2 3 4 6 2 2 2 3 2 2 2 2 5 1   1.600 610.000   0.000 3 1 4 0 0 1 0 0 0
10 2   0.000   0.000 2 1 2   0.000 2 3 4 6 2 2 2 3 2 2 2 2 5 2   0.699 610.000 762.000 2 1 4 0 0 1 0 0 0
10 2   0.000   0.000 2 1 2   0.000 2 3 2 6 2 2 2 3 2 2 2 2 5 1   3.201 152.000   0.000 3 1 4 0 0 1 0 0 0
9 2   0.000  50.000 1 4 6   0.000 2 3 2 6 2 1 2 3 2 2 2 2 5 2   1.600 1250.000 4880.000 3 1 4 0 0 1 0 0 0
10 1   0.000   0.000 2 1 3   0.000 2 3 2 6 2 2 2 3 2 2 2 2 5 2   0.600 520.000 762.000 3 1 4 0 0 1 0 0 0
10 4  45.000   0.000 2 4 6   0.000 2 3 5 6 2 2 2 3 2 2 2 2 5 1   1.100 610.000   0.000 3 1 4 0 0 1 0 0 0
10 2   0.000   0.000 2 1 2   0.000 2 3 2 6 2 2 2 3 1 2 2 2 5 2   1.599 1320.000 762.000 3 1 4 0 0 1 0 0 0
10 1   0.000   0.000 2 1 2   0.000 2 3 5 6 2 2 2 3 1 2 2 2 5 2   1.599 1320.000 4880.000 3 1 4 0 1 0 0 0 0
10 1   0.000   0.000 2 1 3   0.000 2 3 5 6 2 2 2 1 1 2 2 2 5 2   0.800 610.000 762.000 3 1 4 0 1 0 0 0 0
10 2   0.000   0.000 2 1 2   0.000 2 3 2 6 2 2 1 3 2 2 2 2 5 1   0.300 1320.000   0.000 3 1 4 0 0 1 0 0 0
10 2   0.000  70.000 1 4 6   0.000 2 3 4 6 2 2 2 3 2 2 2 2 5 1   0.801 610.000   0.000 3 3 4 0 0 1 0 0 0
10 1   0.000   0.000 2 1 3   0.000 2 3 2 6 2 2 2 3 2 2 2 2 5 2   0.601 609.900 612.000 3 1 4 0 0 1 0 0 0
10 9   0.000   0.000 2 2 2   0.000 2 3 4 6 2 2 2 3 2 2 2 2 5 1   0.300 1320.000   0.000 3 1 4 0 0 1 0 0 0
10 1   0.000   0.000 2 1 3   0.000 2 3 5 6 2 2 2 1 1 2 2 2 5 2   1.599 1320.000 762.000 3 1 4 0 1 0 0 0 0
10 2   0.000  60.000 1 4 6   0.000 2 3 4 6 2 2 2 1 1 2 2 2 5 2   0.801 255.100 270.000 3 1 4 0 0 1 0 0 0
4 2   0.000   0.000 2 4 3   0.000 1 3 5 6 2 2 2 1 2 1 2 2 5 1   0.600 609.900   0.000 3 1 4 0 0 0 0 1 0
10 1   0.000   0.000 2 1 3   0.000 2 3 2 6 2 2 2 3 2 2 2 2 5 1   0.601 610.000   0.000 3 1 3 0 0 1 0 0 0
10 1   0.000   0.000 2 1 2   0.000 2 3 5 6 2 2 2 3 1 2 2 2 5 2   1.599 1500.000 612.000 3 1 4 0 1 0 0 0 0
10 1   0.000   0.000 2 1 2   0.000 2 3 2 6 2 2 2 3 1 2 2 2 5 1   3.200 1320.000   0.000 3 1 4 0 0 1 0 0 0
9 2   0.000  50.000 1 4 6   0.000 2 3 2 6 2 1 2 1 2 2 2 2 5 2   0.451 610.000 762.000 3 1 4 0 0 1 0 0 0
10 4  55.000   0.000 2 4 6   0.000 2 3 5 6 2 2 1 2 2 2 2 2 5 1   2.200 900.000   0.000 3 1 4 0 0 1 0 0 0
10 2   0.000   0.000 2 1 2   0.000 2 3 4 6 2 2 1 3 2 2 2 2 5 1   0.300 610.000   0.000 3 1 4 0 0 1 0 0 0
10 1   0.000   0.000 2 1 2   0.000 2 3 2 6 2 2 2 3 1 2 2 2 5 2   0.300 1320.000 4880.000 1 1 4 0 0 1 0 0 0
10 1   0.000   0.000 2 1 3   0.000 2 3 5 6 2 2 2 3 2 2 2 2 5 2   1.601 830.000 881.000 3 1 4 0 1 0 0 0 0
4 2   0.000   0.000 2 4 3   0.000 1 3 5 6 2 2 2 3 2 2 1 2 5 1   0.600 609.900   0.000 3 1 4 0 0 0 0 1 0
4 2   0.000   0.000 2 4 3   0.000 1 3 5 6 2 2 2 3 2 1 2 2 5 2   1.200 335.000 611.000 3 1 4 0 0 0 0 1 0
10 1   0.000   0.000 2 1 2   0.000 2 3 5 6 2 2 2 3 2 2 2 2 5 2   1.600 1500.000 612.000 3 1 4 0 1 0 0 0 0
10 2   0.000  85.000 1 4 6   0.000 2 3 4 6 2 2 2 3 2 2 2 2 5 2   1.200 1220.000 4880.000 3 1 4 0 0 0 0 0 1
10 2   0.000  45.000 2 1 6   0.000 2 3 1 6 2 2 2 3 1 2 2 2 5 2   0.700 610.000 762.000 3 1 4 0 0 1 0 0 0
10 1   0.000   0.000 2 1 2   0.000 2 3 5 6 2 2 2 3 1 2 2 2 5 2   0.800 610.000 762.000 3 1 4 0 1 0 0 0 0
10 2   0.000  45.000 2 1 6   0.000 2 3 1 6 2 2 2 1 1 2 2 2 5 2   0.300 610.000 762.000 3 1 4 0 0 1 0 0 0
4 9   0.000   0.000 2 2 1   0.000 2 3 5 6 2 2 2 3 2 2 2 2 5 1   0.799 249.900   0.000 3 1 4 0 0 0 0 1 0
10 4  45.000   0.000 2 4 6   0.000 2 3 5 6 2 2 2 3 2 2 2 2 5 1   3.200 900.000   0.000 3 1 4 0 0 1 0 0 0
10 2   0.000  60.000 1 4 6   0.000 2 3 4 6 2 2 2 3 2 2 2 2 5 1   0.801 1320.000   0.000 3 3 4 0 0 1 0 0 0
10 2   0.000   0.000 2 1 2   0.000 2 3 3 6 2 1 2 3 2 2 2 2 5 2   0.600 520.000   0.000 3 1 4 0 0 1 0 0 0
4 2   0.000   0.000 2 4 3   0.000 1 3 5 6 2 2 2 3 2 2 2 2 5 2   0.600 335.000 3000.000 3 1 4 0 0 0 0 1 0
10 7   0.000   0.000 2 4 6 310.000 2 3 4 6 2 2 2 1 2 2 2 2 5 1   2.500 1274.900   0.000 3 2 4 0 0 1 0 0 0
10 1   0.000   0.000 2 1 2   0.000 2 3 2 6 2 2 2 3 1 2 2 2 5 2   0.700 610.000 762.000 3 1 4 0 0 1 0 0 0
10 2   0.000  45.000 2 1 6   0.000 2 3 1 6 2 2 2 1 1 2 2 2 5 2   0.400 1220.000 300.000 3 1 4 0 0 1 0 0 0
10 2   0.000   0.000 2 1 3   0.000 1 3 4 6 2 2 2 3 2 2 2 2 5 1   1.001 610.000   0.000 3 1 4 0 0 1 0 0 0
10 2   0.000   0.000 2 1 2   0.000 2 3 2 6 2 2 2 3 2 2 2 2 5 2   4.000 1320.000 762.000 3 1 4 0 0 1 0 0 0
10 2   0.000   0.000 2 1 3   0.000 1 3 2 6 2 2 2 3 2 2 2 2 5 1   0.601 1220.000   0.000 3 1 4 0 0 1 0 0 0
10 2   0.000   0.000 2 1 3   0.000 1 3 2 6 2 2 1 3 2 2 2 2 5 1   2.500 1320.000   0.000 3 1 4 0 0 1 0 0 0
10 1   0.000   0.000 2 1 3   0.000 2 3 2 6 2 2 2 3 2 2 2 2 5 1   0.800  75.000   0.000 3 1 4 0 0 1 0 0 0
10 2   0.000   0.000 2 1 2   0.000 2 3 3 6 2 1 2 3 1 2 2 2 5 2   0.600 520.000 4880.000 3 1 4 0 0 1 0 0 0
10 2   0.000  85.000 1 4 6   0.000 2 3 4 6 2 2 2 3 2 2 2 2 5 1   3.200 1220.000   0.000 1 1 4 0 0 0 0 0 1
10 2   0.000   0.000 2 1 2   0.000 2 3 2 6 2 2 2 3 2 2 2 2 5 1   0.301 610.000   0.000 2 1 4 0 0 1 0 0 0
10 9   0.000  70.000 1 4 6   0.000 2 3 4 6 2 2 2 3 2 2 2 2 5 1   0.600 610.000   0.000 3 3 4 0 0 1 0 0 0
10 1   0.000   0.000 2 1 2   0.000 2 3 5 6 2 2 2 3 1 2 2 2 5 2   1.599 610.000 4880.000 3 1 4 0 1 0 0 0 0
10 9   0.000   0.000 2 2 2   0.000 2 3 4 6 2 2 2 3 2 2 2 2 5 2   0.301 1320.000 762.000 1 1 4 0 0 1 0 0 0
10 2   0.000   0.000 2 1 2   0.000 2 3 2 6 2 1 2 3 2 2 2 2 5 1   1.600 1320.000   0.000 3 1 4 0 0 1 0 0 0
10 2   0.000  60.000 1 4 6   0.000 2 3 4 6 2 2 2 1 1 2 2 2 5 2   0.800 356.100 762.000 3 1 4 0 0 1 0 0 0
10 9   0.000   0.000 2 1 1   0.000 2 3 4 6 2 2 2 3 2 2 2 2 5 2   0.400 1220.000 4170.000 3 1 4 0 0 1 0 0 0
10 2   0.000  70.000 1 4 6   0.000 2 3 4 6 2 2 2 3 2 2 2 2 5 1   0.801 1320.000   0.000 3 3 4 0 0 1 0 0 0
10 7   0.000   0.000 2 4 6 310.000 2 3 4 6 2 2 2 3 2 2 2 2 5 2   0.800 1275.000 762.000 3 1 4 0 0 1 0 0 0
10 2   0.000  45.000 2 1 6   0.000 2 3 1 6 2 2 2 3 2 2 2 2 5 2   0.599 150.000 4880.000 3 1 4 0 0 1 0 0 0
10 5   0.000   0.000 2 4 6 350.000 2 3 4 6 2 2 1 3 2 2 2 2 5 1   0.900 610.000   0.000 3 1 4 0 0 1 0 0 0
10 2   0.000  60.000 1 4 6   0.000 2 3 4 6 2 2 2 2 2 2 2 2 5 1   4.000 385.100   0.000 3 1 4 0 0 1 0 0 0
10 2   0.000   0.000 2 1 2   0.000 2 3 3 6 2 1 2 1 1 2 2 2 5 2   0.700 1220.000 762.000 3 1 4 0 0 1 0 0 0
10 2   0.000   0.000 2 1 2   0.000 2 3 4 6 2 2 2 3 2 2 2 2 5 1   0.699  20.000   0.000 3 1 4 0 0 1 0 0 0
10 1   0.000   0.000 2 4 6 500.000 2 3 5 6 2 2 2 3 2 2 2 2 5 2   1.000 610.000 4880.000 3 1 4 0 0 1 0 0 0
10 9   0.000   0.000 2 1 1   0.000 2 3 4 6 2 2 2 3 2 2 2 2 5 1   0.799  20.000   0.000 3 1 4 0 0 1 0 0 0
10 2   0.000  45.000 2 1 6   0.000 2 3 1 6 2 2 2 3 2 2 2 2 5 2   1.600 1320.000 612.000 3 1 4 0 0 1 0 0 0
10 1   0.000   0.000 2 1 2   0.000 2 3 2 6 2 2 2 3 2 2 2 2 5 2   1.600 374.900 4880.000 3 1 4 0 0 1 0 0 0
10 1   0.000   0.000 2 1 2   0.000 2 3 2 6 2 2 2 3 2 2 2 2 5 1   1.200 1220.000   0.000 3 1 4 0 0 1 0 0 0
10 1   0.000   0.000 2 1 2   0.000 2 3 2 6 2 1 2 3 1 2 2 2 5 2   0.300 1320.000 762.000 1 1 4 0 0 1 0 0 0
10 1   0.000   0.000 2 4 6 500.000 2 3 5 6 2 2 1 3 2 2 2 2 5 1   1.600 610.000   0.000 3 1 4 0 0 1 0 0 0
10 9   0.000  50.000 1 4 6   0.000 2 3 4 6 2 2 1 3 2 2 2 2 5 1   0.601 1320.000   0.000 3 1 4 0 0 1 0 0 0
10 6   0.000   0.000 2 4 6 400.000 2 3 5 6 2 2 2 3 2 2 2 2 5 1   1.000  75.000   0.000 3 1 4 1 0 0 0 0 0
10 2   0.000   0.000 2 1 3   0.000 1 3 2 6 2 2 2 1 1 2 2 2 5 2   0.700 609.900 4170.000 3 1 4 0 0 1 0 0 0
10 1   0.000   0.000 2 1 3   0.000 2 3 2 6 2 2 2 3 2 2 2 2 5 2   0.600 609.000 612.000 3 1 4 0 0 1 0 0 0
4 9   0.000   0.000 2 2 1   0.000 2 3 5 6 2 2 2 3 2 2 2 2 5 2   0.500 1220.000 4880.000 3 1 4 0 0 0 0 1 0
10 9   0.000   0.000 2 4 6 500.000 2 1 5 6 2 2 2 3 2 2 2 2 5 2   2.000 610.000 762.000 3 1 4 0 1 0 0 0 0
10 2   4.000   0.000 1 4 6   0.000 2 3 4 6 2 2 2 1 2 2 2 2 5 1   0.500  25.000   0.000 3 1 4 0 0 1 0 0 0
10 1   0.000   0.000 2 1 2   0.000 2 3 2 6 2 2 2 3 1 2 2 2 5 2   1.200 1320.000 4170.000 3 1 4 0 0 1 0 0 0
10 2   0.000   0.000 2 1 2   0.000 2 3 2 6 2 2 2 3 1 2 2 2 5 2   0.700 1320.000 762.000 3 1 4 0 0 1 0 0 0
10 2   0.000  60.000 1 4 6   0.000 2 3 4 6 2 2 2 3 2 2 2 2 5 1   2.801  50.000   0.000 3 1 4 0 0 1 0 0 0
10 1   0.000   0.000 2 1 2   0.000 2 3 2 6 2 2 2 3 2 2 2 2 5 2   0.700 150.000 762.000 3 1 4 0 0 1 0 0 0
10 9   0.000   0.000 2 2 2   0.000 2 3 4 6 2 2 2 3 2 2 2 2 5 2   3.200 1320.000 4880.000 3 1 4 0 0 1 0 0 0
10 2   0.000  85.000 1 4 6   0.000 2 3 4 6 2 2 1 2 2 2 2 2 5 1   4.000 610.000   0.000 3 2 4 0 0 0 0 0 1
10 2   0.000   0.000 2 1 2   0.000 2 3 4 6 2 2 2 1 2 2 2 2 5 2   3.200 610.000 4880.000 3 1 4 0 0 1 0 0 0
10 8   0.000   0.000 2 1 2   0.000 2 3 5 2 2 2 2 3 2 2 2 2 5 2   0.800 609.900 762.000 3 1 4 0 1 0 0 0 0
10 1   0.000   0.000 2 1 3   0.000 2 3 5 6 2 2 2 3 2 2 2 2 5 1   0.800 609.900   0.000 3 1 4 0 1 0 0 0 0
10 2   0.000   0.000 2 1 2   0.000 2 3 3 6 2 1 2 1 1 2 2 2 5 2   0.600 1220.000 4880.000 3 1 4 0 0 1 0 0 0
10 1   0.000   0.000 2 1 2   0.000 2 3 2 6 2 2 2 3 2 2 2 2 5 1   0.900 966.100   0.000 3 1 4 0 0 1 0 0 0
10 1   0.000   0.000 2 1 2   0.000 2 3 2 6 2 2 2 1 2 2 2 2 5 1   0.400 1320.000   0.000 3 1 4 0 0 1 0 0 0
10 2   0.000   0.000 2 1 2   0.000 2 3 2 6 2 1 2 3 1 2 2 2 5 2   0.699 1320.000 762.000 1 1 4 0 0 1 0 0 0
10 2   0.000  60.000 1 4 6   0.000 2 3 4 6 2 2 2 3 2 2 2 2 5 1   0.600  50.000   0.000 3 1 4 0 0 1 0 0 0
4 9   0.000   0.000 2 2 1   0.000 2 3 5 6 2 2 2 3 2 2 1 2 5 1   1.600 1220.000   0.000 3 1 4 0 0 0 0 1 0
10 1   6.000   0.000 1 4 6   0.000 2 3 5 6 2 2 2 3 2 2 2 2 5 2   0.600 610.000 762.000 3 1 4 0 0 1 0 0 0
10 2   0.000   0.000 2 1 2   0.000 2 3 2 6 2 2 2 3 1 2 2 2 5 2   0.300 610.000 4880.000 1 1 4 0 0 1 0 0 0
10 2   0.000  85.000 1 4 6   0.000 2 3 4 6 2 2 2 3 2 2 2 2 5 1   1.201 1220.000   0.000 1 1 4 0 0 0 0 0 1
10 2   0.000  70.000 1 4 6   0.000 2 3 4 6 2 2 2 3 2 2 2 2 5 1   0.600 610.000   0.000 3 1 4 0 0 1 0 0 0
10 5   0.000   0.000 2 4 6 350.000 2 3 4 6 2 2 2 3 2 2 2 2 5 1   1.399 609.900   0.000 3 1 4 0 0 1 0 0 0
10 2   0.000   0.000 2 1 2   0.000 2 3 3 6 2 1 2 3 1 2 2 2 5 2   0.699 519.000 762.000 3 1 4 0 0 1 0 0 0
10 1   0.000   0.000 2 1 2   0.000 2 3 2 6 2 2 2 3 1 2 2 2 5 2   0.699 610.000 4880.000 1 1 4 0 0 1 0 0 0
10 2   0.000  85.000 1 4 6   0.000 2 3 4 6 2 2 2 2 2 2 2 2 5 1   4.000 1000.000   0.000 3 3 4 0 0 0 0 0 1
10 1   0.000   0.000 2 1 2   0.000 2 3 2 6 2 2 2 3 2 2 2 2 5 2   1.000 610.000 4880.000 3 1 4 0 0 1 0 0 0
10 1   0.000   0.000 2 1 2   0.000 2 3 2 6 2 2 2 1 1 2 2 2 5 2   0.699 375.000 612.000 3 1 4 0 0 1 0 0 0
10 1   0.000   0.000 2 4 6 500.000 2 3 5 6 2 2 1 3 2 2 2 2 5 1   1.600 1320.000   0.000 3 1 4 0 0 1 0 0 0
10 2   0.000   0.000 2 1 2   0.000 2 3 3 6 2 1 2 1 1 2 2 2 5 2   0.600 610.000 4880.000 3 1 4 0 0 1 0 0 0
10 9   0.000   0.000 2 1 1   0.000 2 3 4 6 2 2 2 3 2 2 2 2 5 2   0.699 610.000 612.000 3 1 4 0 0 1 0 0 0
10 2   0.000   0.000 2 1 3   0.000 1 3 2 6 2 2 2 3 2 2 2 2 5 1   0.600 609.000   0.000 3 1 4 0 0 1 0 0 0
10 1   0.000   0.000 2 1 2   0.000 2 3 2 6 2 2 2 1 1 2 2 2 5 2   0.400 610.000 150.000 3 1 4 0 0 1 0 0 0
10 1   0.000   0.000 2 1 2   0.000 2 3 2 6 2 2 2 2 2 2 2 2 5 1   4.000 610.000   0.000 3 3 4 0 0 1 0 0 0
10 1   0.000   0.000 2 1 2   0.000 2 3 2 6 2 1 2 3 1 2 2 2 5 2   3.200 1300.000 762.000 3 1 4 0 0 1 0 0 0
10 2   0.000   0.000 2 1 3   0.000 1 3 3 6 2 2 2 3 2 2 2 2 5 2   1.000 610.000 4880.000 3 1 4 0 0 1 0 0 0
9 2   0.000  50.000 1 4 6   0.000 2 3 2 6 2 2 2 3 2 2 2 2 5 1   0.400 610.000   0.000 3 1 4 0 0 1 0 0 0
10 9   0.000   0.000 2 1 1   0.000 2 3 4 6 2 2 2 1 1 2 2 2 5 2   0.301 500.000 4120.000 1 1 4 0 0 1 0 0 0
10 2   0.000   0.000 2 1 2   0.000 2 3 4 6 2 2 2 3 2 2 2 2 5 2   1.200 335.000 4170.000 3 1 4 0 0 1 0 0 0
10 2   0.000  45.000 2 1 6   0.000 2 3 1 6 2 2 2 1 1 2 2 2 5 2   0.700 610.000 4880.000 3 1 4 0 0 1 0 0 0
10 2   0.000   0.000 2 1 2   0.000 2 3 2 6 2 2 2 2 2 2 2 2 5 1   3.500 610.000   0.000 3 3 4 0 0 1 0 0 0
10 2   0.000   0.000 2 1 3   0.000 1 3 3 6 2 2 2 1 1 2 2 2 5 2   0.600 1220.000 762.000 3 1 4 0 0 1 0 0 0
10 1   0.000   0.000 2 1 3   0.000 2 3 5 6 2 2 2 3 2 2 2 2 5 2   1.599 150.000 762.000 3 1 4 0 1 0 0 0 0
10 1   0.000   0.000 2 1 2   0.000 2 3 2 6 2 2 2 3 2 2 2 2 5 2   1.200 375.000 612.000 3 1 4 0 0 1 0 0 0
10 1   0.000   0.000 2 1 2   0.000 2 3 5 6 2 2 2 1 2 2 2 2 5 1   1.600 610.000   0.000 3 1 4 0 1 0 0 0 0
10 2   0.000   0.000 2 1 2   0.000 2 3 4 6 2 2 2 3 2 2 2 2 5 2   0.699 1320.000 4880.000 2 1 4 0 0 1 0 0 0
10 8   0.000   0.000 2 1 2   0.000 2 3 5 2 2 2 2 3 2 2 2 2 5 2   1.599 610.000   1.000 3 1 4 0 1 0 0 0 0
9 1   0.000   0.000 2 2 2   0.000 2 3 4 6 2 2 2 3 2 2 2 2 5 1   0.699 1250.000   0.000 3 1 4 0 0 1 0 0 0
10 4  55.000   0.000 2 4 6   0.000 2 3 5 6 2 2 2 2 2 2 2 2 5 1   2.200 640.000   0.000 3 1 4 0 0 1 0 0 0
10 7   0.000   0.000 2 4 6 310.000 2 3 4 6 2 2 2 3 2 2 2 2 5 2   0.800 610.000 762.000 3 1 4 0 0 1 0 0 0
10 1   0.000   0.000 2 1 2   0.000 2 3 2 6 2 2 2 1 1 2 2 2 5 2   0.700 1300.000 762.000 3 1 4 0 0 1 0 0 0
10 1   0.000   0.000 2 1 2   0.000 2 3 2 6 2 2 2 3 2 2 2 2 5 1   0.651  20.000   0.000 3 1 4 0 0 1 0 0 0
10 7   0.000   0.000 2 4 6 310.000 2 3 4 6 2 2 2 3 2 2 2 2 5 2   2.500 610.000 762.000 3 1 4 0 0 1 0 0 0
10 2   0.000   0.000 2 1 2   0.000 2 3 3 6 2 1 2 1 1 2 2 2 5 2   0.600 609.900 4880.000 3 1 4 0 0 1 0 0 0
10 2   0.000   0.000 2 1 2   0.000 2 3 3 6 2 1 2 3 1 2 2 2 5 2   0.600 610.000 4880.000 3 1 4 0 0 1 0 0 0
10 8   0.000   0.000 2 1 2   0.000 2 3 5 1 2 2 2 3 2 2 2 2 5 2   3.200 1320.000 762.000 3 1 4 0 0 1 0 0 0
10 2   0.000  45.000 2 1 6   0.000 2 3 1 6 2 2 2 3 2 2 2 2 5 2   0.599 609.900 4880.000 3 1 4 0 0 1 0 0 0
10 9   0.000   0.000 2 1 1   0.000 2 3 4 6 2 2 2 3 2 2 2 2 5 2   0.699 610.000 762.000 1 1 4 0 0 1 0 0 0
10 1   0.000   0.000 2 1 2   0.000 2 3 2 6 2 2 2 3 2 2 2 2 5 1   0.901 966.000   0.000 3 1 4 0 0 1 0 0 0
10 9   0.000   0.000 2 2 2   0.000 2 3 4 6 2 2 2 3 2 2 2 2 5 1   0.700 610.000   0.000 3 1 4 0 0 1 0 0 0
9 2   0.000  85.000 1 4 6   0.000 2 3 2 6 2 2 1 3 2 2 2 2 5 2   0.400 600.000 611.000 3 1 4 0 0 0 0 0 1
4 2   0.000   0.000 2 4 3   0.000 1 3 5 6 2 2 2 3 2 2 2 2 5 1   1.600 610.000   0.000 3 1 4 0 0 0 0 1 0
10 1   0.000   0.000 2 1 2   0.000 2 3 2 6 2 1 2 1 1 2 2 2 5 2   1.600 1320.000 4880.000 3 1 4 0 0 1 0 0 0
10 1   0.000   0.000 2 1 2   0.000 2 3 2 6 2 2 2 3 2 2 2 2 5 1   3.200 610.000   0.000 3 1 4 0 0 1 0 0 0
10 1   0.000   0.000 2 1 2   0.000 2 3 5 6 2 2 2 3 2 2 2 2 5 2   1.200 335.000 3000.000 3 1 4 0 1 0 0 0 0
10 2   0.000  45.000 2 1 6   0.000 2 3 1 6 2 2 2 3 2 2 2 2 5 2   0.699 1320.000 4880.000 2 1 4 0 0 1 0 0 0
10 2   0.000   0.000 2 1 2   0.000 2 3 2 6 2 2 2 3 1 2 2 2 5 2   0.700 610.000 762.000 3 1 4 0 0 1 0 0 0
10 2   0.000  50.000 1 4 6   0.000 2 3 4 6 2 2 1 3 2 2 2 2 5 1   0.601 610.000   0.000 3 1 4 0 0 1 0 0 0
10 1   0.000   0.000 2 1 2   0.000 2 3 2 6 2 2 2 3 2 2 2 2 5 1   0.300 610.000   0.000 3 1 4 0 0 1 0 0 0
10 2   0.000  60.000 1 4 6   0.000 2 3 4 6 2 2 2 2 2 2 2 2 5 1   2.801 610.000   0.000 3 3 4 0 0 1 0 0 0
9 1   0.000   0.000 2 1 3   0.000 2 3 2 6 2 2 2 3 2 2 2 2 5 2   1.600 610.000 4880.000 3 1 4 0 0 1 0 0 0
10 5   0.000   0.000 2 4 6 600.000 2 3 4 6 2 2 1 3 2 2 2 2 5 1   1.300 1090.000   0.000 3 1 4 0 1 0 0 0 0
10 1   0.000   0.000 2 1 3   0.000 2 3 5 6 2 2 2 3 2 2 2 2 5 2   2.000 610.000 4170.000 3 1 4 0 1 0 0 0 0
10 2   0.000  70.000 1 4 6   0.000 2 3 4 6 2 2 2 3 2 2 2 2 5 1   0.501 1200.100   0.000 3 1 4 0 0 1 0 0 0
4 2   0.000   0.000 2 1 3   0.000 1 3 5 6 2 2 2 3 2 2 2 2 5 1   1.200 609.900   0.000 3 1 4 0 0 0 0 1 0
10 2   0.000   0.000 2 1 2   0.000 2 3 2 6 2 1 2 3 2 2 2 2 5 2   3.200 1320.000 4880.000 3 1 4 0 0 1 0 0 0
9 2   0.000  50.000 1 4 6   0.000 2 3 2 6 2 1 2 3 2 2 2 2 5 2   0.601 1250.000 762.000 3 1 4 0 0 1 0 0 0
10 1   6.000   0.000 1 4 6   0.000 2 3 5 6 2 2 2 3 2 2 2 2 5 2   1.000 1320.000 762.000 3 1 4 0 0 1 0 0 0
10 2   0.000  85.000 1 4 6   0.000 2 3 4 6 2 2 2 3 2 2 2 2 5 1   1.001 609.900   0.000 3 1 4 0 0 0 0 0 1
10 1   0.000   0.000 2 1 3   0.000 2 3 5 6 2 2 2 3 2 2 2 2 5 1   1.599 610.000   0.000 3 1 4 0 1 0 0 0 0
10 2   0.000   0.000 2 1 2   0.000 2 3 4 6 2 2 2 3 2 2 2 2 5 1   0.700 1320.000   0.000 3 1 4 0 0 1 0 0 0
10 9   0.000   0.000 2 1 1   0.000 2 3 4 6 2 2 2 1 1 2 2 2 5 2   0.301 515.000 610.000 1 1 4 0 0 1 0 0 0
10 4  65.000   0.000 2 4 6   0.000 2 3 5 6 2 2 1 2 2 2 2 2 5 1   3.200 900.000   0.000 3 3 4 0 0 1 0 0 0
10 1   0.000   0.000 2 1 2   0.000 2 3 5 6 2 2 2 3 1 2 2 2 5 2   0.800 610.000 4880.000 3 1 4 0 1 0 0 0 0
10 1   0.000   0.000 2 1 2   0.000 2 3 2 6 2 2 2 3 2 2 2 2 5 1   1.201  50.000   0.000 3 1 4 0 0 1 0 0 0
10 4  65.000   0.000 2 4 6   0.000 2 3 5 6 2 2 2 3 2 2 2 2 5 1   3.000  65.100   0.000 3 1 4 0 0 1 0 0 0
10 9   0.000   0.000 2 1 1   0.000 2 3 4 6 2 2 2 3 2 2 2 2 5 2   0.300 374.900 762.000 3 1 4 0 0 1 0 0 0
10 2   0.000   0.000 2 4 6 500.000 2 3 4 6 2 2 2 3 2 2 2 2 5 1   0.900 1320.000   0.000 3 1 4 0 0 1 0 0 0
10 2   0.000  80.000 1 4 6   0.000 2 3 4 6 2 2 2 3 2 2 2 2 5 2   1.600 1320.000 612.000 1 1 4 0 0 0 0 0 1
10 9   0.000   0.000 2 1 1   0.000 2 3 4 6 2 2 2 3 2 2 2 2 5 1   3.200  60.000   0.000 3 1 4 0 0 1 0 0 0
10 1   0.000   0.000 2 1 2   0.000 2 3 5 6 2 2 2 3 2 2 2 2 5 2   1.200 335.000 612.000 3 1 4 0 1 0 0 0 0
10 2   0.000   0.000 2 1 2   0.000 2 3 3 6 2 1 2 1 1 2 2 2 5 2   0.699 610.000 761.000 3 1 4 0 0 1 0 0 0
10 2   0.000  60.000 1 4 6   0.000 1 3 4 6 2 2 2 3 2 2 2 2 5 1   1.900 1135.000   0.000 3 3 4 0 0 1 0 0 0
4 2   0.000   0.000 2 4 3   0.000 1 3 5 6 2 2 2 1 2 2 2 2 5 2   0.600 1220.000 762.000 3 1 4 0 0 0 0 1 0
10 2   0.000   0.000 2 1 2   0.000 2 3 2 6 2 2 2 3 2 2 2 2 5 1   3.300 152.000   0.000 3 1 4 0 0 1 0 0 0
4 9   0.000   0.000 2 2 1   0.000 2 3 5 6 2 2 2 3 2 2 2 2 5 1   1.600 610.000   0.000 3 1 4 0 0 0 0 1 0
10 1   0.000   0.000 2 1 2   0.000 2 3 2 6 2 1 2 1 1 2 2 2 5 2   1.601 610.000 762.000 3 1 4 0 0 1 0 0 0
10 1   0.000   0.000 2 1 2   0.000 2 3 5 6 2 2 1 3 2 2 2 2 5 2   0.800 610.000 762.000 3 1 4 0 1 0 0 0 0
10 8   0.000   0.000 2 1 2   0.000 2 3 5 1 2 2 2 3 2 2 2 2 5 2   0.700 610.000 4880.000 3 1 4 0 0 1 0 0 0
10 2   0.000  60.000 1 4 6   0.000 2 3 4 6 2 2 2 1 1 2 2 2 5 2   0.800 255.000 270.000 3 1 4 0 0 1 0 0 0
10 2   0.000   0.000 2 1 2   0.000 2 3 3 6 2 1 2 1 1 2 2 2 5 2   0.600 1220.000 762.000 3 1 4 0 0 1 0 0 0
10 1   0.000   0.000 2 1 2   0.000 2 3 2 6 2 2 2 1 1 2 2 2 5 2   1.200 610.000 150.000 3 1 4 0 0 1 0 0 0
10 2   0.000   0.000 2 1 2   0.000 2 3 3 6 2 1 2 3 1 2 2 2 5 2   0.600 609.900 4880.000 3 1 4 0 0 1 0 0 0
10 9   0.000  70.000 1 4 6   0.000 2 3 4 6 2 2 2 3 2 2 2 2 5 1   0.600 609.900   0.000 3 1 4 0 0 1 0 0 0
10 1   0.000   0.000 2 1 2   0.000 2 3 2 6 2 2 2 3 1 2 2 2 5 2   0.699 1320.000 762.000 1 1 4 0 0 1 0 0 0
10 2   0.000  45.000 2 1 6   0.000 2 3 1 6 2 2 2 3 2 2 2 2 5 2   0.700 609.900 3000.000 3 1 4 0 0 1 0 0 0
10 2   0.000   0.000 2 1 2   0.000 2 3 3 6 2 1 2 3 1 2 2 2 5 2   0.600 609.900 762.000 3 1 4 0 0 1 0 0 0
10 2   0.000   0.000 2 1 3   0.000 1 3 2 6 2 2 2 3 2 2 2 2 5 1   0.600  20.000   0.000 3 1 4 0 0 1 0 0 0
10 1   0.000   0.000 2 1 2   0.000 2 3 2 6 2 2 2 3 2 2 2 2 5 2   0.700 374.900 4880.000 3 1 4 0 0 1 0 0 0
10 1   6.000   0.000 1 4 6   0.000 2 3 5 6 2 1 2 3 2 2 2 2 5 1   0.500  25.000   0.000 3 1 4 0 0 1 0 0 0
9 2   0.000   0.000 2 1 5   0.000 1 3 2 6 2 2 2 3 2 2 2 2 5 2   1.200 610.000 762.000 3 1 4 0 0 1 0 0 0
9 2   0.000   0.000 2 1 3   0.000 1 3 2 6 2 2 2 3 2 2 2 2 5 1   2.000 1250.000   0.000 3 1 4 0 0 1 0 0 0
10 2   0.000   0.000 2 1 2   0.000 2 3 2 6 2 2 2 3 2 2 2 2 5 2   3.201 1320.000 4880.000 3 1 4 0 0 1 0 0 0
10 2   0.000  45.000 2 1 6   0.000 2 3 1 6 2 2 2 3 2 2 2 2 5 1   0.700 1320.000   0.000 3 1 4 0 0 1 0 0 0
10 2   0.000   0.000 2 1 2   0.000 2 3 2 6 2 2 2 1 1 2 2 2 5 2   0.700 609.900 762.000 3 1 4 0 0 1 0 0 0
10 1   0.000   0.000 2 1 2   0.000 2 3 2 6 2 2 1 2 2 2 2 2 5 1   4.000 1000.000   0.000 3 3 4 0 0 1 0 0 0
10 2   0.000  45.000 2 1 6   0.000 2 3 1 6 2 2 2 3 2 2 2 2 5 2   1.200 150.000 3000.000 3 1 4 0 0 1 0 0 0
10 4  55.000   0.000 2 4 6   0.000 2 3 5 6 2 2 1 2 2 2 2 2 5 1   3.200 640.000   0.000 3 3 4 0 0 1 0 0 0
10 9   0.000   0.000 2 2 2   0.000 2 3 4 6 2 2 2 3 2 2 2 2 5 1   0.301  20.000   0.000 3 1 4 0 0 1 0 0 0
10 2   0.000   0.000 2 1 2   0.000 2 3 2 6 2 1 2 3 2 2 2 2 5 2   0.300 610.000 762.000 1 1 4 0 0 1 0 0 0
10 2   0.000   0.000 2 1 2   0.000 2 3 2 6 2 2 2 1 1 2 2 2 5 2   3.200 1320.000 762.000 3 1 4 0 0 1 0 0 0
10 4  55.000   0.000 2 4 6   0.000 2 3 5 6 2 2 1 2 2 2 2 2 5 1   1.500 900.000   0.000 3 1 4 0 0 1 0 0 0
10 2   0.000   0.000 2 1 2   0.000 2 3 2 6 2 2 2 3 2 2 2 2 5 1   0.300 1320.000   0.000 3 1 4 0 0 1 0 0 0
9 2   0.000  70.000 1 4 6   0.000 2 3 2 6 2 2 2 3 2 2 2 2 5 1   0.600 610.000   0.000 3 1 4 0 0 1 0 0 0
9 2   0.000   0.000 2 1 5   0.000 1 3 2 6 2 2 2 3 2 2 2 2 5 2   1.200 610.000 4880.000 3 1 4 0 0 1 0 0 0
10 1   0.000   0.000 2 1 2   0.000 2 3 5 6 2 2 2 1 2 2 2 2 5 2   1.599 1300.000 4880.000 3 1 4 0 1 0 0 0 0
10 1   6.000   0.000 1 4 6   0.000 2 3 5 6 2 1 2 3 2 2 2 2 5 1   1.200 1220.000   0.000 3 1 4 0 0 1 0 0 0
10 2   0.000  85.000 1 4 6   0.000 2 3 4 6 2 2 2 3 2 2 2 2 5 2   3.200 200.100 4880.000 3 1 4 0 0 0 0 0 1
10 1   0.000   0.000 2 1 2   0.000 2 3 5 6 2 2 2 1 1 2 2 2 5 2   0.800 1300.000 762.000 3 1 4 0 1 0 0 0 0
10 1   0.000   0.000 2 1 2   0.000 2 3 2 6 2 2 2 3 1 2 2 2 5 2   0.699 1320.000 4880.000 1 1 4 0 0 1 0 0 0
10 1   0.000   0.000 2 1 2   0.000 2 3 2 6 2 1 2 1 1 2 2 2 5 2   0.700 610.000 762.000 3 1 4 0 0 1 0 0 0
10 2   0.000   0.000 2 1 3   0.000 1 3 2 6 2 2 2 3 2 2 2 2 5 2   1.000 1320.000 762.000 3 1 4 0 0 1 0 0 0
10 2   0.000  45.000 2 1 6   0.000 2 3 1 6 2 2 2 1 2 2 2 2 5 2   0.699 1320.000 762.000 3 1 4 0 0 1 0 0 0
10 1   0.000   0.000 2 1 2   0.000 2 3 2 6 2 2 2 3 2 2 2 2 5 2   0.700 374.900 762.000 3 1 4 0 0 1 0 0 0
10 2   0.000  85.000 1 4 6   0.000 2 3 4 6 2 2 2 3 2 2 2 2 5 1   0.400 609.900   0.000 3 1 4 0 0 0 0 0 1
10 2   0.000  85.000 1 4 6   0.000 2 3 4 6 2 2 2 2 2 2 2 2 5 1   3.201 1000.000   0.000 3 3 4 0 0 0 0 0 1
10 2   8.000   0.000 2 1 6   0.000 2 3 4 6 2 2 2 3 2 2 2 2 5 1   3.200 609.900   0.000 3 1 4 0 0 1 0 0 0
10 1   0.000   0.000 2 1 3   0.000 2 3 2 6 2 2 2 3 2 2 2 2 5 2   0.600 610.000 762.000 3 1 4 0 0 1 0 0 0
4 2   0.000   0.000 2 4 3   0.000 1 3 5 6 2 2 2 3 2 2 2 2 5 2   1.600 335.000 612.000 3 1 4 0 0 0 0 1 0
10 2   0.000   0.000 2 1 2   0.000 2 3 3 6 2 1 2 3 1 2 2 2 5 2   0.699 609.900 4880.000 3 1 4 0 0 1 0 0 0
10 7   0.000   0.000 2 4 6 310.000 2 3 4 6 2 2 2 3 2 2 2 2 5 1   0.800 609.900   0.000 3 1 4 0 0 1 0 0 0
10 6  70.000   0.000 2 4 6   0.000 2 3 5 6 2 2 2 2 2 2 2 2 5 2   2.000 1000.000 4880.000 3 1 4 0 0 1 0 0 0
10 2   0.000  45.000 2 1 6   0.000 2 3 1 6 2 2 2 1 1 2 2 2 5 2   0.400 1220.000 761.000 3 1 4 0 0 1 0 0 0
10 2   0.000   0.000 2 1 2   0.000 2 3 4 6 2 1 2 1 2 2 2 2 5 1   0.400 610.000   0.000 3 1 4 0 0 1 0 0 0
10 1   0.000   0.000 2 1 2   0.000 2 3 2 6 2 2 2 3 2 2 2 2 5 2   0.699 1320.000 4880.000 1 1 4 0 0 1 0 0 0
10 2   0.000   0.000 2 1 2   0.000 2 3 3 6 2 1 2 1 1 2 2 2 5 2   0.999 1220.000 4880.000 3 1 4 0 0 1 0 0 0
10 7   0.000   0.000 2 4 6 310.000 2 3 4 6 2 2 2 3 2 2 2 2 5 2   1.599 1275.000 762.000 3 1 4 0 0 1 0 0 0
9 1   0.000   0.000 2 2 2   0.000 2 3 4 6 2 2 2 3 2 2 2 2 5 1   0.699  20.000   0.000 3 1 4 0 0 1 0 0 0
4 2   0.000   0.000 2 4 3   0.000 1 3 5 6 2 2 2 3 2 2 2 2 5 2   0.600 610.000 300.000 3 1 4 0 0 0 0 1 0
10 2   0.000   0.000 2 1 3   0.000 1 3 2 6 2 2 2 3 2 2 2 2 5 1   0.600 1320.000   0.000 3 1 4 0 0 1 0 0 0
10 5   0.000   0.000 2 4 6 600.000 2 3 4 6 2 2 1 3 2 2 2 2 5 2   0.900 610.000 3000.000 3 1 4 0 1 0 0 0 0
10 4  45.000   0.000 2 4 6   0.000 2 3 5 6 2 2 2 3 2 2 2 2 5 1   0.600 900.000   0.000 3 1 4 0 0 1 0 0 0
10 2   0.000   0.000 2 1 2   0.000 2 3 3 6 2 1 2 3 1 2 2 2 5 2   0.699 1220.000 4880.000 3 1 4 0 0 1 0 0 0
4 9   0.000   0.000 2 2 1   0.000 2 3 5 6 2 2 2 3 2 1 2 2 5 1   0.800  50.000   0.000 3 1 4 0 0 0 0 1 0
10 2   0.000  45.000 2 1 6   0.000 2 3 1 6 2 2 2 1 1 2 2 2 5 2   0.400 610.000 300.000 3 1 4 0 0 1 0 0 0
9 1   0.000   0.000 2 4 6 300.000 2 3 5 6 2 2 2 3 2 2 2 1 5 1   0.800 915.100   0.000 3 1 4 1 0 0 0 0 0
10 5   0.000   0.000 2 4 6 600.000 2 3 4 6 2 2 2 3 2 2 2 2 5 1   1.600 1090.000   0.000 3 1 4 0 1 0 0 0 0
9 2   0.000  85.000 1 4 6   0.000 2 3 2 6 2 2 1 3 2 2 2 2 5 2   1.000 1220.000 762.000 3 1 4 0 0 0 0 0 1
10 6  70.000   0.000 2 4 6   0.000 2 3 5 6 2 2 2 3 2 2 2 2 5 2   1.600 1320.000 762.000 3 1 4 0 0 1 0 0 0
10 9   0.000   0.000 2 1 1   0.000 2 3 4 6 2 2 2 3 2 2 2 2 5 2   0.699 374.900 4880.000 3 1 4 0 0 1 0 0 0
10 2   0.000   0.000 2 1 3   0.000 1 3 2 6 2 2 2 3 2 2 2 2 5 1   0.700 610.000   0.000 3 1 4 0 0 1 0 0 0
9 2   0.000  85.000 1 4 6   0.000 2 3 2 6 2 2 2 3 2 2 2 2 5 1   0.321 1220.000   0.000 3 1 4 0 0 0 0 0 1
10 7   0.000   0.000 2 4 6 310.000 2 3 4 6 2 2 2 3 2 2 2 2 5 2   1.599 610.000 762.000 3 1 4 0 0 1 0 0 0
10 2   0.000  60.000 1 4 6   0.000 2 3 4 6 2 2 2 1 1 2 2 2 5 2   0.800 356.000 4880.000 3 1 4 0 0 1 0 0 0
10 1   0.000   0.000 2 1 2   0.000 2 3 2 6 2 2 2 3 2 2 2 2 5 1   0.700 1220.000   0.000 3 1 4 0 0 1 0 0 0
10 2   0.000   0.000 2 1 2   0.000 2 3 2 6 2 2 2 3 2 2 2 2 5 1   3.200 609.900   0.000 3 1 4 0 0 1 0 0 0
10 7   0.000   0.000 2 4 6 310.000 2 3 4 6 2 2 2 3 2 2 2 2 5 1   2.500 1274.900   0.000 3 3 4 0 0 1 0 0 0
9 2   0.000   0.000 2 1 3   0.000 1 3 2 6 2 2 2 3 2 2 2 2 5 1   1.000  75.000   0.000 3 1 4 0 0 1 0 0 0
10 2   0.000  45.000 2 1 6   0.000 2 3 1 6 2 1 2 3 2 2 2 2 5 2   0.699 1320.000 4880.000 2 1 4 0 0 1 0 0 0
10 1   0.000   0.000 2 1 2   0.000 2 3 2 6 2 2 2 1 1 2 2 2 5 2   0.300 595.000 4880.000 3 1 4 0 0 1 0 0 0
9 2   0.000  85.000 1 4 6   0.000 2 3 2 6 2 2 1 3 2 2 2 2 5 2   1.200 600.000 150.000 3 1 4 0 0 0 0 0 1
10 2   0.000  45.000 2 1 6   0.000 2 3 1 6 2 2 2 3 2 2 2 2 5 1   0.700 1320.000   0.000 3 1 4 0 0 1 0 0 0
10 2   0.000  60.000 1 4 6   0.000 2 3 4 6 2 2 2 2 2 2 2 2 5 1   2.801 385.100   0.000 3 1 4 0 0 1 0 0 0
10 2   0.000   0.000 2 1 3   0.000 1 3 3 6 2 2 2 3 2 2 2 2 5 2   1.000 1320.000 762.000 3 1 4 0 0 1 0 0 0
9 2   0.000  85.000 1 4 6   0.000 2 3 2 6 2 2 1 3 2 2 2 2 5 2   1.200 1200.000 150.000 3 1 4 0 0 0 0 0 1
10 2   0.000  80.000 1 4 6   0.000 2 3 4 6 2 2 2 3 2 2 2 2 5 1   0.500  29.000   0.000 3 1 4 0 0 1 0 0 0
10 2   0.000   0.000 2 1 2   0.000 2 3 3 6 2 1 2 3 1 2 2 2 5 2   0.699 520.000 4880.000 3 1 4 0 0 1 0 0 0
10 2   0.000  60.000 1 4 6   0.000 2 3 4 6 2 2 2 3 2 2 2 2 5 1   0.799 609.900   0.000 3 1 4 0 0 1 0 0 0
4 2   0.000   0.000 2 4 3   0.000 1 3 5 6 2 2 2 3 2 2 2 2 5 1   1.200 609.900   0.000 3 1 4 0 0 0 0 1 0
9 2   0.000   0.000 2 1 3   0.000 1 3 2 6 2 2 2 3 2 2 2 2 5 1   0.699 610.000   0.000 3 1 4 0 0 1 0 0 0
10 1   0.000   0.000 2 1 2   0.000 2 3 2 6 2 2 2 3 2 2 2 2 5 1   0.700 610.000   0.000 3 1 4 0 0 1 0 0 0
10 2   0.000   0.000 2 1 3   0.000 1 3 4 6 2 2 2 3 2 2 2 2 5 1   0.601 1320.000   0.000 3 1 4 0 0 1 0 0 0
10 2   0.000  85.000 1 4 6   0.000 2 3 4 6 2 2 2 3 2 2 2 2 5 1   0.400  20.000   0.000 3 1 4 0 0 0 0 0 1
10 1   0.000   0.000 2 1 2   0.000 2 3 2 6 2 2 1 3 2 2 2 2 5 1   0.699 1320.000   0.000 3 1 4 0 0 1 0 0 0
10 5   0.000   0.000 2 4 6 600.000 2 3 4 6 2 2 2 3 2 2 2 2 5 2   1.299 1050.000 1220.000 3 1 4 0 1 0 0 0 0
10 4  65.000   0.000 2 4 6   0.000 2 3 5 6 2 2 2 2 2 2 2 2 5 1   3.200 640.000   0.000 3 2 4 0 0 1 0 0 0
10 4  55.000   0.000 2 4 6   0.000 2 3 5 6 2 2 2 3 2 2 2 2 5 1   1.090 900.000   0.000 3 1 4 0 0 1 0 0 0
10 5   0.000   0.000 2 4 6 600.000 2 3 4 6 2 2 1 3 2 2 2 2 5 1   1.600 1090.000   0.000 3 1 4 0 1 0 0 0 0
10 1   0.000   0.000 2 1 2   0.000 2 3 2 6 2 1 2 3 2 2 2 2 5 1   1.601 1320.000   0.000 3 1 4 0 0 1 0 0 0
10 2   0.000   0.000 2 1 2   0.000 2 3 3 6 2 2 2 3 2 2 2 2 5 2   0.600 520.000 762.000 3 1 4 0 0 1 0 0 0
10 4  65.000   0.000 2 4 6   0.000 2 3 5 6 2 2 2 3 2 2 2 2 5 1   1.000 610.000   0.000 3 1 4 0 0 1 0 0 0
10 2   0.000   0.000 2 1 2   0.000 2 3 3 6 2 1 2 1 1 2 2 2 5 2   0.600 300.100 4880.000 3 1 4 0 0 1 0 0 0
9 2   0.000  50.000 1 4 6   0.000 2 3 2 6 2 1 2 3 2 2 2 2 5 2   0.601 1250.000 4880.000 3 1 4 0 0 1 0 0 0
10 5   0.000   0.000 2 4 6 600.000 2 3 4 6 2 2 1 3 2 2 2 2 5 2   0.900 1050.000 1220.000 3 1 4 0 1 0 0 0 0
10 7   0.000   0.000 2 4 6 310.000 2 3 4 6 2 1 2 3 2 2 2 2 5 2   1.600 610.000 762.000 3 1 4 0 0 1 0 0 0
10 2   0.000  45.000 2 1 6   0.000 2 3 1 6 2 2 2 3 2 2 2 2 5 1   0.700 610.000   0.000 3 1 4 0 0 1 0 0 0
10 2   0.000  60.000 1 4 6   0.000 2 3 4 6 2 2 2 1 1 2 2 2 5 2   0.801 356.000 762.000 3 1 4 0 0 1 0 0 0
10 1   0.000   0.000 2 1 2   0.000 2 3 5 6 2 2 2 3 2 2 2 2 5 1   1.599 610.000   0.000 3 1 4 0 1 0 0 0 0
10 7   0.000   0.000 2 4 6 310.000 2 3 4 6 2 2 2 3 2 2 2 2 5 1   2.501 600.100   0.000 3 1 4 0 0 1 0 0 0
10 1   0.000   0.000 2 1 2   0.000 2 3 2 6 2 2 2 2 2 2 2 2 5 1   4.000 385.100   0.000 3 1 4 0 0 1 0 0 0
10 1   0.000   0.000 2 1 2   0.000 2 3 2 6 2 2 2 3 1 2 2 2 5 2   3.200 150.000 762.000 3 1 4 0 0 1 0 0 0
10 2   0.000   0.000 2 1 2   0.000 2 3 2 6 2 1 2 3 2 2 2 2 5 2   0.300 1320.000 762.000 1 1 4 0 0 1 0 0 0
10 1   0.000   0.000 2 1 2   0.000 2 3 2 6 2 1 2 3 1 2 2 2 5 2   0.699 1320.000 4880.000 1 1 4 0 0 1 0 0 0
10 8   0.000   0.000 2 1 2   0.000 2 3 5 1 2 2 2 3 2 2 2 2 5 2   0.700 1320.000 762.000 3 1 4 0 0 1 0 0 0
4 9   0.000   0.000 2 2 1   0.000 2 3 5 6 2 2 2 3 2 2 2 2 5 2   1.600 610.000 762.000 3 1 4 0 0 0 0 1 0
10 2   0.000   0.000 2 1 2   0.000 2 3 3 6 2 1 2 3 2 2 2 2 5 2   0.600 610.000 761.000 3 1 4 0 0 1 0 0 0
4 9   0.000   0.000 2 2 1   0.000 2 3 5 6 2 2 2 3 2 2 2 2 5 2   1.600 1220.000 762.000 3 1 4 0 0 0 0 1 0
10 4  65.000   0.000 2 4 6   0.000 2 3 5 6 2 2 1 2 2 2 2 2 5 1   2.300 900.000   0.000 3 3 4 0 0 1 0 0 0
10 2   0.000   0.000 2 1 2   0.000 2 3 3 6 2 2 2 3 2 2 2 2 5 2   0.999 1220.000 762.000 3 1 4 0 0 1 0 0 0
10 4  45.000   0.000 2 4 6   0.000 2 3 5 6 2 2 2 2 2 2 2 2 5 1   2.300 900.000   0.000 3 3 4 0 0 1 0 0 0
10 2   0.000   0.000 2 1 2   0.000 2 3 4 6 2 2 2 3 2 2 2 2 5 1   3.201   0.000   0.000 3 1 4 0 0 1 0 0 0
10 1   0.000   0.000 2 1 2   0.000 2 3 2 6 2 2 2 3 2 2 2 2 5 2   0.699 610.000 761.000 3 1 4 0 0 1 0 0 0
10 1   6.000   0.000 1 4 6   0.000 2 3 5 6 2 1 2 3 2 2 2 2 5 2   0.600 1320.000 4880.000 3 1 4 0 0 1 0 0 0
10 1   6.000   0.000 1 4 6   0.000 2 3 5 6 2 1 2 3 2 2 2 2 5 2   1.000 610.000 4880.000 3 1 4 0 0 1 0 0 0
10 1   0.000   0.000 2 1 2   0.000 2 3 2 6 2 2 2 3 1 2 2 2 5 2   3.200 1300.000 4880.000 3 1 4 0 0 1 0 0 0
10 4  45.000   0.000 2 4 6   0.000 2 3 5 6 2 2 2 2 2 2 2 2 5 1   3.200 900.000   0.000 3 3 4 0 0 1 0 0 0
10 2   0.000   0.000 2 1 2   0.000 2 3 2 6 2 2 2 1 2 2 2 2 5 1   3.200 609.900   0.000 3 1 4 0 0 1 0 0 0
10 2   0.000   0.000 2 1 2   0.000 2 3 2 6 2 2 2 1 2 2 2 2 5 1   0.400 609.900   0.000 3 1 4 0 0 1 0 0 0
10 1   0.000   0.000 2 1 2   0.000 2 3 5 6 2 2 2 3 2 2 2 2 5 1   1.600 609.900   0.000 3 1 4 0 1 0 0 0 0
10 1   0.000   0.000 2 1 2   0.000 2 3 2 6 2 1 2 1 1 2 2 2 5 2   1.601 610.000 4880.000 3 1 4 0 0 1 0 0 0
10 9   0.000   0.000 2 1 1   0.000 2 3 4 6 2 2 2 3 2 2 2 2 5 1   0.240  20.000   0.000 3 1 4 0 0 1 0 0 0
10 2   0.000   0.000 2 1 2   0.000 2 3 2 6 2 2 2 3 2 2 2 2 5 1   0.699 610.000   0.000 3 1 4 0 0 1 0 0 0
10 2   0.000   0.000 2 1 3   0.000 1 3 2 6 2 2 2 3 2 2 2 2 5 1   0.800 900.100   0.000 3 1 4 0 0 1 0 0 0
10 2   0.000   0.000 2 1 2   0.000 2 3 2 6 2 2 2 3 2 2 2 2 5 2   3.200 1320.100 762.000 3 1 4 0 0 1 0 0 0
10 1   0.000   0.000 2 1 2   0.000 2 3 5 6 2 2 2 3 2 2 2 2 5 1   0.800 1320.000   0.000 3 1 4 0 1 0 0 0 0
10 2   0.000   0.000 2 1 3   0.000 1 3 3 6 2 2 2 1 1 2 2 2 5 2   0.600 610.000 4170.000 3 1 4 0 0 1 0 0 0
4 2   0.000   0.000 2 4 3   0.000 1 3 5 6 2 2 2 1 2 2 2 2 5 1   0.600 610.000   0.000 3 1 4 0 0 0 0 1 0
10 2   0.000  85.000 1 4 6   0.000 2 3 4 6 2 2 2 2 2 2 2 2 5 1   3.201 610.000   0.000 3 3 4 0 0 0 0 0 1
10 1   0.000   0.000 2 1 2   0.000 2 3 2 6 2 1 2 3 2 2 2 2 5 2   1.600 500.000 4880.000 3 1 4 0 0 1 0 0 0
10 2   0.000   0.000 2 1 2   0.000 2 3 2 6 2 2 2 3 1 2 2 2 5 2   1.599 1320.000 4880.000 3 1 4 0 0 1 0 0 0
10 4  55.000   0.000 2 4 6   0.000 2 3 5 6 2 2 2 3 2 2 2 2 5 1   1.090 610.000   0.000 3 1 4 0 0 1 0 0 0
10 2   0.000   0.000 2 1 2   0.000 2 3 4 6 2 2 1 3 2 2 2 2 5 1   0.700 610.000   0.000 3 1 4 0 0 1 0 0 0
10 1   0.000   0.000 2 1 2   0.000 2 3 2 6 2 2 2 2 2 2 2 2 5 1   3.500 1000.000   0.000 3 3 4 0 0 1 0 0 0
10 1   0.000   0.000 2 1 2   0.000 2 3 5 6 2 2 2 3 1 2 2 2 5 2   0.800 1500.000 4170.000 3 1 4 0 1 0 0 0 0
10 1   0.000   0.000 2 1 2   0.000 2 3 5 6 2 2 2 3 1 2 2 2 5 2   1.600 1500.000 4170.000 3 1 4 0 1 0 0 0 0
10 1   0.000   0.000 2 1 2   0.000 2 3 2 6 2 2 2 1 1 2 2 2 5 2   0.699 610.000 150.000 3 1 4 0 0 1 0 0 0
9 2   0.000  50.000 1 4 6   0.000 2 3 2 6 2 1 2 3 2 2 2 2 5 1   0.451  20.000   0.000 3 1 4 0 0 1 0 0 0
9 2   0.000  50.000 1 4 6   0.000 2 3 2 6 2 1 2 1 2 2 2 2 5 2   0.600 1250.000 4880.000 3 1 4 0 0 1 0 0 0
10 8   0.000   0.000 2 1 2   0.000 2 3 5 2 2 2 2 3 2 2 2 2 5 2   0.800 1320.000 4880.000 3 1 4 0 1 0 0 0 0
10 2   0.000   0.000 2 1 2   0.000 2 3 3 6 2 1 2 3 1 2 2 2 5 2   0.999 1220.000 4880.000 3 1 4 0 0 1 0 0 0
10 2   0.000  45.000 2 1 6   0.000 2 3 1 6 2 2 2 3 2 2 2 2 5 1   0.400 610.000   0.000 2 1 4 0 0 1 0 0 0
10 2   0.000  60.000 1 4 6   0.000 2 3 4 6 2 2 2 3 2 2 2 2 5 1   2.800 610.000   0.000 3 3 4 0 0 1 0 0 0
4 2   0.000   0.000 2 4 3   0.000 1 3 5 6 2 2 2 3 2 1 2 2 5 2   0.600 335.000   1.000 3 1 4 0 0 0 0 1 0
10 2   0.000   0.000 2 1 3   0.000 1 3 2 6 2 2 2 3 2 2 2 2 5 2   1.000 1320.000 4880.000 3 1 4 0 0 1 0 0 0
10 2   0.000  45.000 2 1 6   0.000 2 3 1 6 2 2 2 1 2 2 2 2 5 1   0.301 1320.000   0.000 3 1 4 0 0 1 0 0 0
10 2   4.000   0.000 1 4 6   0.000 2 3 4 6 2 2 2 3 2 2 2 2 5 1   1.000 1130.000   0.000 3 1 4 0 0 1 0 0 0
9 1   0.000   0.000 2 2 2   0.000 2 3 4 6 2 2 2 3 2 2 2 2 5 1   0.699 609.900   0.000 3 1 4 0 0 1 0 0 0
10 2   0.000   0.000 2 1 2   0.000 2 3 2 6 2 1 2 1 1 2 2 2 5 2   1.599 1300.000 4880.000 3 1 4 0 0 1 0 0 0
10 2   0.000   0.000 2 1 2   0.000 2 3 3 6 2 1 2 1 1 2 2 2 5 2   0.699 519.900 762.000 3 1 4 0 0 1 0 0 0
10 1   0.000   0.000 2 1 2   0.000 2 3 2 6 2 2 2 1 2 2 2 2 5 2   0.700 609.900 762.000 3 1 4 0 0 1 0 0 0
10 1   0.000   0.000 2 1 2   0.000 2 3 5 6 2 2 2 1 1 2 2 2 5 2   1.599 1525.000 4170.000 3 1 4 0 1 0 0 0 0
9 1   0.000   0.000 2 2 2   0.000 2 3 4 6 2 2 2 3 2 2 2 2 5 1   0.699 609.900   0.000 3 1 4 0 0 1 0 0 0
10 9   0.000   0.000 2 2 2   0.000 2 3 4 6 2 2 2 3 2 2 2 2 5 1   0.699 610.000   0.000 3 1 4 0 0 1 0 0 0
10 1   0.000   0.000 2 1 2   0.000 2 3 2 6 2 2 2 3 2 2 2 2 5 1   0.699 1320.000   0.000 3 1 4 0 0 1 0 0 0
10 8   0.000   0.000 2 1 2   0.000 2 3 5 2 2 2 2 3 2 2 2 2 5 2   0.800 610.000 4880.000 3 1 4 0 1 0 0 0 0
10 1   0.000   0.000 2 1 2   0.000 2 3 5 6 2 2 2 1 1 2 2 2 5 2   2.000 610.000 612.000 3 1 4 0 1 0 0 0 0
9 2   0.000  85.000 1 4 6   0.000 2 3 2 6 2 2 1 3 2 2 2 2 5 2   1.200 1200.000 611.000 3 1 4 0 0 0 0 0 1
10 7   0.000   0.000 2 4 6 310.000 2 3 4 6 2 2 2 3 2 2 2 2 5 2   0.800 1275.000 4880.000 3 1 4 0 0 1 0 0 0
10 9   0.000  50.000 1 4 6   0.000 2 3 4 6 2 2 2 3 2 2 2 2 5 1   1.201 1320.000   0.000 3 1 4 0 0 1 0 0 0
10 2   0.000   0.000 2 1 2   0.000 2 3 4 6 2 2 2 3 2 2 2 2 5 1   3.200 610.000   0.000 3 1 4 0 0 1 0 0 0
10 2   0.000  60.000 1 4 6   0.000 2 3 4 6 2 2 2 3 2 2 2 2 5 1   0.600 1320.000   0.000 3 1 4 0 0 1 0 0 0
9 2   0.000  50.000 1 4 6   0.000 2 3 2 6 2 2 2 1 2 2 2 2 5 2   0.600 1250.000 4880.000 3 1 4 0 0 1 0 0 0
10 6   0.000   0.000 2 4 6 700.000 2 3 5 6 2 2 2 3 2 2 2 2 5 1   1.000 609.900   0.000 3 1 4 1 0 0 0 0 0
10 1   0.000   0.000 2 1 2   0.000 2 3 5 6 2 1 2 3 2 2 2 2 5 1   0.800 610.000   0.000 3 1 4 0 1 0 0 0 0
10 1   0.000   0.000 2 1 3   0.000 2 3 2 6 2 2 2 3 2 2 2 2 5 2   0.600 375.000 4880.000 3 1 4 0 0 1 0 0 0
4 2   0.000   0.000 2 1 3   0.000 1 3 5 6 2 2 2 3 2 2 2 2 5 1   1.600 609.900   0.000 3 1 4 0 0 0 0 1 0
10 2   0.000   0.000 2 1 2   0.000 2 3 2 6 2 2 2 3 2 2 2 2 5 1   0.700 599.900   0.000 3 1 4 0 0 1 0 0 0
10 8   0.000   0.000 2 1 2   0.000 2 3 5 2 2 2 2 3 2 2 2 2 5 2   1.599 1320.000 762.000 3 1 4 0 1 0 0 0 0
10 1   0.000   0.000 2 1 3   0.000 2 3 5 6 2 2 2 3 2 2 2 2 5 2   1.600 610.000 4170.000 3 1 4 0 1 0 0 0 0
10 5   0.000   0.000 2 4 6 600.000 2 3 4 6 2 2 1 3 2 2 2 2 5 2   0.900 610.000 1220.000 3 1 4 0 1 0 0 0 0
10 2   0.000   0.000 2 1 2   0.000 2 3 4 6 2 2 1 3 2 2 2 2 5 2   0.700 610.000 4880.000 3 1 4 0 0 1 0 0 0
10 1   0.000   0.000 2 1 2   0.000 2 3 2 6 2 2 2 1 2 2 2 2 5 1   0.699 1320.000   0.000 3 1 4 0 0 1 0 0 0
9 2   0.000  50.000 1 4 6   0.000 2 3 2 6 2 2 2 3 2 2 2 2 5 1   0.300 1250.000   0.000 3 1 4 0 0 1 0 0 0
10 2   0.000  85.000 1 4 6   0.000 2 3 4 6 2 2 2 3 2 2 2 2 5 2   0.300 1220.000 762.000 3 1 4 0 0 0 0 0 1
10 2   0.000   0.000 2 1 2   0.000 2 3 2 6 2 2 2 3 2 2 2 2 5 1   1.200 599.900   0.000 3 1 4 0 0 1 0 0 0
10 1   0.000   0.000 2 1 3   0.000 2 3 5 6 2 2 2 3 2 2 2 2 5 2   1.599 610.000 4880.000 3 1 4 0 1 0 0 0 0
10 2   0.000   0.000 2 1 2   0.000 2 3 2 6 2 2 2 3 1 2 2 2 5 2   0.700 610.000 4880.000 3 1 4 0 0 1 0 0 0
10 1   0.000   0.000 2 1 2   0.000 2 3 2 6 2 1 2 3 2 2 2 2 5 1   1.600 1320.000   0.000 3 1 3 0 0 1 0 0 0
10 2   0.000   0.000 2 1 2   0.000 2 3 2 6 2 2 2 3 2 2 2 2 5 1   0.400  20.000   0.000 3 1 4 0 0 1 0 0 0
10 1   0.000   0.000 2 1 2   0.000 2 3 5 6 2 2 2 1 2 2 2 2 5 2   0.800 610.000 4880.000 3 1 4 0 1 0 0 0 0
10 2   0.000   0.000 2 1 2   0.000 2 3 3 6 2 2 2 3 2 2 2 2 5 2   0.699 520.000 4880.000 3 1 4 0 0 1 0 0 0
10 2   0.000   0.000 2 1 2   0.000 2 3 2 6 2 2 2 3 2 2 2 2 5 1   0.321 610.000   0.000 3 1 4 0 0 1 0 0 0
10 9   0.000   0.000 2 1 1   0.000 2 3 4 6 2 2 2 3 2 2 2 2 5 2   0.300 1220.000 4170.000 3 1 4 0 0 1 0 0 0
10 2   0.000   0.000 2 1 2   0.000 2 3 4 6 2 2 2 1 2 2 2 2 5 2   0.700 610.000 4880.000 3 1 4 0 0 1 0 0 0
10 2   0.000   0.000 2 4 6 500.000 2 3 4 6 2 2 2 3 2 2 2 2 5 1   1.600 1525.000   0.000 3 1 4 0 0 1 0 0 0
10 2   0.000  45.000 2 1 6   0.000 2 3 1 6 2 2 2 1 2 2 2 2 5 2   0.300 1320.000 762.000 3 1 4 0 0 1 0 0 0
10 2   0.000  85.000 1 4 6   0.000 2 3 4 6 2 2 2 3 2 2 2 2 5 1   3.200 609.900   0.000 3 1 4 0 0 0 0 0 1
10 1   0.000   0.000 2 1 2   0.000 2 3 2 6 2 2 2 3 2 2 2 2 5 2   3.200 1320.000 4880.000 3 1 4 0 0 1 0 0 0
10 1   0.000   0.000 2 1 2   0.000 2 3 2 6 2 2 2 1 2 2 2 2 5 1   3.200 609.900   0.000 3 1 4 0 0 1 0 0 0
10 1   0.000   0.000 2 1 2   0.000 2 3 2 6 2 1 2 3 2 2 2 2 5 2   0.700 609.900 762.000 3 1 4 0 0 1 0 0 0
10 5   0.000   0.000 2 4 6 350.000 2 3 4 6 2 2 2 3 2 2 2 2 5 1   1.601 609.900   0.000 3 1 4 0 0 1 0 0 0
