; CARD (TOTES les dades, *shuffled*)
690
;
  2  35.170  25.125   1   1  11   2   1.625   1   1   1.000   1   1 515.000   6.217 1 0
  X    32.250   1.500   1   1   1   1   0.250   2   2   0.000   1   1 372.000   4.812 0 1
  2  42.080   1.040   1   1  10   1   5.000   1   1   6.000   1   1 500.000   9.210 1 0
  2  32.080   4.000   2   2   3   1   1.500   2   2   0.000   1   1 120.000   0.000 0 1
  1  22.670   0.335   1   1   9   1   0.750   2   2   0.000   2   3 160.000   0.000 0 1
  2  39.420   1.710   2   2   7   1   0.165   2   2   0.000   2   3 400.000   0.000 0 1
  2  41.580   1.750   1   1   6   1   0.210   1   2   0.000   2   1 160.000   0.000 0 1
  2  41.170   4.040   1   1   3   2   7.000   1   1   8.000   2   1 320.000   0.000 1 0
  1  24.920   1.250   1   1  14   8   0.000   1   2   0.000   2   1  80.000   0.000 0 1
  2  23.250  12.625   1   1   1   1   0.125   2   1   2.000   2   1   0.000   8.622 0 1
  2  27.830   4.000   2   2   4   2   5.750   1   1   2.000   1   1  75.000   0.000 0 1
  1  35.170   3.750   1   1  14   8   0.000   2   1   6.000   2   1   0.000   5.303 0 1
  2  19.500   9.585   1   1  13   1   0.790   2   2   0.000   2   1  80.000   5.861 0 1
  1  22.500   8.500   1   1   9   1   1.750   1   1  10.000   2   1  80.000   6.899 0 1
  1  25.250  12.500   1   1   2   1   1.000   2   2   0.000   1   1 180.000   6.969 0 1
  2  25.500   0.375   1   1   7   1   0.250   1   1   3.000   2   1 260.000   9.623 1 0
  2  27.000   1.500   2   2  10   1   0.375   1   2   0.000   1   1 260.000   6.972 1 0
  2  32.670   5.500   1   1   9   2   5.500   1   1  12.000   1   1 408.000   6.909 1 0
  2  39.170   2.500   2   2   4   2  10.000   2   2   0.000   1   3 200.000   0.000 0 1
  2  37.500   1.125   2   2   2   1   1.500   2   2   0.000   1   1 431.000   0.000 1 0
  2  22.670   0.750   1   1   4   1   1.585   2   1   1.000   1   1 400.000   2.303 0 1
  1  20.750   9.540   1   1   4   1   0.040   2   2   0.000   2   1 200.000   6.909 0 1
  1  25.420   1.125   1   1   9   1   1.290   1   1   2.000   2   1 200.000   0.000 0 1
  1  17.920  10.210   1   1  14   8   0.000   2   2   0.000   2   1   0.000   3.932 0 1
  1  19.170   0.585   2   2  13   1   0.585   1   2   0.000   1   1 160.000   0.000 0 1
  1  22.750   6.165   1   1  13   1   0.165   2   2   0.000   2   1 220.000   6.909 0 1
  2  48.170   3.500   1   1  13   1   3.500   1   2   0.000   2   3 230.000   0.000 1 0
  2  25.000  12.000   1   1   6   1   2.250   1   1   2.000   1   1 120.000   1.792 0 1
  1  22.830   2.290   1   1   9   2   2.290   1   1   7.000   1   1 140.000   7.777 1 0
  2  23.920   0.585   2   2   3   2   0.125   2   2   0.000   2   1 240.000   0.693 0 1
  2  42.170   5.040   1   1   9   2  12.750   1   2   0.000   1   1  92.000   0.000 1 0
  1  36.750   5.125   1   1  12   1   5.000   1   2   0.000   1   1   0.000   8.294 1 0
  2  17.500  22.000   3   3  14   9   0.000   2   2   0.000   1   2 450.000  11.513 1 0
  1  52.830  15.000   1   1   1   1   5.500   1   1  14.000   2   1   0.000   7.697 1 0
  1  25.580   0.000   X     X     X     X     0.000   2   2   0.000   2   2   X     0.000 1 0
  2  25.750   0.500   1   1   1   1   1.460   1   1   5.000   1   1 312.000   0.000 1 0
  1  47.420   3.000   1   1  11   1  13.875   1   1   2.000   1   1 519.000   7.441 1 0
  2  24.580  12.500   1   1  10   1   0.875   1   2   0.000   1   1 260.000   0.000 0 1
  1  20.420   0.835   1   1   9   1   1.585   1   1   1.000   2   1   0.000   0.000 1 0
  1  25.170   2.875   1   1  11   2   0.875   1   2   0.000   2   1 360.000   0.000 1 0
  1  30.420   1.375   1   1  10   2   0.040   2   1   3.000   2   1   0.000   3.526 0 1
  2  22.670   2.540   2   2   1   2   2.585   1   2   0.000   2   1   0.000   0.000 1 0
  2  25.000  12.500   1   1  13   1   3.000   1   2   0.000   1   3  20.000   0.000 1 0
  2  43.250  25.210   1   1   9   2   0.210   1   1   1.000   2   1 760.000   4.511 0 1
  1  23.750   0.710   1   1  10   1   0.250   2   1   1.000   1   1 240.000   1.609 0 1
  2  28.170   0.125   2   2   6   1   0.085   2   2   0.000   2   1 216.000   7.650 0 1
  2  54.580   9.415   1   1  14   8  14.415   1   1  11.000   1   1  30.000   5.707 1 0
  1  47.750   8.000   1   1   1   1   7.875   1   1   6.000   1   1   0.000   7.140 1 0
  2  48.750  26.335   2   2  14   8   0.000   1   2   0.000   1   1   0.000   0.000 0 1
  1  26.080   8.665   1   1  13   1   1.415   1   2   0.000   2   1 160.000   5.017 1 0
  2  16.500   0.125   1   1   1   1   0.165   2   2   0.000   2   1 132.000   0.000 0 1
  2  23.250   1.000   1   1   1   1   0.835   1   2   0.000   2   3 300.000   0.000 1 0
  2  34.080   2.500   1   1   1   1   1.000   2   2   0.000   2   1 460.000   2.833 0 1
  1  20.830   3.000   1   1  13   1   0.040   1   2   0.000   2   1 100.000   0.000 1 0
  2  47.830   4.165   1   1  11   3   0.085   2   2   0.000   1   1 520.000   0.000 0 1
  2  18.830   0.415   2   2   1   1   0.165   2   1   1.000   2   1 200.000   0.693 0 1
  2  25.670   0.290   2   2   1   1   1.500   2   2   0.000   1   1 160.000   0.000 0 1
  2  38.670   0.210   1   1   6   1   0.085   1   2   0.000   1   1 280.000   0.000 1 0
  2   X     3.000   2   2   4   3   7.000   2   2   0.000   2   1   0.000   0.693 0 1
  2  40.000   6.500   1   1  13   3   3.500   1   1   1.000   2   1   0.000   6.217 1 0
  1  24.750  13.665   1   1   9   2   1.500   2   2   0.000   2   1 280.000   0.693 0 1
  2  26.000   1.000   1   1   9   1   1.750   1   2   0.000   1   1 280.000   0.000 1 0
  1  20.830   8.500   1   1   1   1   0.165   2   2   0.000   2   1   0.000   5.864 0 1
  2  41.750   0.960   1   1  11   1   2.500   1   2   0.000   2   1 510.000   6.399 1 0
  2  20.080   0.250   1   1   9   1   0.125   2   2   0.000   2   1 200.000   0.000 0 1
  2  33.670   2.165   1   1   1   1   1.500   2   2   0.000   2   2 120.000   0.000 0 1
  2  28.670  14.500   1   1   2   1   0.125   2   2   0.000   2   1   0.000   5.659 0 1
  2  36.170   5.500   1   1   4   3   5.000   2   2   0.000   2   1 210.000   6.534 0 1
  2  42.830   4.625   1   1   9   1   4.580   1   2   0.000   2   3   0.000   0.000 1 0
  2  34.170   2.750   1   1   4   3   2.500   2   2   0.000   1   1 232.000   5.303 0 1
  2  57.420   8.500   1   1  12   2   7.000   1   1   3.000   2   1   0.000   0.000 1 0
  1  20.670   3.000   1   1   9   1   0.165   1   1   3.000   2   1 100.000   1.946 1 0
  2  27.250   0.625   1   1  13   1   0.455   1   2   0.000   1   1 200.000   0.000 0 1
  2  29.830   3.500   1   1   1   1   0.165   2   2   0.000   2   1 216.000   0.000 0 1
  1  25.080   2.540   2   2  13   1   0.250   1   2   0.000   1   1 370.000   0.000 1 0
  2  24.170   0.875   1   1   9   1   4.625   1   1   2.000   1   1 520.000   7.601 1 0
  2  22.170   2.250   1   1   4   1   0.125   2   2   0.000   2   1 160.000   2.398 0 1
  1  30.500   6.500   1   1   1   3   4.000   1   1   7.000   1   1   0.000   8.028 1 0
  1  20.420  10.500   2   2  11   2   0.000   2   2   0.000   1   1 154.000   3.497 0 1
  2  33.670   1.250   1   1  10   1   1.165   2   2   0.000   2   1 120.000   0.000 0 1
  2  39.170   1.625   1   1   1   1   1.500   1   1  10.000   2   1 186.000   8.456 1 0
  2  23.000   0.625   2   2  13   1   0.125   1   2   0.000   2   1 180.000   0.693 0 1
  2  19.330   9.500   1   1   9   1   1.000   1   2   0.000   1   1  60.000   5.994 1 0
  2  52.420   1.500   1   1   2   1   3.750   2   2   0.000   1   1   0.000   5.861 0 1
  2  22.670   1.585   2   2  10   1   3.085   1   1   6.000   2   1  80.000   0.000 1 0
  2  29.580   4.500   1   1  10   1   7.500   1   1   2.000   1   1 330.000   0.000 1 0
  2  23.420   0.585   1   1   1   2   0.085   1   2   0.000   2   1 180.000   0.000 0 1
  2  27.580   3.250   2   2   9   2   5.085   2   1   2.000   1   1 369.000   0.693 0 1
  1  29.500   0.460   1   1   6   1   0.540   1   1   4.000   2   1 380.000   6.217 1 0
  2  16.080   0.750   1   1   1   1   1.750   1   1   5.000   1   1 352.000   6.538 1 0
  2  32.670   9.000   2   2  10   2   5.250   1   2   0.000   1   1 154.000   0.000 1 0
  1  15.830   0.585   1   1   1   2   1.500   1   1   2.000   2   1 100.000   0.000 1 0
  1  46.000   4.000   1   1   5   4   0.000   1   2   0.000   2   1 100.000   6.868 1 0
  2  27.000   0.750   1   1   1   2   4.250   1   1   3.000   1   1 312.000   5.017 1 0
  2  23.750  12.000   1   1   1   1   2.085   2   2   0.000   2   3  80.000   0.000 0 1
  2  22.750  11.500   1   1   4   1   0.415   2   2   0.000   2   1   0.000   0.000 0 1
  2  51.330  10.000   1   1   4   3   0.000   1   1  11.000   2   1   0.000   7.131 1 0
  2  29.500   0.580   1   1  10   1   0.290   2   1   1.000   2   1 340.000   7.939 0 1
  1  22.500   8.460   2   2  11   1   2.460   2   2   0.000   2   1 164.000   0.000 1 0
  2  36.330   2.125   2   2  10   1   0.085   1   1   1.000   2   1  50.000   7.080 1 0
  2  51.830   3.000   2   2  14   8   1.500   2   2   0.000   2   1 180.000   1.609 0 1
  2  39.330   5.875   1   1   3   2  10.000   1   1  14.000   1   1 399.000   0.000 1 0
  2  44.250   0.500   1   1   7   1  10.750   1   2   0.000   2   3 400.000   0.000 0 1
  2  40.920   2.250   2   2  11   2  10.000   1   2   0.000   1   1 176.000   0.000 0 1
  2  31.670  16.165   1   1   2   1   3.000   1   1   9.000   2   1 250.000   6.594 1 0
  X    40.830   3.500   1   1   4   3   0.500   2   2   0.000   2   3 1160.000   0.000 0 1
  1  21.250   2.335   1   1   4   3   0.500   1   1   4.000   2   3  80.000   0.000 1 0
  1  41.330   1.000   1   1   4   3   2.250   1   2   0.000   1   1   0.000   5.707 1 0
  1  33.250   3.000   2   2  13   1   2.000   2   2   0.000   2   1 180.000   0.000 0 1
  1  23.420   0.790   2   2   9   1   1.500   1   1   2.000   1   1  80.000   5.994 1 0
  2  31.830   2.500   1   1  13   1   7.500   1   2   0.000   1   1 523.000   0.000 0 1
  1  22.420  11.250   2   2  11   2   0.750   1   1   4.000   2   1   0.000   5.775 1 0
  2  31.000   2.085   1   1   1   1   0.085   2   2   0.000   2   1 300.000   0.000 0 1
  1  60.580  16.500   1   1   9   1  11.000   1   2   0.000   1   1  21.000   9.265 1 0
  1  27.330   1.665   1   1  14   8   0.000   2   2   0.000   2   1 340.000   0.693 0 1
  2  25.080   1.710   1   1  11   1   1.665   1   1   1.000   1   1 395.000   3.045 1 0
  X    45.330   1.000   1   1   9   1   0.125   2   2   0.000   1   1 263.000   0.000 0 1
  2  35.250  16.500   2   2   1   1   4.000   1   2   0.000   2   1  80.000   0.000 0 1
  1  32.170   1.460   1   1  10   1   1.085   1   1  16.000   2   1 120.000   7.640 1 0
  2  27.670   0.750   1   1   9   2   0.165   2   2   0.000   1   1 220.000   5.529 0 1
  1  18.250  10.000   1   1  10   1   1.000   2   1   1.000   2   1 120.000   0.693 0 1
  2  34.000   5.500   2   2   1   1   1.500   2   2   0.000   1   1  60.000   0.000 0 1
  2  34.420   1.335   1   1   4   3   0.125   2   2   0.000   1   1 440.000   8.412 0 1
  1  17.830  11.000   1   1  11   2   1.000   1   1  11.000   2   1   0.000   8.007 1 0
  2  25.170   6.000   1   1   1   1   1.000   1   1   3.000   2   1   0.000   0.000 1 0
  2  32.420   2.165   2   2   6   8   0.000   2   2   0.000   2   1 120.000   0.000 0 1
  1  20.500  11.835   1   1   1   2   6.000   1   2   0.000   2   1 340.000   0.000 1 0
  2  36.670   2.000   1   1   4   1   0.250   2   2   0.000   1   1 221.000   0.000 0 1
  2  51.830   2.040   2   2  14   8   1.500   2   2   0.000   2   1 120.000   0.693 0 1
  1  49.000   1.500   1   1   5   4   0.000   1   2   0.000   1   1 100.000   3.332 0 1
  1  23.500   9.000   1   1   9   1   8.500   1   1   5.000   1   1 120.000   0.000 1 0
  2  37.750   7.000   1   1   9   2  11.500   1   1   7.000   1   1 300.000   1.792 0 1
  2  16.250   0.835   1   1   7   1   0.085   1   2   0.000   2   3 200.000   0.000 0 1
  1  35.420  12.000   1   1   9   2  14.000   1   1   8.000   2   1   0.000   8.793 1 0
  2  36.750   0.125   2   2   1   1   1.500   2   2   0.000   1   1 232.000   4.736 1 0
  X    42.250   1.750   2   2   X     X     0.000   2   2   0.000   1   1 150.000   0.693 0 1
  2  23.580   0.835   1   1   4   2   0.085   2   2   0.000   1   1 220.000   1.792 0 1
  2  32.330   7.500   1   1  12   3   1.585   1   2   0.000   1   3 420.000   0.000 0 1
  2  21.330  10.500   1   1   1   1   3.000   1   2   0.000   1   1   0.000   0.000 1 0
  1  24.750   3.000   1   1   9   2   1.835   1   1  19.000   2   1   0.000   6.217 1 0
  1  58.670   4.460   1   1   9   2   3.040   1   1   6.000   2   1  43.000   6.330 1 0
  2  58.580   2.710   1   1   1   1   2.415   2   2   0.000   1   1 320.000   0.000 0 1
  2  31.330  19.500   1   1   1   1   7.000   1   1  16.000   2   1   0.000   8.517 1 0
  X    26.500   2.710   2   2   X     X     0.085   2   2   0.000   2   3  80.000   0.000 0 1
  2  47.170   5.835   1   1  10   1   5.500   2   2   0.000   2   1 465.000   5.017 0 1
  2  35.000   3.375   1   1   1   2   8.290   2   2   0.000   1   1   0.000   0.000 0 1
  2  17.580  10.000   1   1  10   2   0.165   2   1   1.000   2   1 120.000   0.693 0 1
  2  34.080   6.500   1   1  13   1   0.125   1   2   0.000   1   1 443.000   0.000 0 1
  2  45.170   1.500   1   1   1   1   2.500   1   2   0.000   1   1 140.000   0.000 0 1
  2  23.250   1.500   1   1   9   1   2.375   1   1   3.000   1   1   0.000   6.368 1 0
  2  28.670   9.335   1   1   9   2   5.665   1   1   6.000   2   1 381.000   5.130 1 0
  2  18.580   5.710   1   1   2   1   0.540   2   2   0.000   2   1 120.000   0.000 0 1
  2  30.170   1.085   2   2   1   1   0.040   2   2   0.000   2   1 170.000   5.193 0 1
  2  16.330   4.085   1   1   4   2   0.415   2   2   0.000   1   1 120.000   0.000 0 1
  2  21.580   0.790   2   2   3   1   0.665   2   2   0.000   2   1 160.000   0.000 0 1
  2  29.420   1.250   1   1   1   2   0.250   2   1   2.000   1   1 400.000   4.691 0 1
  1  18.920   9.000   1   1  13   1   0.750   1   1   2.000   2   1  88.000   6.384 1 0
  2  42.000   0.205   1   1   4   2   5.125   1   2   0.000   2   1 400.000   0.000 1 0
  2  23.500   3.165   2   2   6   1   0.415   2   1   1.000   1   1 280.000   4.394 0 1
  2  41.500   1.540   1   1   4   3   3.500   2   2   0.000   2   1 216.000   0.000 1 0
  2  39.080   6.000   1   1   7   1   1.290   1   1   5.000   1   1 108.000   7.001 1 0
  2  41.920   0.420   1   1   1   2   0.210   1   1   6.000   2   1 220.000   6.855 1 0
  1  22.920   1.250   1   1   9   1   0.250   2   2   0.000   1   1 120.000   6.697 0 1
  1  24.500   2.415   2   2   1   1   0.000   2   2   0.000   2   1 120.000   0.000 0 1
  1  25.000  12.330   1   1   3   2   3.500   1   1   6.000   2   1 400.000   6.129 1 0
  1  22.670   0.790   1   1   4   1   0.085   2   2   0.000   2   1 144.000   0.000 0 1
  2  33.170   1.040   1   1   8   2   6.500   1   2   0.000   1   1 164.000  10.351 1 0
  2  33.750   2.750   1   1   4   3   0.000   2   2   0.000   2   1 180.000   0.000 0 1
  2  32.920   2.500   1   1  13   1   1.750   2   1   2.000   1   1 720.000   0.000 0 1
  1  24.500   1.040   2   2  14   8   0.500   1   1   3.000   2   1 180.000   4.997 0 1
  2  43.000   0.290   2   2   3   2   1.750   1   1   8.000   2   1 100.000   5.930 1 0
  1  23.000   1.835   1   1   5   4   0.000   2   1   1.000   2   1 200.000   3.989 0 1
  1  44.170   6.665   1   1   9   1   7.375   1   1   3.000   1   1   0.000   0.000 1 0
  2  56.750  12.250   1   1   7   1   1.250   1   1   4.000   1   1 200.000   0.000 1 0
  2  24.080   0.875   1   1   7   1   0.085   2   1   4.000   2   1 254.000   7.576 0 1
  2  40.580   1.500   1   1   4   3   0.000   2   2   0.000   2   3 300.000   0.000 0 1
  1  29.500   1.085   2   2  11   1   1.000   2   2   0.000   2   1 280.000   2.639 0 1
  2  35.580   0.750   1   1   6   1   1.500   2   2   0.000   1   1 231.000   0.000 0 1
  1  64.080   0.165   1   1  14   8   0.000   1   1   1.000   2   1 232.000   4.615 1 0
  2  26.750   1.125   1   1  11   2   1.250   1   2   0.000   2   1   0.000   8.575 1 0
  2  80.250   5.500   1   1   X     X     0.540   1   2   0.000   2   1   0.000   5.832 0 1
  2  29.670   1.415   1   1  10   2   0.750   1   1   1.000   2   1 240.000   4.615 1 0
  1  38.330   4.415   1   1   1   1   0.125   2   2   0.000   2   1 160.000   0.000 0 1
  1  41.580   1.040   1   1  13   1   0.665   2   2   0.000   2   1 240.000   5.472 0 1
  2  28.250   5.125   1   1  11   1   4.750   1   1   2.000   2   1 420.000   2.079 1 0
  2  20.500   2.415   1   1   1   1   2.000   1   1  11.000   1   1 200.000   8.007 1 0
  2  27.750   0.585   2   2   3   1   0.250   1   1   2.000   2   1 260.000   6.217 1 0
  2  50.750   0.585   1   1  14   8   0.000   2   2   0.000   2   1 145.000   0.000 0 1
  1  25.250  13.500   2   2  14   8   2.000   2   1   1.000   1   1 200.000   0.693 0 1
  1  23.580   0.585   2   2  14   8   0.125   2   2   0.000   2   1 120.000   4.477 0 1
  2  22.830   3.000   1   1   7   1   1.290   1   1   1.000   2   1 260.000   6.686 1 0
  2  22.330  11.000   1   1  10   1   2.000   1   1   1.000   2   1  80.000   5.631 1 0
  2  31.250   2.835   1   1  14   8   0.000   2   1   5.000   2   1 176.000   4.990 0 1
  2  49.170   2.290   1   1  14   8   0.290   2   2   0.000   2   1 200.000   1.386 0 1
  2  33.580   2.750   1   1   7   1   4.250   1   1   6.000   2   1 204.000   0.000 1 0
  2  41.330   0.000   1   1   1   3  15.000   1   2   0.000   2   1   0.000   0.000 1 0
  1  30.000   5.290   1   1  12   7   2.250   1   1   5.000   1   1  99.000   6.217 1 0
  2  40.580   5.000   1   1   1   1   5.000   1   1   7.000   2   1   0.000   8.028 1 0
  2  37.420   2.040   1   1  10   1   0.040   1   2   0.000   1   1 400.000   8.666 1 0
  2  15.170   7.000   1   1  12   1   1.000   2   2   0.000   2   1 600.000   0.000 0 1
  2  17.420   6.500   1   1   4   1   0.125   2   2   0.000   2   1  60.000   4.615 0 1
  2  19.170   4.000   2   2   4   1   1.000   2   2   0.000   1   1 360.000   6.909 0 1
  1  25.330   2.085   1   1   1   2   2.750   1   2   0.000   1   1 360.000   0.693 0 1
  2  54.330   6.750   1   1   1   2   2.625   1   1  11.000   1   1   0.000   5.652 1 0
  2  30.670   2.500   1   1   3   2   2.250   2   2   0.000   1   3 340.000   0.000 0 1
  2  31.080   1.500   2   2  10   1   0.040   2   2   0.000   2   3 160.000   0.000 0 1
  2  20.250   9.960   1   1  12   7   0.000   1   2   0.000   2   1   0.000   0.000 1 0
  2  63.330   0.540   1   1   1   1   0.585   1   1   3.000   1   1 180.000   0.000 0 1
  2  20.420   0.000   X     X     X     X     0.000   2   2   0.000   2   2   X     0.000 0 1
  2  20.500  10.000   2   2   1   1   2.500   1   2   0.000   2   3  40.000   0.000 1 0
  2  38.250  10.125   2   2   6   1   0.125   2   2   0.000   2   1 160.000   0.000 0 1
  2  34.000   5.085   2   2   4   3   1.085   2   2   0.000   1   1 480.000   0.000 0 1
  1  19.170   5.415   1   1   4   2   0.290   2   2   0.000   2   1  80.000   6.184 0 1
  X    20.420   7.500   1   1   6   1   1.500   1   1   1.000   2   1 160.000   5.460 1 0
  1  57.580   2.000   1   1  14   8   6.500   2   1   1.000   2   1   0.000   2.398 0 1
  2  25.170   3.000   1   1   1   1   1.250   2   1   1.000   2   1   0.000   3.135 0 1
  2  25.000  11.250   1   1   1   1   2.500   1   1  17.000   2   1 200.000   7.098 1 0
  2  35.000   2.500   1   1   4   1   1.000   2   2   0.000   1   1 210.000   0.000 0 1
  2  16.250   0.000   2   2  13   1   0.250   2   2   0.000   2   1  60.000   0.000 0 1
  1  26.920  13.500   1   1   9   2   5.000   1   1   2.000   2   1   0.000   8.517 1 0
  2  35.170   4.500   1   1  11   2   5.750   2   2   0.000   1   3 711.000   0.000 1 0
  2  36.250   5.000   1   1   1   3   2.500   1   1   6.000   2   1   0.000   5.908 1 0
  2  40.250  21.500   1   1  12   6  20.000   1   1  11.000   2   1   0.000   7.091 1 0
  2  54.420   0.500   2   2   6   2   3.960   1   2   0.000   2   1 180.000   5.753 1 0
  X    33.170   2.250   2   2   3   1   3.500   2   2   0.000   1   1 200.000   4.956 0 1
  2  25.330   0.580   1   1   1   1   0.290   1   1   7.000   1   1  96.000   8.542 1 0
  2  49.500   7.585   1   1   4   3   7.585   1   1  15.000   1   1   0.000   8.517 1 0
  1  31.250   3.750   1   1   3   2   0.625   1   1   9.000   1   1 181.000   0.000 1 0
  1  18.920   9.250   2   2   1   1   1.000   1   1   4.000   1   1  80.000   6.217 1 0
  1  18.080   0.375   3   3   3   8  10.000   2   2   0.000   1   3 300.000   0.000 1 0
  2  59.500   2.750   1   1  10   1   1.750   1   1   5.000   1   1  60.000   4.078 1 0
  1  17.670   0.000   2   2   5   8   0.000   2   2   0.000   2   1  86.000   0.000 0 1
  1  21.920  11.665   1   1   6   2   0.085   2   2   0.000   2   1 320.000   1.792 0 1
  2  19.330  10.915   1   1   1   3   0.585   2   1   2.000   1   1 200.000   2.079 0 1
  2  37.170   4.000   1   1   1   3   5.000   1   2   0.000   1   3 280.000   0.000 0 1
  1  30.580  10.665   1   1   9   2   0.085   2   1  12.000   1   1 129.000   1.386 0 1
  2  27.830   1.500   1   1  10   1   2.000   1   1  11.000   1   1 434.000   3.584 1 0
  2  62.500  12.750   2   2   1   2   5.000   1   2   0.000   2   1 112.000   0.000 0 1
  2  48.080   6.040   1   1   6   1   0.040   2   2   0.000   2   1   0.000   7.898 1 0
  2  39.500   1.625   1   1   1   1   1.500   2   2   0.000   2   1   0.000   5.759 0 1
  2  34.250   3.000   1   1   3   2   7.415   1   2   0.000   1   1   0.000   0.000 1 0
  2   X     4.000   2   2   4   1   0.085   2   2   0.000   1   1 411.000   0.000 0 1
  1  27.420  14.500   1   1  11   2   3.085   1   1   1.000   2   1 120.000   2.485 1 0
  2  34.000   4.500   1   1  13   1   1.000   1   2   0.000   1   1 240.000   0.000 0 1
  2  33.580   0.335   2   2   3   1   0.085   2   2   0.000   2   1 180.000   0.000 0 1
  2  33.170   3.040   2   2   1   2   2.040   1   1   1.000   1   1 180.000   9.800 1 0
  1  22.670   0.750   1   1   1   1   2.000   2   1   2.000   1   1 200.000   5.979 0 1
  1  49.830  13.585   1   1   6   2   8.500   1   2   0.000   1   1   0.000   0.000 1 0
  2  18.080   6.750   2   2   7   1   0.040   2   2   0.000   2   1 140.000   0.000 0 1
  2  23.000   0.750   1   1   7   1   0.500   2   2   0.000   1   3 320.000   0.000 0 1
  2  22.250   9.000   1   1  13   1   0.085   2   2   0.000   2   1   0.000   0.000 0 1
  1  19.580   0.665   1   1  10   1   1.665   2   2   0.000   2   1 220.000   1.792 0 1
  2  49.580  19.000   1   1  14   8   0.000   1   1   1.000   2   1  94.000   0.000 0 1
  2  26.250   1.540   1   1  10   1   0.125   2   2   0.000   2   1 100.000   0.000 0 1
  2  52.330   1.375   2   2   1   2   9.460   1   2   0.000   1   1 200.000   4.615 0 1
  1  40.330   8.125   2   2   6   1   0.165   2   1   2.000   2   1   X     2.944 0 1
  1  23.250   5.875   1   1   9   1   3.170   1   1  10.000   2   1 120.000   5.505 1 0
  1  27.670   2.040   1   1  10   1   0.250   2   2   0.000   1   1 180.000   3.932 0 1
  2  42.750   4.085   1   1  13   1   0.040   2   2   0.000   2   1 108.000   4.615 0 1
  2  21.000   4.790   2   2  10   1   2.250   1   1   1.000   1   1  80.000   5.707 1 0
  2  17.080   3.290   1   1   4   1   0.335   2   2   0.000   1   1 140.000   1.099 0 1
  1  29.580   1.750   2   2   6   1   1.250   2   2   0.000   1   1 280.000   0.000 0 1
  1  40.330   7.540   2   2   9   2   8.000   1   1  14.000   2   1   0.000   7.741 1 0
  1  23.580   0.830   1   1   9   1   0.415   2   1   1.000   1   1 200.000   2.485 0 1
  2  20.420   1.835   1   1   1   1   2.250   1   1   1.000   2   1 100.000   5.017 1 0
  2   X     0.375   1   1   2   1   0.875   1   2   0.000   1   3 928.000   0.000 0 1
  1  20.750  10.335   1   1   3   2   0.335   1   1   1.000   1   1  80.000   3.932 1 0
  2  31.420  15.500   1   1   1   1   0.500   1   2   0.000   2   1 120.000   0.000 0 1
  2  28.580   3.625   1   1  13   1   0.250   2   2   0.000   1   1 100.000   0.000 0 1
  2  31.580   0.750   2   2  13   1   3.500   2   2   0.000   1   1 320.000   0.000 0 1
  2  36.670   4.415   2   2   6   1   0.250   1   1  10.000   1   1 320.000   0.000 1 0
  2  39.920   5.000   1   1   4   3   0.210   2   2   0.000   2   1 550.000   0.000 0 1
  2  19.170   0.000   2   2   7   3   0.000   2   2   0.000   1   3 500.000   0.693 1 0
  1  35.750   0.915   1   1  13   1   0.750   1   1   4.000   2   1   0.000   7.368 1 0
  2  26.920   2.250   1   1   4   3   0.500   2   2   0.000   1   1 640.000   8.294 0 1
  1  25.750   0.500   1   1   1   2   0.875   1   2   0.000   1   1 491.000   0.000 1 0
  2  35.250   3.165   1   1  11   2   3.750   1   2   0.000   1   1 680.000   0.000 0 1
  1  36.000   1.000   1   1   1   1   2.000   1   1  11.000   2   1   0.000   6.125 1 0
  2   X     0.625   1   1   6   1   0.250   2   2   0.000   2   1 380.000   7.606 0 1
  2  76.750  22.290   1   1  12   6  12.750   1   1   1.000   1   1   0.000   4.700 1 0
  2  40.580   3.290   1   1   7   1   3.500   2   2   0.000   1   3 400.000   0.000 0 1
  2  25.670  12.500   1   1   3   1   1.210   1   1  67.000   1   1 140.000   5.557 1 0
  1  20.330  10.000   1   1   1   2   1.000   1   1   4.000   2   1  50.000   7.290 1 0
  2  16.000   3.125   1   1  10   1   0.085   2   1   1.000   2   1   0.000   1.946 0 1
  1  19.580   0.665   2   2   1   1   1.000   2   1   1.000   2   1 2000.000   1.099 0 1
  1  20.750  10.250   1   1   9   1   0.710   1   1   2.000   1   1  49.000   0.000 1 0
  2  22.580  10.040   1   1  11   1   0.040   1   1   9.000   2   1  60.000   5.984 1 0
  2  34.920   5.000   1   1  11   2   7.500   1   1   6.000   1   1   0.000   6.909 1 0
  2  31.670   0.830   1   1  11   1   1.335   1   1   8.000   1   1 303.000   8.099 1 0
  1  28.170   0.375   1   1   9   1   0.585   1   1   4.000   2   1  80.000   0.000 1 0
  1  40.830  10.000   1   1   9   2   1.750   1   2   0.000   2   1  29.000   6.731 1 0
  1  16.000   0.165   1   1  13   1   1.000   2   1   2.000   1   1 320.000   0.693 0 1
  2  13.750   4.000   2   2  10   1   1.750   1   1   2.000   1   1 120.000   6.909 1 0
  2  21.080   4.125   2   2   4   2   0.040   2   2   0.000   2   1 140.000   4.615 0 1
  2  30.170   0.500   1   1   1   1   1.750   1   1  11.000   2   1  32.000   6.293 1 0
  2  25.580   0.335   1   1   6   2   3.500   2   2   0.000   1   1 340.000   0.000 0 1
  2  24.420   2.000   1   1  12   7   0.165   2   1   2.000   2   1 320.000   7.171 0 1
  2  38.420   0.705   1   1   1   1   0.375   2   1   2.000   2   1 225.000   6.217 0 1
  2  17.670   4.460   1   1   1   1   0.250   2   2   0.000   2   3  80.000   0.000 0 1
  1  23.000  11.750   1   1  11   2   0.500   1   1   2.000   1   1 300.000   6.314 1 0
  2  27.830   1.500   1   1  10   1   2.250   2   1   1.000   1   1 100.000   1.386 0 1
  2  34.920   2.500   1   1  10   1   0.000   1   2   0.000   1   1 239.000   5.303 1 0
  1  28.080  15.000   2   2  12   6   0.000   1   2   0.000   2   1   0.000   9.489 1 0
  2  39.250   9.500   1   1   7   1   6.500   1   1  14.000   2   1 240.000   8.436 1 0
  2  24.580  13.500   2   2  14   8   0.000   2   2   0.000   2   1   X     0.000 0 1
  1  51.920   6.500   1   1   4   3   3.085   2   2   0.000   1   1  73.000   0.000 0 1
  2  20.170   9.250   1   1   1   1   1.665   1   1   3.000   1   1  40.000   3.367 1 0
  1  50.080  12.540   1   1  13   1   2.290   1   1   3.000   1   1 156.000   0.000 1 0
  1  58.420  21.000   1   1   4   3  10.000   1   1  13.000   2   1   0.000   8.810 1 0
  2  32.750   1.500   1   1   3   2   5.500   1   1   3.000   1   1   0.000   0.000 1 0
  2  36.420   0.750   2   2   2   1   0.585   2   2   0.000   2   1 240.000   1.386 0 1
  2  34.170   1.540   1   1   3   1   1.540   1   1   1.000   1   1 520.000  10.820 1 0
  2  19.580   0.585   1   1  14   8   0.000   2   1   3.000   2   1 350.000   6.646 0 1
  1  28.670   1.040   1   1   1   1   2.500   1   1   5.000   1   1 300.000   7.266 1 0
  2  53.920   9.625   1   1  12   1   8.665   1   1   5.000   2   1   0.000   0.000 1 0
  X    29.750   0.665   1   1  10   1   0.250   2   2   0.000   1   1 300.000   0.000 0 1
  2  42.830   1.250   1   1   7   1  13.875   2   1   1.000   1   1 352.000   4.727 0 1
  2  29.830   2.040   2   2  11   2   0.040   2   2   0.000   2   1 128.000   0.693 0 1
  1  27.670   1.500   1   1   7   1   2.000   1   2   0.000   2   3 368.000   0.000 0 1
  1  24.500   1.750   2   2   1   1   0.165   2   2   0.000   2   1 132.000   0.000 0 1
  2  45.000   8.500   1   1   3   2  14.000   1   1   1.000   1   1  88.000   7.601 1 0
  2  18.330   1.210   2   2  12   7   0.000   2   2   0.000   2   1 100.000   0.000 0 1
  2  26.170   0.250   1   1   4   3   0.000   1   2   0.000   1   1   0.000   0.000 1 0
  2  23.080  11.500   1   1  10   2   2.125   1   1  11.000   1   1 290.000   5.652 1 0
  2  44.250  11.000   2   2   2   1   1.500   1   2   0.000   2   3   0.000   0.000 0 1
  2  31.080   3.085   1   1   1   1   2.500   2   1   2.000   1   1 160.000   3.738 0 1
  1  16.330   0.210   1   1  13   1   0.125   2   2   0.000   2   1 200.000   0.693 0 1
  1  24.500   0.500   1   1   9   2   1.500   1   2   0.000   2   1 280.000   6.715 1 0
  1  38.250   6.000   1   1   6   1   1.000   1   2   0.000   1   1   0.000   0.000 1 0
  2  23.080  11.500   1   1   4   1   3.500   1   1   9.000   2   1  56.000   6.611 1 0
  1  16.080   0.335   1   1  14   8   0.000   2   1   1.000   2   1 160.000   4.844 0 1
  1  28.580   1.665   1   1   9   1   2.415   1   2   0.000   1   1 440.000   0.000 0 1
  2  23.500   2.750   1   1  14   8   4.500   2   2   0.000   2   1 160.000   3.258 0 1
  1  32.330   0.540   1   1   3   1   0.040   1   2   0.000   2   1 440.000   9.322 1 0
  1  22.250   1.250   2   2  14   8   3.250   2   2   0.000   2   1 280.000   0.000 0 1
  2  22.080   2.335   1   1   6   1   0.750   2   2   0.000   2   1 180.000   0.000 0 1
  1  18.420   9.250   1   1   9   1   1.210   1   1   4.000   2   1  60.000   6.293 1 0
  2  44.000   2.000   1   1   7   1   1.750   1   1   2.000   1   1   0.000   2.773 1 0
  2  28.920   0.375   1   1   1   1   0.290   2   2   0.000   2   1 220.000   4.949 0 1
  1  33.920   1.585   2   2  14   8   0.000   1   2   0.000   2   1 320.000   0.000 0 1
  1  39.080   4.000   1   1   1   1   3.000   2   2   0.000   2   1 480.000   0.000 0 1
  2  28.750   1.500   2   2   1   1   1.500   1   2   0.000   1   1   0.000   5.421 0 1
  1  57.080   0.335   1   1   4   3   1.000   1   2   0.000   1   1 252.000   7.695 0 1
  2  43.170   2.250   1   1   4   3   0.750   1   2   0.000   2   1 560.000   0.000 0 1
  2  23.000   0.750   1   1   7   1   0.500   1   2   0.000   1   3 320.000   0.000 0 1
  2  43.080   0.375   2   2   1   1   0.375   1   1   8.000   1   1 300.000   5.094 1 0
  2  20.750   5.085   2   2   5   1   0.290   2   2   0.000   2   1 140.000   5.220 0 1
  2  37.500   1.750   2   2   1   3   0.250   1   2   0.000   1   1 164.000   5.994 0 1
  1  34.830   1.250   2   2   4   2   0.500   2   2   0.000   1   1 160.000   0.000 0 1
  1  28.500   3.040   2   2  11   2   2.540   1   1   1.000   2   1  70.000   0.000 1 0
  2  21.170   0.000   1   1   1   1   0.500   2   2   0.000   1   3   0.000   0.000 0 1
  2  34.500   4.040   2   2   4   3   8.500   1   1   7.000   1   1 195.000   0.000 1 0
  2  41.420   5.000   1   1   9   2   5.000   1   1   6.000   1   1 470.000   0.000 1 0
  1  41.000   2.040   2   2   9   2   0.125   1   1  23.000   1   1 455.000   7.120 1 0
  1  27.580   3.000   1   1   7   1   2.790   2   1   1.000   1   1 280.000   2.398 0 1
  2  19.000   1.750   2   2   1   1   2.335   2   2   0.000   1   1 112.000   1.946 0 1
  1  57.080  19.500   1   1   1   1   5.500   1   1   7.000   2   1   0.000   8.007 1 0
  2  31.920   4.460   1   1   3   2   6.040   1   1   3.000   2   1 311.000   5.707 1 0
  2  39.830   0.500   1   1   7   1   0.250   1   2   0.000   2   3 288.000   0.000 0 1
  1  47.420   8.000   1   1  12   3   6.500   1   1   6.000   2   1 375.000  10.842 1 0
  2  34.170   5.250   1   1  10   1   0.085   2   2   0.000   1   1 290.000   1.946 1 0
  X    28.170   0.585   1   1  13   1   0.040   2   2   0.000   2   1 260.000   6.913 0 1
  2  22.000   7.835   2   2   4   3   0.165   2   2   0.000   1   1   X     0.000 0 1
  1  50.250   0.835   1   1  13   1   0.500   2   2   0.000   1   1 240.000   4.771 0 1
  2  18.580  10.290   1   1  14   8   0.415   2   2   0.000   2   1  80.000   0.000 0 1
  2  20.420   7.000   1   1   1   1   1.625   1   1   3.000   2   1 200.000   7.238 1 0
  1  26.580   2.540   2   2  14   8   0.000   2   2   0.000   1   1 180.000   4.111 0 1
  2  24.750   0.540   1   1   7   1   1.000   2   2   0.000   1   1 120.000   0.693 0 1
  2  41.170   1.335   1   1   2   1   0.165   2   2   0.000   2   1 168.000   0.000 0 1
  2  20.000   7.000   1   1   1   1   0.500   2   2   0.000   2   1   0.000   0.000 0 1
  1  48.170   1.335   1   1   4   9   0.335   2   2   0.000   2   1   0.000   4.796 0 1
  1  24.750  12.500   1   1  13   1   1.500   1   1  12.000   1   1 120.000   6.342 1 0
  2  39.920   0.540   2   2  13   1   0.500   1   1   3.000   2   1 200.000   6.909 1 0
  2  48.580   6.500   1   1   9   2   6.000   1   2   0.000   1   1 350.000   0.000 1 0
  1  20.670   1.835   1   1   9   1   2.085   1   1   5.000   2   1 220.000   7.826 1 0
  2  41.000   0.040   1   1  12   1   0.040   2   1   1.000   2   3 560.000   0.000 1 0
  1  15.830   7.625   1   1   9   1   0.125   2   1   1.000   1   1   0.000   5.081 0 1
  1  33.750   0.750   1   1   6   3   1.000   1   1   3.000   1   1 212.000   0.000 0 1
  2  54.830  15.500   1   1  12   6   0.000   1   1  20.000   2   1 152.000   4.875 0 1
  2   X     5.000   2   2  13   1   8.500   1   2   0.000   2   1   0.000   0.000 0 1
  2  28.250   0.875   1   1   7   1   0.960   1   1   3.000   1   1 396.000   0.000 1 0
  2  62.750   7.000   1   1  12   6   0.000   2   2   0.000   2   1   0.000   2.565 0 1
  2  73.420  17.750   1   1  14   8   0.000   1   2   0.000   1   1   0.000   0.000 1 0
  1   X    11.250   1   1  14   8   0.000   2   2   0.000   2   1   X     8.557 0 1
  2  22.250   0.460   1   1   6   1   0.125   2   2   0.000   1   1 280.000   4.025 0 1
  2  24.830   2.750   1   1   1   1   2.250   1   1   6.000   2   1   X     6.399 1 0
  1  18.830   9.500   1   1  10   1   1.625   1   1   6.000   1   1  40.000   6.399 1 0
  2  23.920   0.665   1   1   1   1   0.165   2   2   0.000   2   1 100.000   0.000 1 0
  2  33.170   3.165   2   2  11   1   3.165   1   1   3.000   1   1 380.000   0.000 1 0
  2  18.830   3.540   2   2  14   8   0.000   2   2   0.000   1   1 180.000   0.693 0 1
  2  23.080   2.500   1   1   1   1   1.085   1   1  11.000   1   1  60.000   7.689 1 0
  2  40.920   0.835   1   1  14   8   0.000   1   2   0.000   2   1 130.000   0.693 0 1
  2  26.670  14.585   1   1   4   3   0.000   2   2   0.000   1   1 178.000   0.000 0 1
  2   X     0.040   2   2   2   1   4.250   2   2   0.000   1   1 460.000   0.000 0 1
  2  47.670   2.500   1   1   7   3   2.500   1   1  12.000   1   1 410.000   7.828 1 0
  1  38.750   1.500   1   1  14   8   0.000   2   2   0.000   2   1  76.000   0.000 0 1
  2  32.330   3.500   1   1   6   1   0.500   2   2   0.000   1   1 232.000   0.000 0 1
  2  22.670   0.165   1   1   1   4   2.250   2   2   0.000   1   3   0.000   0.000 1 0
  1  21.500   6.000   1   1  13   1   2.500   1   1   3.000   2   1  80.000   6.823 1 0
  1  17.330   9.500   1   1  13   1   1.750   2   1  10.000   1   1   0.000   2.398 0 1
  2  32.080   4.000   1   1   7   1   2.500   1   2   0.000   1   1 360.000   0.000 1 0
  2  40.920   0.500   2   2   7   1   0.500   2   2   0.000   1   1 130.000   0.000 0 1
  2  19.670   0.375   1   1   9   1   2.000   1   1   2.000   1   1  80.000   0.000 1 0
  2  25.170   3.500   1   1   3   1   0.625   1   1   7.000   2   1   0.000   8.862 1 0
  2  22.080   0.830   1   1   1   2   2.165   2   2   0.000   1   1 128.000   0.000 1 0
  2  28.000   3.000   1   1  10   1   0.750   2   2   0.000   1   1 300.000   4.220 0 1
  2  19.000   0.000   2   2  14   8   0.000   2   1   4.000   2   1  45.000   0.693 0 1
  2  37.500   0.835   1   1  12   1   0.040   2   2   0.000   2   1 120.000   1.792 0 1
  2  43.250   3.000   1   1   9   2   6.000   1   1  11.000   2   1  80.000   0.000 1 0
  2  23.170   0.000   1   1   3   1   0.085   1   2   0.000   2   1   0.000   0.000 1 0
  2  35.170   2.500   1   1   6   1   4.500   1   1   7.000   2   1 150.000   7.148 1 0
  1  16.500   1.250   1   1   9   1   0.250   2   1   1.000   2   1 108.000   4.595 0 1
  2  30.580   2.710   2   2   7   1   0.125   2   2   0.000   1   3  80.000   0.000 0 1
  1  16.920   0.500   1   1   4   1   0.165   2   1   6.000   1   1 240.000   3.584 0 1
  2  24.580   1.250   1   1   1   1   0.250   2   2   0.000   2   1 110.000   0.000 0 1
  2  23.170   0.000   X     X     X     X     0.000   2   2   0.000   2   2   X     0.000 1 0
  2  36.670   3.250   1   1   9   2   9.000   1   2   0.000   1   1 102.000   6.461 1 0
  1  53.330   0.165   1   1  14   8   0.000   2   2   0.000   1   3  62.000   3.332 0 1
  1  46.080   3.000   1   1   1   1   2.375   1   1   8.000   1   1 396.000   8.333 1 0
  2  33.170   1.000   1   1  11   1   0.750   1   1   7.000   1   1 340.000   8.312 1 0
  1  36.750   4.710   1   1  14   8   0.000   2   2   0.000   2   1 160.000   0.000 0 1
  2  22.170  12.125   1   1   1   1   3.335   2   1   2.000   1   1 180.000   5.159 0 1
  2  27.250   1.665   1   1   3   2   5.085   1   1   9.000   2   1 399.000   6.719 1 0
  2  48.170   7.625   1   1  10   2  15.500   1   1  12.000   2   1   0.000   6.673 1 0
  2  30.170   6.500   1   1   3   1   3.125   1   1   8.000   2   1 330.000   7.091 1 0
  2  26.170  12.500   2   2   6   2   1.250   2   2   0.000   1   1   0.000   2.890 0 1
  X    29.500   2.000   2   2  12   2   2.000   2   2   0.000   2   1 256.000   2.890 0 1
  1  17.580   9.000   1   1  13   1   1.375   1   2   0.000   1   1   0.000   0.000 1 0
  1  22.500   0.415   1   1   4   1   0.335   2   2   0.000   1   3 144.000   0.000 0 1
  2  48.080   3.750   1   1   4   3   1.000   2   2   0.000   2   1 100.000   1.099 0 1
  2  18.080   5.500   1   1   6   1   0.500   1   2   0.000   2   1  80.000   0.000 1 0
  1  24.830   4.500   1   1  10   1   1.000   2   2   0.000   1   1 360.000   1.946 0 1
  1  23.580  11.500   2   2   6   2   3.000   2   2   0.000   1   1  20.000   2.833 0 1
  2  26.750   4.500   2   2   1   3   2.500   2   2   0.000   2   1 200.000   7.099 0 1
  1  21.750   1.750   2   2   5   4   0.000   2   2   0.000   2   1 160.000   0.000 0 1
  2  23.750   0.415   2   2   1   1   0.040   2   1   2.000   2   1 128.000   1.946 0 1
  2  25.670   2.210   2   2  13   1   4.000   1   2   0.000   2   1 188.000   0.000 0 1
  1  22.420   5.665   1   1   9   1   2.585   1   1   7.000   2   1 129.000   8.089 1 0
  2  26.170   0.835   1   1   3   1   1.165   2   2   0.000   2   1 100.000   0.000 0 1
  2  20.670   0.415   1   1   1   1   0.125   2   2   0.000   2   1   0.000   3.807 0 1
  2  28.750   1.165   1   1   6   1   0.500   1   2   0.000   2   3 280.000   0.000 0 1
  2  37.580   0.000   X     X     X     X     0.000   2   2   0.000   2   2   X     0.000 1 0
  2  18.170  10.250   1   1   1   2   1.085   2   2   0.000   2   1 320.000   2.639 0 1
  2  34.080   0.080   2   2   7   3   0.040   1   1   1.000   1   1 280.000   7.601 1 0
  2   X    10.500   1   1  11   1   6.500   1   2   0.000   2   1   0.000   0.000 1 0
  2  35.750   2.415   1   1  10   1   0.125   2   1   2.000   2   1 220.000   0.693 0 1
  1  24.580   0.670   1   1  13   2   1.750   1   2   0.000   2   1 400.000   0.000 0 1
  1  22.580  10.750   1   1   9   1   0.415   1   1   5.000   1   1   0.000   6.330 1 0
  2  26.750   2.000   1   1   2   1   0.750   2   2   0.000   1   1  80.000   0.000 0 1
  1  28.580   3.750   1   1   1   1   0.250   2   1   1.000   1   1  40.000   5.043 0 1
  2  22.000   0.790   1   1  10   1   0.290   2   1   1.000   2   1 420.000   5.649 0 1
  2  29.420   1.250   1   1  10   1   1.750   2   2   0.000   2   1 200.000   0.000 0 1
  2  33.500   1.750   1   1  11   2   4.500   1   1   4.000   1   1 253.000   6.755 1 0
  1  18.830   4.415   2   2   1   2   3.000   1   2   0.000   2   1 240.000   0.000 1 0
  2  26.670   2.710   2   2   3   1   5.250   1   1   1.000   2   1 211.000   0.000 1 0
  1  22.920  11.585   1   1   3   1   0.040   1   2   0.000   2   1  80.000   7.208 1 0
  2  22.500   0.125   2   2   6   1   0.125   2   2   0.000   2   1 200.000   4.263 0 1
  2  32.250  14.000   2   2  14   8   0.000   2   1   2.000   2   1 160.000   0.693 0 1
  2  47.330   6.500   1   1   1   1   1.000   2   2   0.000   1   1   0.000   5.434 0 1
  2  48.580   0.205   2   2   6   1   0.250   1   1  11.000   2   1 380.000   7.913 1 0
  2  38.920   1.750   1   1   6   1   0.500   2   2   0.000   1   1 300.000   1.099 0 1
  2  37.330   2.665   1   1   3   1   0.165   2   2   0.000   1   1   0.000   6.219 0 1
  1  37.330   2.500   1   1   4   2   0.210   2   2   0.000   2   1 260.000   5.509 0 1
  2  18.670   5.000   1   1   9   1   0.375   1   1   2.000   2   1   0.000   3.664 0 1
  1  22.670   7.000   1   1   1   1   0.165   2   2   0.000   2   1 160.000   0.000 0 1
  1  36.580   0.290   1   1  14   8   0.000   2   1  10.000   2   1 200.000   2.944 0 1
  2  33.000   2.500   2   2  10   1   7.000   2   2   0.000   1   1 280.000   0.000 0 1
  2  21.500  11.500   1   1   4   1   0.500   1   2   0.000   1   1 100.000   4.234 0 1
  1  31.750   3.000   2   2   5   4   0.000   2   2   0.000   2   1 160.000   3.045 0 1
  2  55.920  11.500   1   1  14   8   5.000   1   1   5.000   2   1   0.000   9.088 1 0
  2  36.170   0.420   2   2  10   1   0.290   2   2   0.000   1   1 309.000   1.099 0 1
  2   X     4.000   1   1  11   1   5.000   1   1   3.000   1   1 290.000   7.732 1 0
  1  30.250   5.500   1   1   6   1   5.500   2   2   0.000   1   3 100.000   0.000 0 1
  2  27.830   1.000   2   2   2   2   3.000   2   2   0.000   2   1 176.000   6.288 0 1
  2  31.830   0.040   2   2   7   1   0.040   2   2   0.000   2   1   0.000   0.000 0 1
  2  20.670   5.290   1   1   9   1   0.375   1   1   1.000   2   1 160.000   0.000 0 1
  2  22.920   3.165   2   2   1   1   0.165   2   2   0.000   2   1 160.000   6.965 0 1
  2  36.500   4.250   1   1   9   1   3.500   2   2   0.000   2   1 454.000   3.932 0 1
  1  58.330  10.000   1   1   9   1   4.000   1   1  14.000   2   1   0.000   7.380 1 0
  2  21.420   0.750   2   2   8   5   0.750   2   2   0.000   1   1 132.000   1.099 0 1
  2  30.080   1.040   2   2   4   3   0.500   1   1  10.000   1   1 132.000   3.367 0 1
  2  39.920   6.210   1   1   9   1   0.040   1   1   1.000   2   1 200.000   5.707 1 0
  2  38.580   3.335   1   1  10   1   4.000   1   1  14.000   2   1 383.000   7.204 1 0
  1  19.670   0.210   1   1   9   2   0.290   1   1  11.000   2   1  80.000   4.605 1 0
  1  28.500   1.000   1   1   9   1   1.000   1   1   2.000   1   1 167.000   6.217 0 1
  2  32.250   0.165   2   2   1   2   3.250   1   1   1.000   1   1 432.000   8.987 1 0
  2  38.170  10.125   1   1  11   1   2.500   1   1   6.000   2   1 520.000   5.283 1 0
  2  18.170   2.460   1   1   1   5   0.960   2   1   2.000   1   1 160.000   6.377 0 1
  2  34.250   1.750   1   1  10   3   0.250   1   2   0.000   1   1 163.000   0.000 0 1
  1   X     1.500   1   1  14   8   0.000   2   1   2.000   1   1 200.000   4.663 0 1
  2  30.330   0.500   1   1   2   2   0.085   2   2   0.000   1   3 252.000   0.000 0 1
  1  33.080   4.625   1   1   9   2   1.625   1   1   2.000   2   1   0.000   0.000 1 0
  X    20.080   0.125   1   1   9   1   1.000   2   1   1.000   2   1 240.000   6.645 1 0
  2  21.500   9.750   1   1   1   1   0.250   1   2   0.000   2   1 140.000   0.000 0 1
  2  24.080   9.000   1   1  13   1   0.250   2   2   0.000   1   1   0.000   0.000 0 1
  2  17.080   0.250   1   1   9   1   0.335   2   1   4.000   2   1 160.000   2.197 0 1
  1  19.170   8.585   1   1   3   2   0.750   1   1   7.000   2   1  96.000   0.000 1 0
  2  34.580   0.000   X     X     X     X     0.000   2   2   0.000   2   2   X     0.000 0 1
  1  28.750   3.750   1   1   1   1   1.085   1   1   1.000   1   1 371.000   0.000 1 0
  2  23.330   1.500   1   1   1   2   1.415   1   2   0.000   2   1 422.000   5.303 1 0
  1  69.500   6.000   1   1  14   8   0.000   2   2   0.000   2   3   0.000   0.000 0 1
  2  20.000  11.045   1   1   1   1   2.000   2   2   0.000   1   1 136.000   0.000 0 1
  2  26.330  13.000   1   1  12   7   0.000   2   2   0.000   1   1 140.000   7.013 0 1
  2  21.830   0.250   1   1   2   2   0.665   1   2   0.000   1   1   0.000   0.000 1 0
  2  34.830   2.500   2   2  10   1   3.000   2   2   0.000   2   3 200.000   0.000 0 1
  2  22.920   0.170   1   1   7   1   0.085   2   2   0.000   2   3   0.000   0.000 0 1
  2  22.080  11.460   1   1   6   1   1.585   2   2   0.000   1   1 100.000   7.101 0 1
  2  23.330  11.625   2   2  10   1   0.835   1   2   0.000   1   1 160.000   5.707 1 0
  2  26.670   1.750   2   2   1   1   1.000   1   1   5.000   1   1 160.000   8.662 1 0
  2  16.920   0.335   2   2   6   1   0.290   2   2   0.000   2   3 200.000   0.000 0 1
  2  33.580   0.250   1   1   4   3   4.000   2   2   0.000   1   3 420.000   0.000 0 1
  2  20.420   1.085   1   1   9   1   1.500   2   2   0.000   2   1 108.000   2.079 0 1
  2  25.250   1.000   1   1  13   1   0.500   2   2   0.000   2   1 200.000   0.000 0 1
  1  21.750  11.750   1   1   1   1   0.250   2   2   0.000   1   1 180.000   0.000 0 1
  2  32.830   2.500   1   1   3   2   2.750   1   1   6.000   2   1 160.000   7.637 1 0
  1  37.750   5.500   1   1   9   1   0.125   1   2   0.000   1   1 228.000   0.000 1 0
  2  42.000   9.790   1   1  11   2   7.960   1   1   8.000   2   1   0.000   0.000 1 0
  2  24.330   6.625   2   2   2   1   5.500   1   2   0.000   1   3 100.000   0.000 1 0
  1  18.170  10.000   2   2   9   2   0.165   2   2   0.000   2   1 340.000   0.000 0 1
  2  67.750   5.500   1   1  12   6  13.000   1   1   1.000   1   1   0.000   0.000 1 0
  1  60.920   5.000   1   1  13   1   4.000   1   1   4.000   2   1   0.000   4.605 1 0
  2   X     0.500   1   1   1   3   0.835   1   2   0.000   1   3 320.000   0.000 0 1
  2  21.830  11.000   1   1  11   1   0.290   1   1   6.000   2   1 121.000   0.000 1 0
  2  51.420   0.040   1   1  11   2   0.040   1   2   0.000   2   1   0.000   8.007 1 0
  2  17.920   0.205   1   1  13   1   0.040   2   2   0.000   2   1 280.000   6.621 0 1
  2  34.750   2.500   1   1   3   3   0.500   2   2   0.000   2   1 348.000   0.000 0 1
  1  65.170  14.000   1   1  14   8   0.000   1   1  11.000   1   1   0.000   7.245 1 0
  1  41.170   6.500   1   1   9   1   0.500   1   1   3.000   1   1 145.000   0.000 1 0
  2  24.420  12.335   1   1   9   2   1.585   1   2   0.000   1   1 120.000   0.000 1 0
  2  19.420   7.250   1   1   7   1   0.040   2   1   1.000   2   1 100.000   0.693 0 1
  2  21.920   0.500   1   1   1   1   0.125   2   2   0.000   2   1 360.000   0.000 0 1
  2  32.420   3.000   1   1   2   1   0.165   2   2   0.000   1   1 120.000   0.000 0 1
  1  71.580   0.000   X     X     X     X     0.000   2   2   0.000   2   2   X     0.000 1 0
  1  33.250   2.500   2   2   1   1   2.500   2   2   0.000   1   1   0.000   1.099 0 1
  2  39.170   1.710   1   1  11   1   0.125   1   1   5.000   1   1 480.000   0.000 1 0
  2  24.500  13.335   2   2  13   1   0.040   2   2   0.000   1   1 120.000   6.165 0 1
  2  21.080  10.085   2   2  12   2   1.250   2   2   0.000   2   1 260.000   0.000 0 1
  1  27.170   1.250   1   1  14   8   0.000   2   1   1.000   2   1  92.000   5.707 0 1
  2  19.170   9.500   1   1  10   1   1.500   1   2   0.000   2   1 120.000   7.699 1 0
  1  45.830  10.500   1   1   9   1   5.000   1   1   7.000   1   1   0.000   0.000 1 0
  2  34.670   1.080   1   1   7   1   1.165   2   2   0.000   2   3  28.000   0.000 0 1
  1  32.000   6.000   1   1   2   1   1.250   2   2   0.000   2   1 272.000   0.000 0 1
  2  19.500   0.290   1   1   6   1   0.290   2   2   0.000   2   1 280.000   5.900 0 1
  2  34.420   4.250   1   1   4   3   3.250   1   1   2.000   2   1 274.000   6.415 1 0
  2  56.420  28.000   2   2   1   1  28.500   1   1  40.000   2   1   0.000   2.773 1 0
  2  16.330   2.750   1   1  13   1   0.665   2   1   1.000   2   1  80.000   3.091 0 1
  1  20.080   1.250   1   1   1   1   0.000   2   2   0.000   2   1   0.000   0.000 0 1
  1  30.670  12.000   1   1   1   1   2.000   1   1   1.000   2   1 220.000   2.996 1 0
  1  52.170   0.000   2   2  14   8   0.000   2   2   0.000   2   1   0.000   0.000 0 1
  2  21.920   0.540   2   2  11   1   0.040   1   1   1.000   1   1 840.000   4.094 1 0
  2  19.670  10.000   2   2   6   2   0.835   1   2   0.000   1   1 140.000   0.000 0 1
  1  18.830   9.540   1   1  13   1   0.085   1   2   0.000   2   1 100.000   0.000 1 0
  2  56.000  12.500   1   1   6   2   8.000   1   2   0.000   1   1  24.000   7.615 1 0
  2  23.080   0.000   1   1   6   1   1.000   2   1  11.000   2   3   0.000   0.000 0 1
  2  19.420   6.500   1   1  10   2   1.460   1   1   7.000   2   1  80.000   7.991 1 0
  2  18.420  10.415   2   2  13   1   0.125   1   2   0.000   2   1 120.000   5.930 0 1
  2  23.250   4.000   1   1   1   3   0.250   1   2   0.000   1   1 160.000   0.000 1 0
  2  57.830   7.040   1   1   7   1  14.000   1   1   6.000   1   1 360.000   7.195 1 0
  2  28.000   2.000   1   1   6   2   4.165   1   1   2.000   1   1 181.000   0.000 1 0
  2  32.330   2.500   1   1   1   1   1.250   2   2   0.000   1   1 280.000   0.000 0 1
  2  60.080  14.500   1   1  14   8  18.000   1   1  15.000   1   1   0.000   6.909 1 0
  1  15.750   0.375   1   1   1   1   1.000   2   2   0.000   2   1 120.000   2.944 0 1
  1  24.330   2.500   2   2   4   3   4.500   2   2   0.000   2   1 200.000   6.125 0 1
  2  44.830   7.000   2   2   1   1   1.625   2   2   0.000   2   1 160.000   1.099 0 1
  2  48.750   8.500   1   1   1   2  12.500   1   1   9.000   2   1 181.000   7.412 1 0
  2  25.830  12.835   1   1   3   1   0.500   2   2   0.000   2   1   0.000   1.099 0 1
  2  29.830   1.250   2   2   6   1   0.250   2   2   0.000   2   1 224.000   0.000 0 1
  2  25.670   3.250   1   1   1   2   2.290   2   1   1.000   1   1 416.000   3.091 0 1
  2  25.420   0.540   1   1  10   1   0.165   2   1   1.000   2   1 272.000   6.098 0 1
  2  29.580   4.750   1   1   7   1   2.000   2   1   1.000   1   1 460.000   4.234 0 1
  2  42.500   4.915   2   2  10   1   3.165   1   2   0.000   1   1  52.000   7.274 1 0
  2  29.670   0.750   2   2   1   1   0.040   2   2   0.000   2   1 240.000   0.000 0 1
  1  56.830   4.250   2   2  14   8   5.000   2   2   0.000   1   1   0.000   1.609 0 1
  2  74.830  19.000   2   2  14   8   0.040   2   1   2.000   2   1   0.000   5.864 0 1
  2  39.000   5.000   1   1   3   1   3.500   1   1  10.000   1   1   0.000   0.000 1 0
  2  31.250   1.125   1   1  14   8   0.000   2   1   1.000   2   1  96.000   2.996 0 1
  2  16.170   0.040   1   1   1   1   0.040   2   2   0.000   2   1   0.000   0.000 1 0
  2  23.420   1.000   1   1   1   1   0.500   2   2   0.000   1   3 280.000   0.000 0 1
  2  29.920   1.835   1   1   1   2   4.335   1   2   0.000   2   1 260.000   5.303 1 0
  2  65.420  11.000   1   1  12   6  20.000   1   1   7.000   1   1  22.000   0.000 1 0
  1  21.670  11.500   2   2   5   4   0.000   1   1  11.000   1   1   0.000   0.000 1 0
  1  33.080   1.625   1   1   2   1   0.540   2   2   0.000   1   1   0.000   0.000 0 1
  1  28.420   3.500   1   1  10   1   0.835   1   2   0.000   2   3 280.000   0.000 1 0
  2  47.670   0.290   1   1   1   3  15.000   1   1  20.000   2   1   0.000   9.616 1 0
  2  22.080  11.000   1   1   3   1   0.665   1   2   0.000   2   1 100.000   0.000 1 0
  2  20.670   0.835   2   2   1   1   2.000   2   2   0.000   1   3 240.000   0.000 0 1
  2  42.750   3.000   1   1   4   3   1.000   1   2   0.000   2   1   0.000   5.303 0 1
  1  68.670  15.000   1   1  12   6   0.000   1   1  14.000   2   1   0.000   8.125 1 0
  2  21.330   7.500   1   1  13   1   1.415   1   1   1.000   2   1  80.000   9.190 1 0
  2  27.830   1.540   1   1  10   1   3.750   1   1   5.000   1   1 100.000   1.386 1 0
  2  22.170   0.585   2   2  14   8   0.000   2   2   0.000   2   1 100.000   0.000 0 1
  2  22.750  11.000   1   1   9   1   2.500   1   1   7.000   1   1 100.000   6.697 1 0
  1  21.080   5.000   2   2  14   8   0.000   2   2   0.000   2   1   0.000   0.000 0 1
  2  21.000   3.000   2   2   2   1   1.085   1   1   8.000   1   1 160.000   0.693 1 0
  2  32.750   2.335   1   1   2   2   5.750   2   2   0.000   1   1 292.000   0.000 0 1
  2  36.080   2.540   1   1  14   8   0.000   2   2   0.000   2   1   0.000   6.909 0 1
  1  38.580   5.000   1   1   3   1  13.500   1   2   0.000   1   1 980.000   0.000 0 1
  1  18.750   7.500   1   1   9   1   2.710   1   1   5.000   2   1   X    10.193 1 0
  1  24.080   0.500   1   1   9   2   1.250   1   1   1.000   2   1   0.000   6.521 1 0
  2  48.250  25.085   1   1  10   1   1.750   1   1   3.000   2   1 120.000   2.708 1 0
  2  36.170  18.125   1   1  10   1   0.085   2   2   0.000   2   1 320.000   8.176 0 1
  2  17.250   3.000   1   1   6   1   0.040   2   2   0.000   1   1 160.000   3.714 0 1
  2  34.830   4.000   1   1   2   3  12.500   1   2   0.000   1   1   X     0.000 0 1
  2  23.580   1.790   1   1   1   1   0.540   2   2   0.000   1   1 136.000   0.693 0 1
  2  22.580   1.500   2   2  13   1   0.540   2   2   0.000   1   1 120.000   4.220 0 1
  1  19.750   0.750   1   1   1   1   0.795   1   1   5.000   1   1 140.000   1.792 0 1
  1  19.500   0.165   1   1   9   1   0.040   2   2   0.000   1   1 380.000   0.000 0 1
  1  46.670   0.460   1   1   3   2   0.415   1   1  11.000   1   1 440.000   1.946 1 0
  1  27.250   0.290   1   1   7   2   0.125   2   1   1.000   1   1 272.000   4.691 0 1
  1  45.000   4.585   1   1   6   2   1.000   2   2   0.000   1   3 240.000   0.000 0 1
  2  18.000   0.165   1   1   9   5   0.210   2   2   0.000   2   1 200.000   3.714 1 0
  1  31.920   3.125   1   1  14   8   3.040   2   1   2.000   1   1 200.000   1.609 0 1
  2  29.250  14.790   1   1  13   1   5.040   1   1   5.000   1   1 168.000   0.000 1 0
  2  29.170   3.500   1   1  10   1   3.500   1   1   3.000   1   1 329.000   0.000 0 1
  2  37.330   6.500   1   1   7   2   4.250   1   1  12.000   1   1  93.000   0.000 1 0
  2  48.330  12.000   1   1   7   1  16.000   1   2   0.000   2   3 110.000   0.000 1 0
  2  27.580   2.040   2   2  13   1   2.000   1   1   3.000   1   1 370.000   6.330 1 0
  2  26.670   4.250   1   1   3   1   4.290   1   1   1.000   1   1 120.000   0.000 1 0
  2  27.670   2.000   1   1  11   2   1.000   1   1   4.000   2   1 140.000   8.929 1 0
  2  41.170   1.250   2   2  10   1   0.250   2   2   0.000   2   1   0.000   5.278 0 1
  2  21.170   0.875   2   2   1   2   0.250   2   2   0.000   2   1 280.000   5.323 0 1
  1  15.920   2.875   1   1   9   1   0.085   2   2   0.000   2   1 120.000   0.000 0 1
  1  22.500  11.000   2   2   9   1   3.000   1   2   0.000   1   1 268.000   0.000 0 1
  2  56.580  18.500   1   1   2   3  15.000   1   1  17.000   1   1   0.000   0.000 1 0
  2  26.830   0.540   1   1   6   8   0.000   2   2   0.000   2   1 100.000   0.000 0 1
  1  56.500  16.000   1   1   5   8   0.000   1   1  15.000   2   1   0.000   5.513 1 0
  1  17.920   0.540   1   1   1   1   1.750   2   1   1.000   1   1  80.000   1.792 0 1
  2  27.670  13.750   1   1  10   1   5.750   1   2   0.000   1   1 487.000   6.217 1 0
  2  18.830   0.000   1   1   9   1   0.665   2   2   0.000   2   1 160.000   0.693 0 1
  2  28.920  15.000   1   1   1   2   5.335   1   1  11.000   2   1   0.000   7.734 1 0
  2  23.920   1.500   1   1   2   2   1.875   1   1   6.000   2   1 200.000   5.793 1 0
  2  51.580  15.000   1   1   1   1   8.500   1   1   9.000   2   1   0.000   0.000 1 0
  2  23.580   0.460   2   2  10   1   2.625   1   1   6.000   1   1 208.000   5.852 0 1
  2  39.580  13.915   1   1  10   1   8.625   1   1   6.000   1   1  70.000   0.000 1 0
  1  26.170   2.000   1   1   5   4   0.000   2   2   0.000   1   1 276.000   0.693 0 1
  2  18.500   2.000   1   1   4   1   1.500   1   1   2.000   2   1 120.000   5.707 1 0
  1  47.250   0.750   1   1   9   2   2.750   1   1   1.000   2   1 333.000   6.795 1 0
  2  19.420   1.500   2   2   3   1   2.000   1   2   0.000   1   1 100.000   3.045 0 1
  1  33.670   0.375   1   1   3   1   0.375   2   2   0.000   2   1 300.000   3.807 1 0
  2  21.830   1.540   1   1   6   1   0.085   2   2   0.000   1   1 356.000   0.000 0 1
  1  25.000  11.000   2   2  13   1   4.500   1   2   0.000   2   1 120.000   0.000 0 1
  1  18.580  10.000   1   1   2   1   0.415   2   2   0.000   2   1  80.000   3.761 0 1
  2  39.500   4.250   1   1   1   3   6.500   1   1  16.000   2   1 117.000   7.099 1 0
  1  38.920   1.665   1   1  13   1   0.250   2   2   0.000   2   1   0.000   5.969 0 1
  1  20.830   0.500   2   2  12   7   1.000   2   2   0.000   2   1 260.000   0.000 0 1
  2  20.000   0.000   1   1   2   1   0.500   2   2   0.000   2   1 144.000   0.000 0 1
  2  59.670   1.540   1   1   9   1   0.125   1   2   0.000   1   1 260.000   0.000 1 0
  2  43.170   5.000   1   1   4   3   2.250   2   2   0.000   1   1 141.000   0.000 0 1
  2  20.670   1.250   2   2   1   2   1.375   1   1   3.000   1   1 140.000   5.352 0 1
  1  28.580   3.540   1   1   4   3   0.500   1   2   0.000   1   1 171.000   0.000 0 1
  1  44.330   0.000   1   1   1   1   2.500   1   2   0.000   2   1   0.000   0.000 1 0
  2  34.170   9.170   1   1   1   1   4.500   1   1  12.000   1   1   0.000   5.403 1 0
  2  32.000   1.750   2   2  12   2   0.040   1   2   0.000   1   1 393.000   0.000 1 0
  2  36.330   3.790   1   1  10   1   1.165   1   2   0.000   1   1 200.000   0.000 0 1
  2  48.500   4.250   1   1   7   1   0.125   1   2   0.000   1   1 225.000   0.000 1 0
  2  28.330   5.000   1   1  10   1  11.000   1   2   0.000   1   1  70.000   0.000 1 0
  2  20.000   1.250   2   2   6   1   0.125   2   2   0.000   2   1 140.000   1.609 0 1
  2  23.080   2.500   1   1  14   8   0.085   2   2   0.000   1   1 100.000   8.345 0 1
  2  25.920   0.875   1   1   6   1   0.375   2   1   2.000   1   1 174.000   1.386 0 1
  2  25.750   0.750   1   1   1   3   0.250   1   2   0.000   2   1 349.000   3.178 1 0
  2  22.670  10.500   1   1   9   2   1.335   1   2   0.000   2   1 100.000   0.000 1 0
  2  21.170   0.250   2   2   1   2   0.250   2   2   0.000   2   1 280.000   5.323 0 1
  X    24.500  12.750   1   1   1   3   4.750   1   1   2.000   2   1  73.000   6.098 1 0
  2  28.250   5.040   2   2   1   3   1.500   1   1   8.000   1   1 144.000   2.079 1 0
  2  27.750   1.290   1   1   6   2   0.250   2   2   0.000   1   3 140.000   0.000 0 1
  1  55.750   7.080   1   1   6   2   6.750   1   1   3.000   1   1 100.000   3.932 0 1
  2  29.250  13.000   1   1   2   2   0.500   2   2   0.000   2   1 228.000   0.000 0 1
  2  27.250   1.585   1   1   3   2   1.835   1   1  12.000   1   1 583.000   6.571 1 0
  2  30.750   1.585   1   1   2   1   0.585   2   2   0.000   1   3   0.000   0.000 0 1
  2  18.250   0.165   1   1   2   1   0.250   2   2   0.000   1   3 280.000   0.000 0 1
  1  47.000  13.000   1   1   4   3   5.165   1   1   9.000   1   1   0.000   0.000 1 0
  2  27.420  12.500   1   1  13   3   0.250   2   2   0.000   1   1 720.000   0.000 0 1
  2  34.750  15.000   1   1   8   5   5.375   1   1   9.000   1   1   0.000   4.905 1 0
  1  23.500   1.500   1   1  10   1   0.875   2   2   0.000   1   1 160.000   0.000 0 1
  2  22.500  11.500   2   2   7   1   1.500   2   2   0.000   1   1   0.000   8.294 0 1
  1   X     3.500   1   1   2   1   3.000   1   2   0.000   1   1 300.000   0.000 0 1
  2  23.170  11.125   1   1  11   2   0.460   1   1   1.000   2   1 100.000   0.000 1 0
  2  39.580   5.000   1   1  14   8   0.000   2   1   2.000   2   1  17.000   0.693 0 1
  2  69.170   9.000   1   1  14   8   4.000   2   1   1.000   2   1  70.000   1.946 0 1
  2  30.830   0.000   1   1  10   1   1.250   1   1   1.000   2   1 202.000   0.000 1 0
  1  52.500   7.000   1   1  13   2   3.000   2   2   0.000   2   1   0.000   0.000 0 1
  2  21.670   1.165   2   2   6   1   2.500   1   1   1.000   2   1 180.000   3.045 0 1
  2  64.080  20.000   1   1  11   2  17.500   1   1   9.000   1   1   0.000   6.909 1 0
  2  20.170   8.170   1   1  13   1   1.960   1   1  14.000   2   1  60.000   5.069 1 0
  2  20.170   5.625   1   1  10   1   1.710   1   2   0.000   2   3 120.000   0.000 1 0
  1  25.000   0.875   1   1  11   2   1.040   1   2   0.000   1   1 160.000   8.676 1 0
  2  44.330   0.500   1   1   4   2   5.000   1   2   0.000   1   1 320.000   0.000 1 0
  2  21.250   1.500   1   1  10   1   1.500   2   2   0.000   2   1 150.000   2.197 1 0
  2  52.500   6.500   1   1   6   1   6.290   1   1  15.000   2   1   0.000   9.324 1 0
  2  17.080   0.085   2   2   1   1   0.040   2   2   0.000   2   1 140.000   6.583 0 1
