;
462
;
124.000   0.000   3.950  36.350 0  59.000  32.830   9.590  39.000 0 1
144.000   4.000   5.030  25.780 0  57.000  27.550  90.000  33.000 1 0
170.000   0.000   3.120  37.150 1  47.000  35.420   0.000  38.000 0 1
136.000   7.500   7.390  28.040 0  50.000  25.010   0.000  30.000 1 0
138.000   0.000   1.860  18.350 0  59.000  25.380   6.510   2.000 0 1
132.000   6.200   6.470  36.210 0  62.000  30.770  14.140  30.000 0 1
146.000   0.640   4.820  28.020 1  60.000  28.110   8.230  24.000 1 0
138.000   8.800   3.120  22.410 0  63.000  23.330 120.030  40.000 1 0
138.000   0.000   3.960  24.700 0  53.000  23.800   0.000  30.000 0 1
132.000  12.300   5.960  32.790 0  57.000  30.120  21.500  47.000 1 0
134.000   0.000   5.900  30.840 1  49.000  29.160   0.000  40.000 0 1
130.000   0.540   3.630  22.030 0  69.000  24.340  12.860  24.000 1 0
140.000   0.000   5.080  27.330 0  41.000  27.830   1.250  23.000 0 1
150.000  20.000   6.400  35.040 1  53.000  28.880   8.330  48.000 0 1
158.000   1.020   6.330  23.880 1  66.000  22.130  24.990  31.000 1 0
132.000   9.900   4.630  27.860 0  46.000  23.390   0.510  37.000 1 0
136.000   2.520   3.950  25.630 1  51.000  21.860   0.000  30.000 1 0
120.000   5.500   3.510  23.230 1  46.000  22.400  90.310  28.000 0 1
114.000   0.000   3.830  19.400 0  49.000  24.860   2.490  14.000 0 1
130.000   0.000   4.890  25.980 1  72.000  30.420  14.710   8.000 0 1
124.000   4.000  12.420  31.290 0  54.000  23.230   2.060  27.000 1 0
118.000   0.120   3.260  12.260 1  55.000  22.650   0.000   1.000 0 1
132.000   8.400   3.570  13.680 1  42.000  18.750  15.430  44.000 1 0
152.000   1.680   3.580  25.430 1  50.000  27.030   0.000  17.000 0 1
126.000   3.800   3.880  31.790 1  57.000  30.530   0.000  15.000 0 1
136.000   5.000   4.190  23.990 0  68.000  27.800  25.860  20.000 0 1
146.000   4.360   4.310  18.440 0  47.000  24.720  10.800  23.000 0 1
134.000  11.790   4.010  26.570 0  38.000  21.790  38.880  46.000 1 0
120.000   0.000   2.770  13.350 1  67.000  23.370   1.030   3.000 0 1
138.000   0.870   1.870  15.890 1  44.000  26.760  42.990  16.000 0 1
130.000   1.220   3.300  13.650 1  50.000  21.400   3.810  16.000 0 1
174.000   0.000   3.860  21.730 1  42.000  23.370   0.000  48.000 0 1
120.000   1.400   6.250  20.470 1  60.000  25.850   8.510  13.000 0 1
132.000   7.200   3.650  17.160 0  56.000  23.250   0.000  19.000 0 1
124.000   1.600   7.220  39.680 0  36.000  31.500   0.000  36.000 1 0
118.000   4.460   7.270  29.130 0  48.000  29.010  11.110  18.000 0 1
142.000   1.320   7.630  29.980 0  57.000  31.160  72.930  18.000 0 1
190.000   4.180   5.050  24.830 1  45.000  26.090  82.850  26.000 0 1
176.000   0.000   3.140  31.040 0  45.000  30.180   4.630  30.000 0 1
108.000   3.000   1.590  15.230 1  40.000  20.090  26.640  40.000 0 1
166.000   0.800   5.630  36.210 1  50.000  34.720  28.800  45.000 0 1
194.000   1.700   6.320  33.670 1  47.000  30.160   0.190  41.000 0 1
146.000  10.500   8.290  35.360 0  78.000  32.730  13.890  38.000 1 0
123.000   0.050   4.610  13.690 1  51.000  23.230   2.780   1.000 0 1
154.000   1.400   1.720  18.860 1  58.000  22.670  43.200  44.000 0 1
128.000   2.600   4.940  21.360 1  61.000  21.300   0.000  16.000 0 1
126.000   3.100   2.010  32.970 0  56.000  28.630  26.740  30.000 0 1
176.000   1.200   8.280  36.160 0  42.000  27.810  11.600  43.000 1 0
136.000   1.810   3.310   6.740 1  63.000  19.570  24.940   9.000 0 1
208.000   5.040   5.190  20.710 0  52.000  25.120  24.270  43.000 1 0
216.000   0.920   2.660  19.850 0  49.000  20.580   0.510  48.000 1 0
162.000   7.000   7.670  34.340 0  33.000  30.770   0.000  47.000 0 1
142.000   2.400   2.550  23.890 1  54.000  26.090  59.140  22.000 0 1
142.000   0.000   4.320  25.220 1  47.000  28.920   6.530  19.000 1 0
164.000   5.600   3.170  30.980 0  44.000  25.990  43.200  38.000 1 0
136.000   8.800   4.690  36.070 0  38.000  26.560   2.780  48.000 1 0
126.000   0.540   4.390  21.130 0  45.000  25.990   0.000  10.000 0 1
118.000   0.750   2.580  20.250 1  59.000  24.460   0.000  17.000 0 1
122.000   0.720   4.040  32.380 1  34.000  28.340   0.000  40.000 0 1
178.000   0.950   4.750  21.060 1  49.000  23.740  24.690  46.000 0 1
164.000   0.500   6.950  39.640 0  47.000  41.760   3.810  31.000 1 0
142.000   0.000   3.720  25.680 1  48.000  24.370   5.250  25.000 1 0
122.000   3.200   3.590  22.490 0  45.000  24.960  36.170  43.000 0 1
134.000   1.500   3.730  21.530 1  41.000  24.700  11.110  15.000 1 0
108.000   0.000   1.430  26.260 1  42.000  19.380   0.000   1.000 0 1
144.000   0.010   4.410  28.610 1  55.000  28.870   2.060  48.000 1 0
142.000   0.000   4.190  18.040 1  56.000  23.650  20.780  27.000 1 0
106.000   1.080   4.370  26.080 1  67.000  24.070  17.740  13.000 1 0
126.000   0.000   5.290  27.640 1  25.000  27.620   2.060  30.000 0 1
130.000   0.000   1.880  12.510 0  52.000  20.280   0.000   2.000 0 1
158.000   2.600   7.460  34.070 0  61.000  29.300  53.280  47.000 1 0
138.000   0.060   4.150  20.660 1  49.000  22.590   2.490   1.000 0 1
124.000   0.000   2.280  24.860 0  50.000  22.240   8.260  23.000 0 1
122.000   1.000   5.880  34.810 0  69.000  31.270  15.940  25.000 1 0
140.000   5.200   3.580  29.260 1  70.000  27.290  20.170  30.000 1 0
160.000   7.770   8.070  34.800 1  64.000  31.150   0.000  47.000 1 0
142.000  18.200   4.340  24.380 1  61.000  26.190   0.000  35.000 0 1
124.000   1.800   3.740  16.640 0  42.000  22.260  10.490   5.000 0 1
140.000   0.000   2.400  27.890 0  70.000  30.740 144.000  14.000 0 1
134.000   6.400   8.490  37.250 0  56.000  28.940  10.490  36.000 1 0
136.000   1.200   2.780   7.120 1  52.000  22.510   3.410  12.000 0 1
126.000  10.500   4.490  17.330 1  67.000  19.370   0.000  34.000 1 0
174.000   9.450   5.130  35.540 1  55.000  30.710  59.790  38.000 0 1
122.000   0.000   3.050  23.510 1  46.000  25.810   0.000  23.000 0 1
145.000   9.100   5.240  27.550 1  59.000  20.960  21.600  46.000 1 0
138.000   0.000   1.960  11.820 0  54.000  22.010   8.130   6.000 0 1
138.000   1.150   5.090  27.870 0  61.000  25.650   2.340  29.000 0 1
138.000   2.270   6.410  29.070 1  58.000  30.220   2.930  17.000 1 0
114.000   3.000   7.040  22.640 0  55.000  22.590   0.000  30.000 1 0
134.000   0.050   8.030  27.950 1  48.000  26.880   0.000  45.000 0 1
156.000   3.020   5.350  25.720 0  53.000  25.220  28.110  37.000 1 0
128.000   0.730   3.970  23.520 1  54.000  23.810  19.200  49.000 0 1
150.000   3.500   6.990  25.390 0  50.000  23.350  23.480  46.000 1 0
160.000  14.000   5.900  37.120 1  58.000  33.870   3.520  39.000 1 0
102.000   0.400   3.410  17.220 0  56.000  23.590   2.060  24.000 1 0
108.000   0.800   2.470  17.530 1  47.000  22.180   0.000  40.000 1 0
116.000   1.030   2.830  10.850 1  45.000  21.590   1.750   6.000 0 1
126.000   0.210   3.950  15.110 1  61.000  22.170   2.420   2.000 0 1
160.000   1.150  10.190  39.710 1  31.000  31.650  20.520  42.000 0 1
148.000   4.500  10.490  33.270 1  50.000  25.920   2.060  38.000 1 0
150.000  13.800   5.100  29.450 0  52.000  27.920  77.760  40.000 1 0
142.000   3.000   3.690  25.100 1  60.000  30.080  38.880  12.000 0 1
208.000  27.400   3.120  26.630 1  66.000  27.450  33.070  47.000 1 0
124.000   0.810   6.160  11.610 1  35.000  21.470  10.490  11.000 0 1
132.000   0.000   5.800  30.960 0  69.000  30.110   0.000  38.000 1 0
146.000   6.400   5.620  33.050 0  57.000  31.030   0.740  31.000 0 1
130.000   2.780   4.890   9.390 0  63.000  19.300  17.470  10.000 1 0
134.000   4.800   6.580  29.890 0  55.000  24.730  23.660  48.000 0 1
208.000   7.400   7.410  32.030 1  50.000  27.620   7.850  42.000 0 1
132.000   7.000   3.200  23.260 1  77.000  23.640  23.140  34.000 0 1
114.000   3.600   4.160  22.580 1  60.000  24.490  65.310  16.000 0 1
142.000   0.000   3.540  16.640 1  58.000  25.970   8.360  12.000 0 1
154.000   0.700   5.910  25.000 1  13.000  20.600   0.000  27.000 0 1
126.000   0.900   5.640  17.780 0  55.000  21.940   0.000  26.000 0 1
144.000   0.000   4.170  29.630 0  52.000  21.830   0.000  44.000 0 1
124.000   4.000   6.650  30.840 0  54.000  28.400  33.510  45.000 0 1
136.000   8.000   7.850  23.810 0  51.000  22.690   2.780  35.000 0 1
176.000   5.760   4.890  26.100 0  46.000  27.300  19.440  42.000 0 1
136.000   6.600   6.080  32.740 1  64.000  33.280   2.720  34.000 0 1
137.000   1.200   3.140  23.870 1  66.000  24.130  45.000  22.000 0 1
132.000   6.000   5.970  25.730 0  66.000  24.180 145.290  26.000 0 1
170.000   4.200   4.670  35.450 0  50.000  27.140   7.920  45.000 1 0
134.000   0.000   2.400  21.110 1  57.000  22.450   1.370   3.000 0 1
132.000   0.000   4.170  36.570 1  57.000  30.610  18.000  34.000 0 1
122.000   0.000   3.370  16.100 1  67.000  21.060   0.000  17.000 1 0
120.000   7.500  15.330  22.000 1  60.000  25.310  34.490  34.000 0 1
120.000   0.000   3.570  23.220 1  58.000  27.200   0.000  17.000 0 1
114.000   0.000   1.940  11.020 1  54.000  20.170  38.980   1.000 0 1
130.000   0.000   4.160  39.430 0  46.000  30.010   0.000  40.000 1 0
118.000   0.000   3.670  12.130 1  51.000  19.150   0.600   0.000 0 1
160.000   0.000   2.420  34.460 1  48.000  29.830   1.030  46.000 0 1
134.000   2.500   3.660  30.900 1  52.000  27.190  23.660  34.000 0 1
182.000   4.200   4.410  32.100 1  52.000  28.610  18.720  37.000 1 0
136.000   0.000   1.770  20.370 1  45.000  21.510   2.060   1.000 0 1
120.000  10.500   2.700  29.870 0  54.000  24.500  16.460  34.000 0 1
156.000   3.000   1.820  27.550 1  60.000  23.910  54.000  38.000 0 1
144.000   4.090   5.550  31.400 0  60.000  29.430   5.550  41.000 0 1
128.000   2.240   2.830  26.480 1  48.000  23.960  47.420  12.000 1 0
146.000   5.080   7.030  27.410 0  63.000  36.460  24.480  22.000 1 0
109.000   1.200   6.140  29.260 1  47.000  24.720  10.460  25.000 0 1
194.000   2.550   6.890  33.880 0  69.000  29.330   0.000  26.000 0 1
118.000   0.000   1.880  10.050 1  59.000  21.570   0.000   2.000 0 1
146.000   1.350   6.390  34.210 1  51.000  26.430   0.000  44.000 1 0
160.000   1.520   8.120  29.300 0  54.000  25.870  12.860  28.000 1 0
123.000   8.600  11.170  35.280 0  70.000  33.140   0.000  44.000 1 0
214.000   0.400   5.980  31.720 1  64.000  28.450   0.000  43.000 0 1
122.000   4.400   3.180  11.590 0  59.000  21.940   0.000  18.000 1 0
116.000   1.910   7.560  26.450 0  52.000  30.010   3.600  18.000 1 0
150.000   0.300   6.380  33.990 0  62.000  24.640   0.000  35.000 0 1
154.000   0.000   4.810  28.110 0  56.000  25.670  75.770  44.000 0 1
136.000   3.960   2.760  30.280 0  50.000  34.420  18.510  23.000 0 1
166.000   3.000   3.820  26.750 1  45.000  20.860   0.000  48.000 1 0
138.000  12.000   5.130  28.340 1  59.000  24.490  32.810  43.000 1 0
140.000   0.600   5.560  33.390 0  58.000  27.190   0.000  40.000 1 0
146.000   0.000   4.920  18.530 1  57.000  24.200  34.970  11.000 0 1
112.000   4.460   7.180  26.250 0  69.000  27.290   0.000  17.000 1 0
152.000   0.000   6.060  41.050 0  51.000  40.340   0.000  36.000 0 1
112.000   0.600   5.280  25.710 1  55.000  27.020  27.770  23.000 1 0
114.000   0.000   8.010  21.640 1  66.000  25.510   2.490   1.000 0 1
129.000   2.150   5.170  27.570 1  52.000  25.420   2.060  24.000 0 1
154.000   4.500   4.680  39.970 1  61.000  33.170   1.540  49.000 1 0
130.000   4.000   2.400  17.420 1  60.000  22.050   0.000  25.000 0 1
124.000   0.000   4.790  34.710 1  49.000  26.090   9.260  32.000 0 1
140.000   8.600   3.900  32.160 0  52.000  28.510  11.110  49.000 1 0
132.000   0.000   3.550   8.660 0  61.000  18.500   3.870   1.000 0 1
112.000   0.000   1.710  15.960 1  42.000  22.030   3.500   1.000 0 1
178.000   5.500   3.790  23.920 0  45.000  21.260   6.170  47.000 1 0
188.000   0.000   5.470  32.440 0  71.000  28.990   7.410  35.000 1 0
134.000   3.000   4.370  23.070 1  56.000  20.540   9.650  47.000 0 1
118.000   1.050   3.160  12.980 0  46.000  22.090  16.350  16.000 0 1
128.000   0.400   6.170  26.350 1  64.000  27.860  11.110  19.000 0 1
130.000   7.280   3.560  23.290 0  20.000  26.800  51.870  43.000 1 0
118.000   1.500   5.380  25.840 1  64.000  28.630   3.890  14.000 0 1
128.000   2.000   6.130  21.310 1  66.000  22.860  11.830  45.000 0 1
132.000   0.000   4.820  33.410 0  62.000  14.700   0.000  31.000 1 0
136.000   3.460   6.380  32.250 0  43.000  28.730   3.130  28.000 1 0
206.000   6.000   2.950  32.270 1  72.000  26.810  56.060  45.000 1 0
200.000  19.200   4.430  40.600 0  55.000  32.040  36.000  45.000 1 0
144.000   0.000   3.840  18.720 1  56.000  22.100   4.800  25.000 0 1
132.000   4.050   5.150  26.510 0  31.000  26.670  16.300  35.000 0 1
128.000   0.000   2.430  13.150 0  63.000  20.750   0.000   2.000 0 1
108.000   0.000   2.740  11.170 1  53.000  22.610   0.950   5.000 0 1
118.000   6.000   9.650  33.910 1  60.000  38.800   0.000  33.000 0 1
132.000   2.000   2.700  21.570 0  50.000  27.950   9.260  22.000 0 1
106.000   1.610   1.740  12.320 1  74.000  20.920  13.370   5.000 1 0
180.000   3.570   3.570  36.100 1  36.000  26.700  19.950  49.000 0 1
134.000   0.020   2.800  18.840 1  45.000  24.820   0.000   2.000 0 1
132.000   0.720   4.370  19.540 1  48.000  26.110  49.370  13.000 0 1
198.000   0.520  11.890  27.680 0  48.000  28.400  78.990  11.000 1 0
136.000   1.700   3.530  20.130 1  56.000  19.440  14.400  40.000 0 1
120.000   0.000   1.070  16.020 1  47.000  22.150   0.000   0.000 0 1
168.000  11.400   5.080  26.660 0  56.000  27.040   2.610  44.000 1 0
130.000   1.750   5.460  34.340 1  53.000  29.420   0.000  43.000 1 0
170.000   7.500   6.410  38.030 0  51.000  31.990  24.260  43.000 1 0
112.000   0.410   1.880  10.290 1  39.000  22.080  20.980  12.000 0 1
158.000   4.000   4.180  28.610 0  42.000  25.110   0.000  45.000 0 1
126.000   8.750   6.060  32.720 0  33.000  27.000  62.430  40.000 1 0
124.000   0.610   2.690  17.150 0  61.000  22.760  11.550   5.000 0 1
148.000  15.000   4.980  36.940 0  72.000  31.830  66.270  26.000 1 0
114.000   4.080   4.590  14.600 0  62.000  23.110   6.720  43.000 1 0
128.000   0.500   3.700  12.810 0  66.000  21.250  22.730  13.000 0 1
130.000   5.600   3.370  24.800 1  58.000  25.760  43.200  21.000 0 1
116.000   2.380   5.670  29.010 0  54.000  27.260  15.770  36.000 0 1
130.000   0.000   1.820  10.450 1  57.000  22.070   2.060   2.000 0 1
118.000   1.250   4.690  31.580 0  52.000  27.160   4.110  38.000 0 1
154.000   4.200   5.590  25.020 1  58.000  25.020   1.540  28.000 0 1
134.000   2.750   5.510  26.170 1  57.000  29.870   8.330  18.000 0 1
126.000  19.600   6.030  34.990 1  49.000  26.990  55.890  29.000 0 1
132.000   7.280   3.520  12.330 1  60.000  19.480   2.060  41.000 0 1
134.000  10.000   3.790  34.720 1  42.000  28.330  28.800  37.000 1 0
110.000   4.640   4.550  30.460 1  48.000  30.900  15.220  31.000 0 1
124.000   4.200   2.940  27.590 1  50.000  30.310  85.060  15.000 0 1
162.000   6.940   4.550  33.360 0  52.000  27.090  32.060  28.000 0 1
148.000   0.000   4.660  24.390 1  50.000  25.260   4.030  12.000 0 1
124.000   0.400   3.670  25.760 1  43.000  28.080  20.570  19.000 0 1
162.000   6.300   5.730  22.610 0  46.000  20.430  62.540  38.000 1 0
130.000   0.560   3.300  30.860 1  49.000  27.520  33.330  30.000 0 1
122.000   4.180   9.050  29.270 0  44.000  24.050  19.340  37.000 1 0
126.000   3.400   4.870  15.160 0  65.000  22.010  11.110  23.000 0 1
136.000   1.360   3.160  14.970 0  56.000  24.980   7.300   9.000 0 1
120.000   0.000   2.460  13.390 1  47.000  22.010   0.510   3.000 0 1
150.000  14.400   5.040  26.520 0  60.000  28.840   0.000  30.000 0 1
114.000   0.000   2.630   9.690 1  45.000  17.890   0.000   1.000 0 1
136.000   5.800   5.900  27.550 1  65.000  25.710  14.400  44.000 0 1
118.000   0.120   1.960  20.310 1  37.000  20.010   2.420   3.000 0 1
134.000  13.600   3.500  27.780 0  60.000  25.990  57.340  34.000 1 0
160.000  12.000   5.730  23.110 0  49.000  25.300  97.200  37.000 1 0
124.000   4.250   8.220  30.770 1  56.000  25.800   0.000  28.000 0 1
143.000   0.460   2.400  22.870 1  62.000  29.170  15.430  14.000 0 1
118.000   0.000   2.390  12.130 1  49.000  18.460   0.260   2.000 1 0
138.000   6.000   7.240  37.050 1  38.000  28.690   0.000  44.000 0 1
120.000   0.000   5.010  26.130 1  64.000  26.210  12.240  18.000 0 1
128.000   6.600   3.580  20.710 1  55.000  24.150   0.000  37.000 0 1
118.000   1.620   9.010  21.700 1  59.000  25.890  21.190  25.000 0 1
118.000   0.080   3.480  32.280 0  52.000  29.140   3.810  31.000 0 1
122.000   0.000   3.080  16.300 1  43.000  22.130   0.000   1.000 0 1
130.000   1.720   2.660  10.380 1  68.000  17.810  11.100  11.000 0 1
134.000   0.000   3.690  13.920 1  43.000  27.660   0.000   4.000 0 1
148.000   0.000   5.320  26.710 0  52.000  32.210  32.780  12.000 0 1
124.000   4.820   3.240  21.100 0  48.000  28.490   8.420  15.000 0 1
164.000  13.020   6.260  29.380 0  47.000  22.750  37.030  39.000 1 0
166.000   0.000   4.310  34.270 1  45.000  30.140  13.270  41.000 0 1
140.000   4.500   4.590  18.010 1  63.000  21.910  22.090  17.000 1 0
128.000   0.040   8.220  28.170 1  65.000  26.240  11.730   9.000 0 1
138.000   2.000   5.110  31.400 0  49.000  27.250   2.060  49.000 1 0
126.000   4.600   7.400  31.990 0  57.000  28.670   0.370  45.000 1 0
166.000   4.100   4.000  34.300 0  32.000  29.510   8.230  38.000 0 1
126.000   0.000   5.980  29.060 0  56.000  25.390  11.520  49.000 1 0
120.000   3.700   4.020  39.660 1  61.000  30.570   0.000  49.000 1 0
174.000   2.020   6.570  31.900 0  50.000  28.750  11.830  49.000 1 0
118.000   5.400  11.610  30.790 1  64.000  27.350  23.970  25.000 0 1
126.000   5.100   2.960  26.500 1  55.000  25.520  12.340  23.000 1 0
134.000   8.800   7.410  26.840 1  35.000  29.440  29.520  45.000 1 0
128.000   0.000  10.580  31.810 0  46.000  28.410  14.660  33.000 0 1
134.000   8.080   1.550  17.500 0  56.000  22.650  66.650  16.000 1 0
132.000   7.900   2.850  26.500 0  51.000  26.160  25.710  29.000 0 1
136.000   2.800   2.530   9.280 0  61.000  20.700   4.550  10.000 0 1
166.000   6.000   8.800  37.890 1  39.000  28.700  43.200  37.000 0 1
134.000   2.000   3.660  14.690 1  52.000  21.030   2.060  22.000 0 1
158.000   6.170   8.120  30.750 1  46.000  27.840  92.620  33.000 0 1
162.000   5.300   7.950  33.580 0  58.000  36.060   8.230  33.000 0 1
116.000   4.280   7.020  19.990 0  68.000  23.310   0.000  37.000 1 0
174.000   0.000   8.460  35.100 0  35.000  25.270   0.000  46.000 1 0
136.000   7.360   2.190  28.110 0  61.000  25.000  61.710  39.000 0 1
134.000   0.000   2.430  22.240 1  52.000  26.490  41.660   9.000 0 1
170.000   7.600   5.500  37.830 0  42.000  37.410   6.170  39.000 1 0
162.000   1.500   2.460  19.390 0  49.000  24.320   0.000  44.000 1 0
136.000  13.200   7.180  35.950 1  48.000  29.190   0.000  47.000 0 1
138.000   2.160   4.900  24.830 0  39.000  26.060  28.290  14.000 0 1
136.000   0.000   2.280  18.140 1  55.000  22.590   0.000   2.000 0 1
154.000   5.530   3.200  28.810 0  61.000  26.150  42.790  27.000 0 1
144.000   2.400   8.130  35.610 1  46.000  27.380  13.370  45.000 0 1
146.000   3.600   3.510  22.670 1  51.000  22.290  43.710  27.000 0 1
112.000   4.200   3.580  27.140 1  52.000  26.830   2.060  25.000 0 1
148.000  12.200   3.790  34.150 1  57.000  26.380  14.400  42.000 1 0
108.000  15.000   4.910  34.650 1  41.000  27.960  14.400  41.000 0 1
122.000   4.000   5.240  27.890 0  45.000  26.520   0.000  46.000 1 0
126.000   0.960   4.990  29.740 1  66.000  33.350  58.320  23.000 0 1
134.000   1.100   3.540  20.410 0  58.000  24.540  39.910  24.000 1 0
120.000   0.000   3.680  12.240 1  51.000  20.520   0.510   5.000 0 1
122.000   6.600   5.580  35.950 0  53.000  28.070  12.550  44.000 1 0
152.000   0.900   9.120  30.230 1  56.000  28.640   0.370  27.000 1 0
128.000   6.000   4.370  22.980 0  50.000  26.010   0.000  32.000 0 1
124.000   0.000   3.040  17.330 1  49.000  22.040   0.000   3.000 0 1
148.000   6.000   6.490  26.470 1  48.000  24.700   0.000  40.000 0 1
118.000   0.280   5.800  33.700 0  60.000  30.980   0.000  26.000 1 0
130.000  18.000   4.130  27.430 1  54.000  27.440   0.000  36.000 1 0
140.000   8.000   4.420  33.150 0  47.000  32.770  66.860  29.000 0 1
128.000   5.400   2.360  12.980 1  51.000  18.360   6.690  46.000 0 1
121.000   0.800   5.290  18.950 0  47.000  22.510   0.000  46.000 0 1
120.000   0.000   3.100  26.970 1  41.000  24.800   0.000   1.000 0 1
150.000   0.180   4.140  14.400 1  53.000  23.430   7.710  29.000 0 1
140.000   0.450   4.300  24.330 1  41.000  27.230  10.080  23.000 0 1
118.000   4.000   3.950  18.960 1  54.000  25.150   8.330  34.000 1 0
140.000   8.140   4.930  42.490 1  53.000  45.720   6.430  38.000 1 0
136.000   1.500   6.060  26.540 1  54.000  29.380  14.500  18.000 1 0
166.000   0.070   4.030  29.290 1  53.000  28.370   0.000  12.000 0 1
128.000   0.000   2.630  23.880 1  45.000  21.590   6.540  42.000 0 1
156.000   4.000   2.050  19.480 0  50.000  21.480  27.770  24.000 1 0
144.000   6.750   5.450  29.810 1  53.000  25.620  26.230  28.000 1 0
154.000   1.800   7.130  34.040 0  52.000  35.510  39.360  29.000 0 1
190.000   5.150   6.030  36.590 1  42.000  30.310  72.000  35.000 0 1
128.000   1.600   5.410  29.300 1  68.000  29.380  23.970  17.000 0 1
130.000   4.500   5.860  37.430 1  61.000  31.210  32.300  43.000 0 1
174.000   0.000   3.270  35.400 1  58.000  37.710  24.950  29.000 0 1
142.000   2.200   3.290  22.700 1  44.000  23.660   5.660  27.000 1 0
160.000   3.000   9.190  26.470 0  39.000  28.250  14.400  39.000 1 0
142.000   4.050   3.380  16.200 1  59.000  20.810   2.620  23.000 0 1
136.000   0.400   3.910  21.100 0  63.000  22.300   0.000  41.000 1 0
118.000   0.000   2.990  16.170 1  49.000  23.830   3.220  13.000 0 1
128.000   0.000   2.980  12.590 1  65.000  20.740   2.060   4.000 0 1
158.000   3.600   2.970  30.110 1  63.000  26.640 108.000  49.000 0 1
134.000   0.120   3.400  21.180 0  33.000  26.270  14.210  15.000 0 1
124.000  15.500   5.050  24.060 1  46.000  23.220   0.000  46.000 1 0
152.000  12.180   4.040  37.830 0  63.000  34.570   4.170  49.000 0 1
148.000   8.200   7.750  34.460 0  46.000  26.530   6.040  49.000 1 0
132.000   0.100   3.280  10.730 1  73.000  20.420   0.000   2.000 0 1
132.000   0.000   1.870  17.210 1  49.000  23.630   0.970   0.000 0 1
106.000   5.600   3.200  12.300 1  49.000  20.290   0.000  24.000 0 1
164.000  12.000   3.910  19.590 1  51.000  23.440  19.750  24.000 0 1
122.000   0.000   5.490  19.560 1  57.000  23.120  14.020  12.000 0 1
128.000   0.000   8.410  28.820 0  60.000  26.860   0.000  44.000 1 0
122.000   3.200  11.320  35.360 0  55.000  27.070   0.000  36.000 1 0
168.000   9.000   8.530  24.480 0  69.000  26.180   4.630  39.000 1 0
160.000   4.200   6.760  37.990 0  61.000  32.910   3.090  39.000 1 0
132.000   0.000   0.980  21.390 1  62.000  26.750   0.000  38.000 0 1
126.000   1.800   6.220  19.710 1  65.000  24.810   0.690  16.000 0 1
134.000   6.000   3.300  28.450 1  65.000  26.090  58.110  25.000 0 1
128.000   0.000   6.340  11.870 1  57.000  23.140   0.000   2.000 0 1
146.000   7.500   7.210  25.930 0  55.000  22.510   0.510  27.000 0 1
136.000   8.800   4.260  32.030 0  52.000  31.440  34.350  45.000 0 1
148.000   4.040   3.990  20.690 1  60.000  27.780   1.750  13.000 0 1
132.000   0.000   6.630  29.580 0  37.000  29.410   2.570  47.000 0 1
136.000   2.200   4.160  38.020 1  65.000  37.240   4.110  26.000 1 0
127.000   0.000   2.810  15.700 1  42.000  22.030   1.030   2.000 0 1
126.000   8.750   6.530  34.020 1  49.000  30.250   0.000  26.000 1 0
138.000   0.050   2.790  10.350 1  46.000  21.620   0.000   3.000 0 1
126.000   5.500   3.780  34.150 1  55.000  28.850   3.180  46.000 0 1
124.000   0.160   2.440  16.670 1  65.000  24.580  74.910   8.000 0 1
120.000   0.000   2.420  16.660 1  46.000  20.160   0.000   2.000 0 1
130.000   0.000   2.820  19.630 0  70.000  24.860   0.000  14.000 0 1
114.000   1.200   3.980  14.900 1  49.000  23.790  25.820  11.000 0 1
122.000   0.000   5.750  30.900 0  46.000  29.010   4.110  27.000 0 1
138.000   0.000   3.240  27.680 1  60.000  25.700  88.660  14.000 0 1
128.000   0.000   3.220  26.550 0  39.000  26.590  16.710  34.000 0 1
136.000   0.000   4.120  17.420 1  52.000  21.660  12.860  25.000 0 1
164.000   8.200  14.160  36.850 1  52.000  28.500  17.020  40.000 1 0
112.000   1.440   2.710  22.920 1  59.000  24.810   0.000  37.000 0 1
132.000   2.000   3.080  35.390 1  45.000  31.440  79.820  43.000 1 0
146.000   0.000   6.620  25.690 1  60.000  28.070   8.230  48.000 1 0
128.000   0.000   3.090  20.570 1  54.000  25.630   0.510   2.000 0 1
114.000   0.100   3.950  15.890 0  57.000  20.310  17.140   1.000 0 1
116.000   2.700   3.690  13.520 1  55.000  21.130  18.510  17.000 0 1
103.000   0.030   4.210  18.960 1  48.000  22.940   2.620   3.000 0 1
152.000  19.450   4.220  29.810 1  28.000  23.950   0.000  44.000 1 0
118.000   1.000   5.760  22.100 1  62.000  23.480   7.710  27.000 0 1
130.000   0.000   3.920  25.550 1  68.000  28.020   0.680  12.000 0 1
152.000  10.100   4.710  24.650 0  65.000  26.210  24.530  42.000 0 1
218.000  11.200   2.770  30.790 1  38.000  24.860  90.930  33.000 1 0
110.000  12.160   4.990  28.560 1  44.000  27.140  21.600  40.000 1 0
142.000   3.720   4.240  32.570 1  52.000  24.980   7.610  36.000 0 1
143.000   5.040   4.860  23.590 1  58.000  24.690  18.720  27.000 0 1
140.000   1.680  11.410  29.540 0  74.000  30.750   2.060  23.000 1 0
161.000   9.000   4.650  15.160 0  58.000  23.760  43.200  31.000 0 1
128.000   5.160   4.900  31.350 0  57.000  26.420   0.000  49.000 0 1
170.000   2.600   7.220  28.690 0  71.000  27.870  37.650  41.000 1 0
170.000   0.400   4.110  42.060 0  56.000  33.100   2.060  42.000 0 1
136.000   6.800   7.840  30.740 0  58.000  26.200  23.660  30.000 1 0
148.000   5.500   7.100  25.310 1  56.000  29.840   3.600  33.000 0 1
134.000   6.100   4.770  26.080 1  47.000  23.820   1.030  34.000 0 1
134.000  12.000   4.960  29.790 1  53.000  24.860   8.230  42.000 0 1
128.000   0.000   2.510  29.350 0  53.000  22.050   1.370  47.000 0 1
112.000   9.650   2.290  17.200 0  54.000  23.530   0.680  38.000 0 1
132.000   0.000   3.300  21.610 1  42.000  24.920  32.610  18.000 0 1
134.000   0.000   5.630  29.120 1  68.000  32.330   2.020  19.000 0 1
108.000   1.500   4.330  24.990 1  66.000  22.290  21.600  46.000 1 0
130.000   0.080   5.590  25.420 0  50.000  24.980   6.270  28.000 1 0
150.000   0.000   4.990  27.730 1  57.000  30.920   8.330   9.000 0 1
140.000   3.900   7.320  25.050 1  47.000  27.360  36.770  17.000 0 1
158.000  16.000   5.560  29.350 1  36.000  25.920  58.320  45.000 0 1
152.000   3.000   4.640  31.290 1  41.000  29.340   4.530  25.000 0 1
152.000   5.990   7.990  32.480 1  45.000  26.570 100.320  33.000 0 1
154.000   0.310   2.330  16.480 1  33.000  24.000  11.830   2.000 0 1
120.000   0.000   3.980  13.190 0  47.000  21.890   0.000   1.000 0 1
166.000   0.600   2.420  34.030 0  53.000  26.960  54.000  45.000 0 1
138.000   4.500   2.850  30.110 1  55.000  24.780  24.890  41.000 1 0
114.000   9.600   2.510  29.180 1  49.000  25.670  40.630  31.000 0 1
134.000  12.500   2.730  39.350 1  48.000  35.580   0.000  33.000 0 1
162.000   5.600   4.240  22.530 1  29.000  22.910   5.660  45.000 0 1
154.000   2.400   5.630  42.170 0  59.000  35.070  12.860  35.000 1 0
114.000   0.000   2.990   9.740 1  54.000  46.580   0.000   2.000 0 1
166.000   6.000   3.020  29.300 1  35.000  24.380  38.060  46.000 0 1
116.000  31.200   3.170  14.990 1  47.000  19.400  49.060  44.000 1 0
136.000   0.000   4.000  19.060 1  40.000  21.940   2.060   1.000 0 1
142.000   4.480   3.570  19.750 0  51.000  23.540   3.290  34.000 0 1
206.000   0.000   4.170  33.230 1  69.000  27.360   6.170  35.000 1 0
174.000   3.500   5.260  21.970 0  36.000  22.040   8.330  44.000 1 0
134.000   3.000   3.170  17.910 1  35.000  26.370  15.120  12.000 0 1
136.000  11.200   5.810  31.850 0  75.000  27.680  22.940  43.000 1 0
128.000   2.800   5.530  14.290 1  64.000  24.970   0.510  23.000 0 1
144.000   0.040   3.380  23.610 1  30.000  23.750   4.660  15.000 0 1
134.000  14.100   4.440  22.390 0  65.000  23.090   0.000  25.000 1 0
110.000   0.000   7.140  28.280 1  57.000  29.000   0.000  17.000 0 1
142.000   7.440   5.520  33.970 1  47.000  29.290  24.270  39.000 0 1
148.000   4.800   6.090  36.550 0  63.000  25.440   0.880  40.000 1 0
128.000   4.650   3.310  22.740 1  62.000  22.950   0.510  33.000 0 1
124.000   0.000   3.230   9.640 1  59.000  22.700   0.000   1.000 0 1
114.000   0.000   4.970   9.690 1  26.000  22.600   0.000  10.000 0 1
128.000   0.420   4.600  26.680 1  41.000  30.970  10.330  16.000 0 1
116.000   3.000   3.050  30.310 1  41.000  23.630   0.860  29.000 0 1
134.000   0.900   3.180  23.660 0  52.000  23.260  27.360  43.000 1 0
156.000   0.000   3.470  21.100 1  73.000  28.400   0.000  21.000 1 0
160.000   0.600   6.940  30.530 1  36.000  25.680   1.420  49.000 0 1
146.000   1.160   2.280  34.530 1  50.000  28.710  45.000  34.000 0 1
154.000   4.500   4.750  23.520 0  43.000  25.760   0.000  38.000 1 0
180.000  25.010   3.700  38.110 0  57.000  30.540   0.000  46.000 1 0
116.000   8.000   6.730  28.810 0  41.000  26.740  40.940  33.000 1 0
124.000   6.000   5.210  33.020 0  64.000  29.370   7.610  43.000 1 0
124.000  14.000   6.230  35.960 0  45.000  30.090   0.000  44.000 1 0
168.000   4.500   6.680  28.470 1  43.000  24.250  24.380  41.000 1 0
126.000   0.000   4.550  29.180 1  48.000  24.940  36.000  26.000 0 1
144.000   0.400   4.640  30.090 1  30.000  27.390   0.740  40.000 0 1
178.000  20.000   9.780  33.550 1  37.000  27.290   2.880  47.000 1 0
124.000   1.040   2.840  16.420 0  46.000  20.170   0.000  46.000 0 1
180.000   0.520   4.230  16.380 1  55.000  22.560  14.770  30.000 1 0
148.000   0.000   3.840  17.260 1  70.000  20.000   0.000   6.000 0 1
122.000   0.280   4.190  19.970 1  61.000  25.630   0.000   9.000 0 1
130.000   0.050   2.440  28.250 0  67.000  30.860  40.320  19.000 0 1
136.000   0.000   5.000  27.580 0  49.000  27.590   1.470  24.000 0 1
130.000   2.610   2.720  22.990 0  51.000  26.290  13.370  36.000 1 0
110.000   2.350   3.360  26.720 0  54.000  26.080 109.800  43.000 1 0
136.000   3.990   2.580  16.380 0  53.000  22.410  27.670  21.000 0 1
142.000   0.280   1.800  21.030 1  57.000  23.650   2.930  18.000 0 1
118.000   0.000   4.340  30.120 0  52.000  32.180   3.910  31.000 0 1
101.000   0.480   7.260  13.000 1  50.000  19.820   5.190   1.000 0 1
138.000   0.000   3.140  12.000 1  54.000  20.280   0.000   1.000 0 1
138.000   0.600   3.810  28.660 1  54.000  28.700   1.460  43.000 0 1
134.000   0.570   4.750  23.070 1  67.000  26.330   0.000  22.000 0 1
124.000   3.040   4.800  19.520 0  60.000  21.780 147.190  26.000 1 0
126.000   0.090   5.030  13.270 0  50.000  17.750   4.630   5.000 0 1
118.000   0.000   3.890  15.960 1  65.000  20.180   0.000   1.000 0 1
148.000   0.500   5.970  32.880 1  54.000  29.270   6.430  27.000 0 1
158.000  13.500   5.040  30.790 1  54.000  24.790  21.500  47.000 0 1
108.000   0.400   5.910  22.920 0  57.000  25.720  72.000  24.000 0 1
162.000   0.000   5.090  24.600 0  64.000  26.710   3.810   3.000 0 1
162.000   2.920   3.630  31.330 1  62.000  31.590  18.510  27.000 0 1
132.000  12.000   4.510  21.930 1  61.000  26.070  64.800  31.000 1 0
132.000   2.800   4.790  20.470 0  50.000  22.150  11.730  33.000 0 1
136.000   3.150   4.370  20.220 0  59.000  25.120  47.160  16.000 1 0
126.000   0.000   3.570  26.010 1  61.000  26.300   7.970  32.000 0 1
153.000   7.800   3.960  25.730 1  54.000  25.910  27.030  30.000 0 1
138.000   0.000   2.680  17.040 1  42.000  22.160   0.000   1.000 0 1
140.000   4.200   2.910  28.830 0  43.000  24.700  47.520  33.000 0 1
144.000   0.760  10.530  35.660 1  63.000  34.350   0.000  40.000 1 0
122.000   4.260   4.440  13.040 1  57.000  19.490  48.990  13.000 1 0
117.000   1.530   2.440  28.950 0  35.000  25.890  30.030  31.000 0 1
122.000   0.000   3.760  24.590 1  56.000  24.360   0.000  15.000 0 1
176.000   6.000   3.980  17.200 0  52.000  21.070   4.110  46.000 1 0
122.000   1.700   5.280  32.230 0  51.000  24.080   0.000  39.000 0 1
128.000   0.700   4.900  37.420 0  72.000  35.940   3.090  34.000 1 0
162.000   7.400   8.550  24.650 0  64.000  25.710   5.860  43.000 1 0
118.000   0.120   4.160   9.370 1  57.000  19.610   0.000   2.000 0 1
