;
97
;
  0.285   4.090  24.000   1.963 0  -0.799   1.000   0.000   1.924
  2.533   3.678  20.000   1.348 1  -1.386   2.000  15.000   4.130
  0.582   3.866  21.000   1.714 0  -0.431   1.000   0.000   2.327
  1.613   3.023  22.000  -1.386 0  -0.598   2.000  30.000   1.267
  2.648   3.582  28.000  -1.386 1   2.584   2.000  70.000   3.458
  0.457   4.525  32.000   2.326 0  -1.386   1.000   0.000   2.842
  2.728   3.995  38.000   1.879 1   2.657   4.000 100.000   2.569
  0.010   3.268  13.000  -1.386 0  -1.386   1.000   0.000   2.022
  1.061   3.851  20.000   1.295 0  -1.386   2.000  40.000   2.812
  0.182   6.108  24.000   1.705 0  -1.386   1.000   0.000   2.008
  2.661   4.085  27.000   1.374 1   1.833   2.000  35.000   2.214
  0.223   3.245  22.000  -1.386 0  -1.386   1.000   0.000   1.047
  3.141   3.264  27.000  -0.051 1   2.420   2.000  50.000   3.338
  1.194   4.780  31.000   2.326 0  -0.799   2.000   5.000   2.973
  0.798   3.013  15.000   0.936 0  -0.163   2.000   5.000   2.277
  1.442   3.683  27.000  -1.386 0  -1.386   2.000  10.000   2.308
  1.447   3.125  27.000   0.300 0  -1.386   1.000   0.000   1.766
  3.303   3.519  23.000  -1.386 1   2.327   2.000  60.000   3.631
  1.562   3.695  35.000   0.936 1   0.811   2.000  75.000   3.994
  1.541   3.061  25.000  -1.386 0  -1.386   1.000   0.000   1.447
  0.255   3.604  24.000  -1.386 0  -1.386   1.000   0.000   1.267
  2.830   3.876  27.000  -1.386 1   1.322   2.000  60.000   4.385
  2.011   4.434  31.000   2.122 0   0.501   2.000  60.000   3.393
  2.776   3.525  31.000  -1.386 0   1.558   4.000  95.000   2.854
  0.621   3.142  19.000  -1.386 0  -1.386   4.000  80.000   2.298
 -0.545   3.376  18.000  -0.799 0  -1.386   1.000   0.000   1.696
  1.782   3.452  22.000   0.438 0   1.179   2.000  60.000   1.714
  1.092   3.994  27.000  -1.386 0  -1.386   2.000  50.000   2.657
 -1.050   3.229   9.000  -1.386 0  -1.386   1.000   0.000   0.765
 -0.010   3.217  22.000  -1.386 0  -0.799   1.000   0.000   2.048
  1.215   3.825  28.000  -1.386 1   0.223   2.000  20.000   3.056
  1.206   3.442  16.000  -1.386 0  -0.431   2.000   5.000   1.399
 -0.446   4.409  28.000  -1.386 0  -1.386   1.000   0.000   2.963
  1.275   3.037  30.000   1.267 0  -1.386   1.000   0.000   2.008
  0.975   2.865   6.000  -1.386 0   0.501   2.000   4.000   2.788
  1.160   3.341  36.000   1.749 0  -1.386   2.000  25.000   3.037
  2.410   3.376  24.000  -1.386 0   1.619   1.000   0.000   1.895
  1.486   3.409  25.000   1.749 0  -0.431   2.000  20.000   2.522
 -1.347   3.599  22.000   1.267 0  -1.386   1.000   0.000   1.267
  2.907   3.396  11.000  -1.386 1   2.464   2.000  10.000   5.143
  1.562   3.710  19.000   1.696 0   0.811   2.000  30.000   3.588
 -0.562   3.268   0.000  -1.386 0  -1.386   1.000   0.000   1.558
  2.198   4.051  31.000   2.308 0  -0.431   2.000  10.000   2.963
  2.678   3.838  24.000   1.115 0   1.749   4.000  70.000   3.571
  2.883   3.774  27.000   1.558 1   1.558   2.000  80.000   5.478
  2.514   3.474  16.000   0.438 0   2.327   2.000  60.000   3.531
  1.664   3.393  20.000   0.615 0  -1.386   2.000  15.000   2.553
  1.746   3.498   2.000  -1.386 0  -1.386   1.000   0.000   2.592
  1.772   3.897  20.000  -1.386 0   0.811   2.000   6.000   2.375
  3.821   3.897   3.000  -1.386 1   2.169   2.000  40.000   4.684
  3.154   3.516  18.000  -1.386 0  -1.386   2.000   5.000   2.705
 -0.994   3.320  17.000  -1.386 0  -1.386   1.000   0.000  -0.163
  3.246   4.102  27.000  -1.386 0  -1.386   1.000   0.000   4.030
  0.457   2.375  23.000  -1.386 0  -1.386   2.000  15.000   2.192
  0.464   3.765   8.000   1.423 0  -1.386   1.000   0.000   2.794
  0.513   3.634  23.000   1.493 0   0.049   2.000  70.000   2.684
  1.997   3.720  22.000   1.619 1   1.910   2.000  40.000   2.854
  1.267   4.280  25.000   2.122 0  -1.386   2.000  15.000   2.718
  2.288   3.649  25.000  -1.386 0   0.372   1.000   0.000   1.493
  1.163   4.035  27.000   1.714 0  -0.431   2.000  40.000   2.569
  1.839   3.237  19.000   0.438 1   1.179   4.000  90.000   3.075
  0.693   3.540  17.000   1.537 0  -1.386   1.000   0.000   0.854
  2.059   3.501  19.000   1.475 0   1.348   2.000  20.000   1.658
  0.737   3.474  23.000   0.615 0  -1.386   1.000   0.000   0.765
  0.385   3.667  28.000   1.599 0  -1.386   1.000   0.000   1.732
  2.808   4.718  24.000  -1.386 1   2.464   2.000  60.000   3.984
  0.513   3.720  24.000  -1.386 0  -0.799   2.000  70.000   1.800
  0.542   4.178  29.000   0.438 0  -1.386   2.000  20.000   2.806
  1.468   3.070  25.000   0.560 0   0.223   2.000  40.000   3.516
  3.472   3.975  27.000   0.438 1   2.904   2.000  20.000   5.583
  2.613   3.889  36.000  -0.528 1   0.560   2.000  30.000   3.565
  2.999   3.849  28.000  -1.386 1   1.910   2.000  20.000   3.275
  1.864   3.593  19.000  -1.386 1   1.322   2.000  60.000   3.013
  1.660   4.235  23.000   2.073 0  -1.386   1.000   0.000   2.678
 -0.777   3.540   6.000  -1.386 0  -1.386   1.000   0.000   1.047
  2.035   3.917  25.000   2.008 1   2.110   2.000  60.000   2.882
  2.073   3.623  23.000  -1.386 0  -1.386   1.000   0.000   2.882
  1.308   4.120  23.000   2.171 0  -1.386   2.000   5.000   2.086
 -1.204   3.283  17.000  -1.386 0  -1.386   1.000   0.000  -0.163
  2.023   3.878  27.000   1.783 0   1.322   2.000  70.000   2.920
  2.024   3.732  17.000   1.639 0  -1.386   1.000   0.000   3.680
  2.538   4.355  37.000   2.326 0  -1.386   2.000  10.000   3.436
  1.040   3.129  26.000   0.223 0   0.049   2.000  80.000   1.848
  2.779   3.823  22.000  -1.386 0   0.372   2.000  50.000   3.513
 -0.400   3.866  26.000   1.816 0  -1.386   2.000  20.000   1.816
  1.732   3.369  21.000  -1.386 1   0.300   2.000  30.000   3.712
  1.147   3.419  18.000  -1.386 0  -1.386   1.000   0.000   1.639
  0.751   3.432  21.000  -1.386 0  -1.386   1.000   0.000   0.372
  1.423   3.657  32.000  -0.580 0   1.658   3.000  15.000   2.158
  1.459   3.836  20.000   1.322 0  -0.431   2.000  20.000   2.888
 -0.416   3.516  29.000   1.244 0  -0.598   2.000  30.000   1.470
  1.477   2.998  26.000  -1.386 0  -1.386   2.000   5.000   1.348
  2.127   4.121  27.000   1.766 0   1.447   2.000  40.000   2.691
  1.221   3.568  29.000   1.374 0  -0.799   1.000   0.000   2.592
 -0.580   2.769   9.000  -1.386 0  -1.386   1.000   0.000  -0.431
 -0.511   2.691  33.000  -1.386 0  -1.386   2.000  20.000  -0.163
  0.182   3.825  29.000   1.658 0  -1.386   1.000   0.000   1.599
