;
97
;
  0.285   4.090 25   1.963 1  -0.799 1   0.000   1.924
  2.533   3.678 21   1.348 2  -1.386 2  15.000   4.130
  0.582   3.866 22   1.714 1  -0.431 1   0.000   2.327
  1.613   3.023 23  -1.386 1  -0.598 2  30.000   1.267
  2.648   3.582 29  -1.386 2   2.584 2  70.000   3.458
  0.457   4.525 33   2.326 1  -1.386 1   0.000   2.842
  2.728   3.995 39   1.879 2   2.657 4 100.000   2.569
  0.010   3.268 14  -1.386 1  -1.386 1   0.000   2.022
  1.061   3.851 21   1.295 1  -1.386 2  40.000   2.812
  0.182   6.108 25   1.705 1  -1.386 1   0.000   2.008
  2.661   4.085 28   1.374 2   1.833 2  35.000   2.214
  0.223   3.245 23  -1.386 1  -1.386 1   0.000   1.047
  3.141   3.264 28  -0.051 2   2.420 2  50.000   3.338
  1.194   4.780 32   2.326 1  -0.799 2   5.000   2.973
  0.798   3.013 16   0.936 1  -0.163 2   5.000   2.277
  1.442   3.683 28  -1.386 1  -1.386 2  10.000   2.308
  1.447   3.125 28   0.300 1  -1.386 1   0.000   1.766
  3.303   3.519 24  -1.386 2   2.327 2  60.000   3.631
  1.562   3.695 36   0.936 2   0.811 2  75.000   3.994
  1.541   3.061 26  -1.386 1  -1.386 1   0.000   1.447
  0.255   3.604 25  -1.386 1  -1.386 1   0.000   1.267
  2.830   3.876 28  -1.386 2   1.322 2  60.000   4.385
  2.011   4.434 32   2.122 1   0.501 2  60.000   3.393
  2.776   3.525 32  -1.386 1   1.558 4  95.000   2.854
  0.621   3.142 20  -1.386 1  -1.386 4  80.000   2.298
 -0.545   3.376 19  -0.799 1  -1.386 1   0.000   1.696
  1.782   3.452 23   0.438 1   1.179 2  60.000   1.714
  1.092   3.994 28  -1.386 1  -1.386 2  50.000   2.657
 -1.050   3.229 10  -1.386 1  -1.386 1   0.000   0.765
 -0.010   3.217 23  -1.386 1  -0.799 1   0.000   2.048
  1.215   3.825 29  -1.386 2   0.223 2  20.000   3.056
  1.206   3.442 17  -1.386 1  -0.431 2   5.000   1.399
 -0.446   4.409 29  -1.386 1  -1.386 1   0.000   2.963
  1.275   3.037 31   1.267 1  -1.386 1   0.000   2.008
  0.975   2.865 7  -1.386 1   0.501 2   4.000   2.788
  1.160   3.341 37   1.749 1  -1.386 2  25.000   3.037
  2.410   3.376 25  -1.386 1   1.619 1   0.000   1.895
  1.486   3.409 26   1.749 1  -0.431 2  20.000   2.522
 -1.347   3.599 23   1.267 1  -1.386 1   0.000   1.267
  2.907   3.396 12  -1.386 2   2.464 2  10.000   5.143
  1.562   3.710 20   1.696 1   0.811 2  30.000   3.588
 -0.562   3.268 1  -1.386 1  -1.386 1   0.000   1.558
  2.198   4.051 32   2.308 1  -0.431 2  10.000   2.963
  2.678   3.838 25   1.115 1   1.749 4  70.000   3.571
  2.883   3.774 28   1.558 2   1.558 2  80.000   5.478
  2.514   3.474 17   0.438 1   2.327 2  60.000   3.531
  1.664   3.393 21   0.615 1  -1.386 2  15.000   2.553
  1.746   3.498 3  -1.386 1  -1.386 1   0.000   2.592
  1.772   3.897 21  -1.386 1   0.811 2   6.000   2.375
  3.821   3.897 4  -1.386 2   2.169 2  40.000   4.684
  3.154   3.516 19  -1.386 1  -1.386 2   5.000   2.705
 -0.994   3.320 18  -1.386 1  -1.386 1   0.000  -0.163
  3.246   4.102 28  -1.386 1  -1.386 1   0.000   4.030
  0.457   2.375 24  -1.386 1  -1.386 2  15.000   2.192
  0.464   3.765 9   1.423 1  -1.386 1   0.000   2.794
  0.513   3.634 24   1.493 1   0.049 2  70.000   2.684
  1.997   3.720 23   1.619 2   1.910 2  40.000   2.854
  1.267   4.280 26   2.122 1  -1.386 2  15.000   2.718
  2.288   3.649 26  -1.386 1   0.372 1   0.000   1.493
  1.163   4.035 28   1.714 1  -0.431 2  40.000   2.569
  1.839   3.237 20   0.438 2   1.179 4  90.000   3.075
  0.693   3.540 18   1.537 1  -1.386 1   0.000   0.854
  2.059   3.501 20   1.475 1   1.348 2  20.000   1.658
  0.737   3.474 24   0.615 1  -1.386 1   0.000   0.765
  0.385   3.667 29   1.599 1  -1.386 1   0.000   1.732
  2.808   4.718 25  -1.386 2   2.464 2  60.000   3.984
  0.513   3.720 25  -1.386 1  -0.799 2  70.000   1.800
  0.542   4.178 30   0.438 1  -1.386 2  20.000   2.806
  1.468   3.070 26   0.560 1   0.223 2  40.000   3.516
  3.472   3.975 28   0.438 2   2.904 2  20.000   5.583
  2.613   3.889 37  -0.528 2   0.560 2  30.000   3.565
  2.999   3.849 29  -1.386 2   1.910 2  20.000   3.275
  1.864   3.593 20  -1.386 2   1.322 2  60.000   3.013
  1.660   4.235 24   2.073 1  -1.386 1   0.000   2.678
 -0.777   3.540 7  -1.386 1  -1.386 1   0.000   1.047
  2.035   3.917 26   2.008 2   2.110 2  60.000   2.882
  2.073   3.623 24  -1.386 1  -1.386 1   0.000   2.882
  1.308   4.120 24   2.171 1  -1.386 2   5.000   2.086
 -1.204   3.283 18  -1.386 1  -1.386 1   0.000  -0.163
  2.023   3.878 28   1.783 1   1.322 2  70.000   2.920
  2.024   3.732 18   1.639 1  -1.386 1   0.000   3.680
  2.538   4.355 38   2.326 1  -1.386 2  10.000   3.436
  1.040   3.129 27   0.223 1   0.049 2  80.000   1.848
  2.779   3.823 23  -1.386 1   0.372 2  50.000   3.513
 -0.400   3.866 27   1.816 1  -1.386 2  20.000   1.816
  1.732   3.369 22  -1.386 2   0.300 2  30.000   3.712
  1.147   3.419 19  -1.386 1  -1.386 1   0.000   1.639
  0.751   3.432 22  -1.386 1  -1.386 1   0.000   0.372
  1.423   3.657 33  -0.580 1   1.658 3  15.000   2.158
  1.459   3.836 21   1.322 1  -0.431 2  20.000   2.888
 -0.416   3.516 30   1.244 1  -0.598 2  30.000   1.470
  1.477   2.998 27  -1.386 1  -1.386 2   5.000   1.348
  2.127   4.121 28   1.766 1   1.447 2  40.000   2.691
  1.221   3.568 30   1.374 1  -0.799 1   0.000   2.592
 -0.580   2.769 10  -1.386 1  -1.386 1   0.000  -0.431
 -0.511   2.691 34  -1.386 1  -1.386 2  20.000  -0.163
  0.182   3.825 30   1.658 1  -1.386 1   0.000   1.599
