;
920
;
 34 1   3 120.000 337.000 2   1 39 1   0.000   X     X     X   0 1
 24 1   2 130.000 224.000 2   1 91 2   0.000   X     X     X   1 0
 13 1   3 106.000 240.000 2   1 21 1   0.000   X     X   3 1 0
 24 1   4   X     X   1   2   X     X     X     X     X     X   0 1
 21 1   4 160.000 193.000 2   1 43 1   3.000 2   X     X   0 1
 35 2   1 160.000 193.000 2   1 57 2   0.000   X     X     X   1 0
 13 1   4 125.000   X   1   1 106 2   0.000   X     X   3 0 1
 38 1   4 145.000   X     X     2 8 2   X     X     X   2 0 1
 21 2   2 120.000 284.000 2   1 61 2   0.000   X     X     X   1 0
 40 1   4 120.000 229.000 2   3 70 1   2.600 2   3 3 0 1
 38 2   3 155.000 269.000 2   1 89 2   0.800 3   1 1 1 0
 33 1   4 135.000   X   2   1 4 1   0.500 3   X   3 0 1
 11 1   3 138.000 175.000 2   1 114 2   0.000 3   X   1 1 0
 31 1   4 135.000 222.000 2   1 41 2   0.000   X     X     X   1 0
 31 1   4 100.000 234.000 2   1 97 2   0.100 3   2 3 0 1
 26 1   3 120.000 195.000 2   1 81 2   0.000   X     X     X   1 0
 33 1   4 130.000 186.000 1   2 81 1   0.500 2   X     X   0 1
 30 1   4 132.000 207.000 2   1 109 1   0.000 3   1 3 1 0
 30 1   4 140.000   X     X     1 41 1   0.000   X     X   2 0 1
 18 2   4 138.000 236.000 2   3 93 1   0.200 2   1 1 1 0
 15 1   2 120.000 196.000 2   1 91 2   0.000   X     X     X   1 0
 11 1   3 100.000   X     X     1 120 2  -1.100 3   X     X   1 0
 16 1   4 132.000 247.000 1   3 84 1   0.100 2   X   3 0 1
 25 1   4 112.000 230.000 2   1 101 2   0.000 3   2 1 0 1
 22 1   4 140.000   X   2   1 71 2   0.000   X     X     X   1 0
 25 1   4 130.000   X     X     1 61 2   0.000 2   X   3 0 1
 31 1   4 120.000   X   2   3 47 1   1.500 1   X   3 0 1
 36 1   4 150.000 223.000 2   1 56 2   0.000   X     X     X   0 1
 35 1   4 152.000 153.000 2   2 38 1   1.600 3   X   3 0 1
 21 1   3 102.000   X     X     2 51 1   1.000 1   X     X   0 1
 25 2   4 130.000 180.000 2   1 81 1   1.500 2   X     X   1 0
 14 1   2 135.000 203.000 2   1 73 2   0.000 2   1 2 1 0
 41 1   3 150.000 195.000 1   1 73 2   0.000   X     X   2 0 1
  5 2   2 105.000 198.000 2   1 106 2   0.000   X     X     X   1 0
 23 2   4 110.000 254.000 2   3 100 2   0.000 3   1 1 1 0
 26 1   4 130.000   X   2   3 76 1   1.000 2   X   3 0 1
 20 1   3 138.000 257.000 2   3 97 2   0.000 3   1 1 1 0
 31 2   1 150.000 283.000 1   3 103 2   1.000 3   1 1 1 0
 25 1   4 130.000 225.000 2   1 61 1   2.000 2   X     X   0 1
 19 1   4 110.000 202.000 2   1 91 1   0.000   X     X     X   0 1
 11 2   4 110.000   X   2   1 97 2   0.000 2   X   1 0 1
 42 1   4   X     X   2   2   X     X     X     X     X   3 0 1
 48 1   4 170.000 203.000 1   2 49 2   0.000   X     X   3 0 1
 11 1   3 145.000 292.000 2   1 71 2   0.000   X     X     X   1 0
 28 1   3 120.000   X   2   2 66 1   2.500 2   X   3 0 1
 27 1   3 150.000   X   2   1 63 2   0.000   X     X     X   1 0
 30 1   3 105.000   X     X     1 89 2   0.300 2   X     X   0 1
 27 1   2 108.000 309.000 2   1 97 2   0.000 3   1 3 1 0
 34 2   4 130.000 294.000 2   2 61 1   1.000 2   X     X   1 0
 21 1   4 160.000 329.000 2   1 33 1   1.500 2   X     X   0 1
 39 2   4 155.000   X     X     1 31 2   0.000   X     X   3 0 1
 32 1   3 180.000 213.000 2   1 41 2   0.000   X     X     X   1 0
 30 1   4 140.000   X   2   1 61 1   2.000 2   X   2 0 1
 27 1   3   X   203.000 2   2   X     X     X     X     X     X   1 0
 14 2   2 105.000 198.000 2   1 109 2   0.000 3   2 1 1 0
 29 1   3   X   208.000 1   2   X     X     X     X     X     X   0 1
 15 1   3 120.000 228.000 2   1 93 1   1.500 2   X     X   1 0
 16 1   1 120.000 291.000 2   2 96 2   0.000   X     X     X   0 1
  8 2   4 140.000 167.000 2   1 91 2   0.000   X     X     X   1 0
 26 2   3 120.000 274.000 2   1 71 2   0.000   X     X     X   1 0
 35 1   4 135.000 297.000 2   1 71 1   1.000 2   X     X   0 1
 29 1   4 120.000  85.000 2   1 81 2   0.000   X     X     X   1 0
 35 1   3 120.000 220.000 2   3 27 2   0.000   X     X     X   1 0
 15 1   4 145.000   X   2   1 40 1   0.000 2   X     X   0 1
 30 1   3 128.000 229.000 2   3 91 2   0.400 2   2 3 0 1
 41 1   4 135.000   X   2   2 61 1   0.000 3   X   3 0 1
 26 2   4 130.000 264.000 2   3 84 2   0.400 2   1 1 1 0
 30 1   4 130.000 311.000   X     2 89 1   2.000 2   X     X   0 1
 12 1   2 130.000   X   2   1 61 2   0.000   X     X     X   1 0
 36 1   4 130.000 254.000 2   3 88 2   1.400 2   2 3 0 1
 24 1   4 128.000   X   2   1 48 2   0.000   X     X     X   1 0
 40 1   4 120.000   X   1   1 91 2   1.500 1   X     X   0 1
 10 2   3 120.000 215.000 2   1 111 2   0.000 3   1 1 1 0
 31 1   4   X   203.000 1   1   X     X     X     X     X     X   0 1
 16 2   2 120.000 249.000 2   2 117 2   0.000   X     X     X   1 0
 16 1   4 110.000 211.000 2   1 102 2   0.000 3   1 3 1 0
 30 1   4 122.000 264.000 2   3 41 2   0.000   X     X     X   0 1
 29 2   4 200.000 288.000 1   3 74 1   4.000 1   3 3 0 1
 22 1   2 100.000 253.000 2   1 115 2   0.000   X     X     X   1 0
 19 1   4 120.000 231.000 2   1 56 1   0.000   X     X     X   0 1
 23 2   3 120.000 219.000 2   1 99 2   1.600 2   1 1 1 0
 37 1   4 150.000 193.000 2   2 76 1   0.500 2   X     X   0 1
 32 1   1 134.000 204.000 2   1 103 2   0.800 3   3 1 0 1
 27 2   4 138.000 274.000 2   1 46 1   1.500 2   X     X   0 1
 11 1   4 110.000 196.000 2   1 107 2   0.000   X     X     X   0 1
 33 1   4 125.000 258.000 2   3 82 1   2.800 2   2 3 0 1
 29 1   3 170.000   X   2   3 64 1   2.500   X     X     X   0 1
 30 2   2 130.000 236.000 2   3 115 2   0.000 2   2 1 0 1
 28 1   4 120.000   X   2   2 33 2   0.300 3   X   3 0 1
 24 1   4 130.000 179.000 2   1 41 2   0.000   X     X   3 1 0
 22 2   4 130.000 269.000 2   1 104 2   0.000 3   1 1 1 0
 22 1   3 120.000 188.000 2   1 80 2   2.000 2   4 3 0 1
 50 1   4 124.000 171.000 2   2 51 1   2.000 3   X     X   0 1
 18 2   2 130.000 237.000 2   1 111 2   0.000   X     X     X   1 0
 26 1   4 124.000 260.000 2   2 53 1   3.000 2   X     X   1 0
 29 1   1 120.000 193.000 2   3 103 2   1.900 2   1 3 1 0
 28 1   4 132.000 353.000 2   1 73 1   1.200 2   2 3 0 1
 14 1   2 120.000 295.000 2   1 111 2   0.000   X     X     X   1 0
 27 1   4 140.000 216.000 2   1 46 2   1.500 2   X     X   0 1
 22 1   3 140.000 187.000 2   1 113 2   0.000   X     X     X   1 0
 32 1   3 125.000   X     X     1 116 2   2.600 2   X     X   0 1
 38 1   4   X     X   2   1   X     X     X     X     X     X   0 1
 39 1   3 120.000   X   2   2 61 2  -0.500 3   X     X   1 0
 34 1   4 105.000   X     X     1 51 1   1.500 3   X     X   0 1
 28 1   2 145.000 326.000 2   1 96 2   0.000   X     X     X   1 0
 25 2   2 120.000 210.000 2   1 89 2   0.000   X     X     X   1 0
 37 1   3 125.000 309.000 2   1 72 1   1.800 2   1 3 0 1
 18 2   2 180.000   X   2   1 121 2   0.000   X     X     X   1 0
 36 1   3 130.000   X   2   2 52 1   0.000   X     X     X   0 1
 22 1   4 140.000 234.000 2   1 81 1   1.000 2   X     X   0 1
 21 1   2 140.000 238.000 2   1 59 2   0.000   X     X     X   1 0
 33 2   4 150.000 258.000 2   3 98 2   2.600 2   3 3 0 1
 37 2   4 130.000 303.000 2   1 63 2   2.000 2   3 1 1 0
 30 1   4 156.000 173.000 2   3 60 1   3.000 1   X     X   0 1
 16 2   4 132.000 341.000 1   3 77 1   3.000 2   1 3 0 1
 24 1   4   X   227.000 1   2   X     X     X     X     X     X   1 0
 10 1   4 120.000 223.000 2   1 109 2   0.000   X     X   1 1 0
 16 1   4 120.000 175.000 2   1 61 1   1.000 2   X   3 0 1
 16 1   4 122.000   X   2   1 61 2   0.500 3   X     X   0 1
 15 1   3 134.000 240.000   X     1 101 2   0.000   X     X     X   1 0
 21 1   3 110.000 211.000 2   1 79 2   0.000   X     X   2 1 0
 42 1   3 140.000 254.000 2   3 87 2   2.000 2   4 3 0 1
 23 1   4 145.000   X     X     1 80 1   0.700 2   X     X   0 1
 41 1   1   X   181.000 1   2   X     X     X     X     X     X   1 0
 23 1   4 130.000 233.000 2   1 62 1   2.000 2   X   3 0 1
 23 1   4 144.000 200.000 2   3 67 1   0.900 2   1 3 0 1
 28 2   4 128.000 205.000 2   2 71 1   2.000 2   2 3 0 1
 31 1   4 100.000 213.000 2   2 51 2   0.000   X     X     X   1 0
  8 1   4   X     X     X     1 71 1   X     X     X   3 0 1
 35 1   3   X     X   1   2   X     X     X     X     X     X   0 1
 27 1   4 125.000 224.000 2   1 63 2   2.000 2   X     X   0 1
 23 1   4 144.000 349.000 2   3 61 1   1.000 3   X   3 0 1
 34 1   1 134.000 234.000 2   1 86 2   2.600 2   3 1 0 1
 35 2   4 140.000 394.000 2   3 98 2   1.200 2   1 1 1 0
 23 1   4 150.000 215.000 2   1 81 1   0.000   X     X     X   1 0
 17 1   2 130.000 215.000 2   1 76 2   0.000   X     X     X   1 0
 28 1   4 140.000 229.000 2   1 51 1   0.500 2   X     X   1 0
 36 2   4 150.000 407.000 2   3 95 2   4.000 2   4 3 0 1
 21 1   4 122.000 275.000 1   2 91 1   2.000 1   X     X   0 1
 38 1   4 160.000   X   1   2 63 2   X     X     X   3 0 1
 38 1   4 170.000 263.000 1   1 53 1   2.000 2   X     X   0 1
 40 1   4 125.000 254.000 1   1 104 2   0.200 2   3 3 0 1
 28 2   2 110.000 344.000 2   2 101 2   0.000   X     X     X   1 0
 34 1   4 130.000   X   2   3 56 2   0.000 2   X   3 0 1
 28 1   3 120.000 220.000 2   3 75 2   0.000   X     X     X   1 0
 49 2   3 140.000 197.000 2   2 57 2   1.100 2   1 1 1 0
 18 1   4 115.000 260.000 2   3 126 2   0.000 3   1 1 1 0
 27 1   4 180.000   X     X     1 91 2   1.500 2   X   3 0 1
 32 1   2 140.000 221.000 2   1 105 1   0.000 3   1 1 1 0
 14 2   2 130.000 204.000 2   3 113 2   1.400 3   1 1 1 0
 12 1   2 120.000   X   2   2 87 2   2.000 3   X     X   1 0
 32 1   4 125.000   X     X     1 60 1   0.900 3   X     X   0 1
 10 1   2 130.000 283.000 2   2 39 2   0.000   X     X     X   1 0
  8 1   4 126.000 282.000 2   3 97 1   0.000 3   1 3 0 1
 17 1   3 130.000 233.000 2   1 120 1   0.400 3   1 1 1 0
 31 1   4 160.000 256.000 1   3 54 1   1.000 3   X     X   0 1
 28 1   4 140.000 201.000 2   1 71 1   3.000 2   X     X   0 1
 40 2   3 152.000 277.000 2   1 113 2   0.000 3   2 1 1 0
 29 1   2 130.000 184.000 2   1 41 2   0.000   X     X     X   1 0
 35 2   3 130.000 263.000 2   1 38 2   1.200 2   2 3 0 1
 27 1   4 120.000 188.000 2   1 54 2   1.400 2   2 3 0 1
 39 1   4 140.000   X   2   1 35 1   1.000 2   X     X   0 1
 20 1   3 140.000 193.000 2   1 86 1   1.000 2   X     X   0 1
 43 1   3 160.000 269.000 2   1 53 1   2.900 2   2 3 0 1
 33 1   3 140.000 185.000 2   3 96 2   3.000 2   1 1 0 1
 35 1   4 115.000   X     X     1 13 1  -0.500 2   X   1 0 1
  8 1   3   X   161.000 2   2   X     X     X     X     X     X   1 0
 39 2   4 178.000 228.000 1   1 106 1   1.000 2   3 3 0 1
 36 1   4 130.000 308.000 2   1 79 1   2.000 2   X     X   0 1
 27 1   3 150.000 232.000 2   3 106 2   1.600 3   1 3 1 0
 45 1   4 160.000   X   1   3 71 2   1.500   X     X     X   0 1
 34 1   1 142.000 200.000 1   2 41 2   1.500 1   X     X   0 1
 28 1   4 158.000 217.000 2   1 51 1   2.500 2   X     X   0 1
 32 2   4 174.000 249.000 2   1 84 1   0.000 2   1 1 0 1
 27 1   4 122.000 286.000 2   3 57 1   3.200 2   3 1 0 1
 22 1   3   X   142.000 2   1   X     X     X     X     X     X   0 1
 23 1   2 170.000 209.000 2   2 57 2   0.000   X     X     X   1 0
 28 1   4 150.000 160.000 2   2 91 2   0.000   X     X     X   1 0
 20 1   3 155.000   X   2   1 59 1   1.000 2   X   1 0 1
  9 1   2 120.000 267.000 2   1 101 2   3.000 2   X     X   0 1
 27 1   4 124.000 266.000 2   3 50 1   2.200 2   2 3 0 1
 15 1   3 120.000 240.000 1   1 135 2   0.800 1   1 3 1 0
 43 1   4 145.000 174.000 2   1 66 1   2.600 1   1 3 0 1
 29 1   3 120.000   X   2   1 38 2   0.000 2   X   3 1 0
 16 1   4 140.000   X   2   2 81 1   0.500 3   X   3 0 1
 31 1   4 146.000 218.000 2   1 46 2   2.000 2   2 3 0 1
 28 1   3   X   245.000 1   2   X     X     X     X     X     X   0 1
 35 2   4 124.000 209.000 2   1 104 2   0.000 3   1 1 1 0
 29 1   4 120.000   X   2   2 41 1  -1.000 1   X   3 0 1
 27 1   2 110.000 208.000 2   1 83 2   0.000   X     X     X   1 0
 31 1   2 125.000 220.000 2   1 85 2   0.400 2   X   3 1 0
 15 1   3 160.000 147.000 2   1 87 2   0.000   X     X     X   1 0
 31 1   4 128.000 216.000 2   3 72 1   2.200 2   4 3 0 1
 16 2   2 120.000 266.000 2   1 59 2   0.000   X     X     X   1 0
 26 1   2 130.000   X     X     2 61 2   0.700 1   X     X   1 0
 33 1   4 100.000 248.000 2   1 66 2   1.000 2   X     X   0 1
 21 1   4 115.000   X     X     1 69 2   0.000 2   X   2 0 1
 34 1   4 148.000 203.000 2   1 102 2   0.000 3   2 3 0 1
 27 2   2 120.000 273.000 2   1 91 2   1.500 2   X     X   1 0
 28 1   4 140.000   X   2   1 24 2   0.000 2   X   3 0 1
 36 1   4 110.000 252.000 2   2 81 1   2.000 2   X     X   0 1
 37 2   3 140.000 313.000 2   1 74 2   0.200 3   1 3 1 0
 27 2   2 150.000 230.000 2   1 71 2   0.000   X     X     X   1 0
 35 1   4 158.000 170.000 2   2 79 1   0.000   X     X     X   0 1
  2 1   2 140.000   X   2   1 111 2   0.000   X     X     X   1 0
 32 1   4 135.000   X   2   1 56 1   1.000 2   X   3 0 1
 29 1   4 155.000 342.000 1   1 91 1   3.000 2   X     X   0 1
  8 1   2 120.000 308.000 2   3 121 2   0.000   X     X     X   1 0
 33 2   3 120.000 178.000 1   1 37 2   0.000 3   1 1 1 0
 27 1   2 192.000 283.000 2   3 136 2   0.000 3   2 3 0 1
 29 1   4 132.000 184.000 2   3 46 1   2.100 2   2 2 0 1
 36 1   4 160.000 230.000 1   1 46 1   1.000 2   X     X   0 1
 23 1   4 120.000   X   2   2 97 1   0.000 3   X   2 0 1
 12 2   3 138.000 220.000 2   1 93 2   0.000 2   1 1 1 0
 39 1   4 160.000 228.000 2   3 79 2   2.300 3   1 2 1 0
 21 1   2 110.000 229.000 2   1 109 2   1.000 1   1 3 0 1
 30 1   4   X   277.000 1   2   X     X     X     X     X     X   0 1
 31 1   4 130.000   X   2   2 41 1   1.000 2   X   2 0 1
 33 1   4 140.000 293.000 2   3 111 2   1.200 2   3 3 0 1
 16 1   4 100.000   X     X     1 63 2   1.500 1   X     X   0 1
 37 1   1 170.000 227.000 2   3 96 2   0.600 2   1 3 1 0
 31 1   4 130.000 263.000 2   1 81 1   2.000 2   X     X   0 1
 33 2   3 102.000 318.000 2   1 101 2   0.000 3   2 1 1 0
 16 2   3 122.000 213.000 2   1 106 2   0.200 2   1 1 1 0
 33 1   4 130.000 253.000 2   1 85 1   1.400 3   2 3 0 1
 35 1   2 140.000 271.000 2   1 93 2   1.000 3   X     X   1 0
 28 1   3   X     X   2   1 96 2   1.500 2   X     X   0 1
 19 1   2 101.000 197.000 1   1 97 2   0.000 3   1 3 1 0
 28 1   2 120.000 256.000 1   1 78 2   0.000   X     X   3 1 0
 26 1   4 124.000 243.000 2   1 63 1   2.000 2   X   3 0 1
 14 2   2 126.000 306.000 2   1 104 2   0.000 3   1 1 1 0
 24 1   4   X     X   1   3   X     X     X     X     X   3 0 1
 23 2   2 110.000 202.000 2   1 86 2   0.000   X     X     X   1 0
 31 1   2 136.000 164.000 2   2 40 1   2.000 2   X     X   0 1
 42 1   4 130.000   X   1   2 70 2   1.000 2   X   2 0 1
 42 1   4   X   210.000 1   2   X     X     X     X     X     X   0 1
 29 1   2 120.000 236.000 2   1 119 2   0.800 3   1 1 1 0
 27 1   1 120.000 171.000 2   1 78 2   2.000 3   X     X   1 0
 19 2   3 142.000 177.000 2   3 101 1   1.400 1   1 1 1 0
 22 2   3 130.000 207.000 2   2 76 2   0.000   X     X     X   1 0
 20 1   1 110.000 249.000 2   1 91 2   0.000   X     X     X   1 0
  9 1   3 130.000 209.000 2   1 119 2   0.000   X     X     X   1 0
 31 1   4 125.000 300.000 2   3 112 2   0.000 3   3 3 0 1
 22 2   2 110.000   X   2   1 101 2   0.000   X     X     X   1 0
 27 1   4 130.000 603.000 1   1 66 1   1.000 2   X     X   0 1
 34 1   3 120.000   X   2   1 21 1   0.000 2   X     X   0 1
 37 1   4 120.000 246.000 2   3 37 1   2.200 1   2 1 0 1
 31 1   3 105.000 240.000 2   3 95 1   0.600 2   1 3 1 0
 27 2   2 140.000 309.000   X     2 81 2   0.000   X     X     X   1 0
 25 1   4 140.000 266.000 2   1 75 1   2.000 2   X     X   0 1
 21 1   4 160.000 268.000 2   1 44 1   1.000 2   X     X   0 1
 26 2   2 140.000 216.000 2   1 83 1   2.000 2   X     X   1 0
 35 1   1 112.000 258.000 2   2 91 1   X     X     X     X   0 1
 28 1   2 110.000 214.000 1   2 121 2   X     X     X     X   1 0
 27 2   3 130.000 294.000 2   2 41 1   0.000 2   X     X   0 1
  7 1   4 115.000   X     X     X   95 2   0.200 3   X     X   0 1
 19 1   4 100.000   X     X     2 74 2  -2.600 2   X     X   0 1
 36 1   4 150.000   X     X     2 95 2   3.700 3   X     X   0 1
 35 1   4 115.000   X     X     1 69 1   2.500 1   X     X   0 1
 25 1   4 128.000 255.000 2   1 102 1   0.000 3   2 3 0 1
 38 1   4 130.000 275.000 2   2 56 1   1.000 2   X     X   0 1
 36 1   4 130.000 330.000 1   3 73 1   1.800 3   4 3 0 1
 38 1   4 140.000 306.000 1   1 28 1   1.500 2   X     X   0 1
 37 1   1 110.000 211.000 2   3 85 1   1.800 2   1 1 1 0
 34 1   4   X     X   1   2 27 2   1.500 2   X   3 0 1
 42 1   1 160.000 234.000 1   3 72 2   0.100 2   2 1 1 0
 13 1   4 152.000 223.000 2   1 122 2   0.000 3   1 3 0 1
 40 2   4 106.000 223.000 2   1 83 2   0.300 3   3 1 1 0
 25 1   4 135.000   X     X     1 69 1   2.000 2   X   3 0 1
 15 1   4 105.000   X     X     1 69 1  -1.500 1   X     X   0 1
 36 1   4 140.000 187.000 2   3 85 1   4.000 3   3 3 0 1
 13 1   3 130.000 215.000 2   1 79 2   0.000   X     X     X   1 0
 29 1   4 140.000   X     X     1 62 1   1.800 3   X     X   0 1
 18 1   4 142.000 309.000 2   3 88 1   0.000 2   4 3 0 1
 14 1   4 110.000 289.000 2   1 111 2   0.000   X     X   2 0 1
 27 1   4 110.000 206.000 2   3 49 1   0.000 2   2 1 0 1
 24 2   4 120.000   X     X     1 68 1   1.500 3   X     X   0 1
 29 1   4 150.000 213.000 1   1 66 1   1.000 2   X     X   0 1
 21 1   4 120.000 260.000 2   1 56 2   2.000 2   X     X   0 1
 10 1   3 118.000 240.000 2   3 106 2   1.000 2   X   1 1 0
 36 1   4 160.000 267.000 1   2 29 1   2.000   X     X     X   0 1
 13 1   2 130.000 275.000 2   1 91 2   0.000   X     X     X   1 0
 23 1   4 150.000 243.000 2   3 69 2   2.600 2   1 3 0 1
 18 1   4 104.000 208.000 2   3 89 1   3.000 2   1 1 1 0
 11 2   4 105.000   X     X     1 107 2   2.800 3   X     X   0 1
 32 1   4 164.000 176.000 1   3 31 2   1.000 2   3 2 0 1
 31 2   4 100.000 248.000 2   3 63 2   1.000 2   1 1 1 0
 28 1   4 140.000 268.000 2   1 69 1   1.500 2   X     X   0 1
 29 2   2 140.000 294.000 2   3 94 2   1.300 2   1 1 1 0
 40 1   4 100.000 299.000 2   3 66 1   0.900 2   3 1 0 1
 16 1   4 115.000 303.000 2   1 122 2   1.200 2   1 1 1 0
 32 2   2 130.000 188.000 2   1 65 2   1.000 2   X     X   1 0
 14 1   2 120.000 157.000 2   1 123 2   0.000 3   1 1 1 0
 35 1   2   X     X   2   1   X     X     X     X     X     X   1 0
 34 1   4 120.000 260.000 2   1 81 1   3.600 2   2 3 0 1
 28 2   2 132.000 342.000 2   1 107 2   1.200 3   1 1 1 0
  9 1   3 150.000 160.000 2   1 113 2   0.000   X     X     X   1 0
 31 2   4 130.000 197.000 2   1 72 2   0.600 2   1 1 1 0
 15 1   4 140.000 358.000 2   1 111 2   0.000   X     X     X   1 0
 20 1   4 110.000   X     X     2 90 2   2.100 3   X     X   0 1
 25 1   3 128.000   X   2   2 121 2   3.000 3   X     X   0 1
 27 1   3 120.000 258.000 2   3 88 2   0.400 2   1 3 1 0
 28 1   4 145.000 248.000 2   1 37 1   2.000 2   X     X   0 1
 27 1   4 200.000 198.000 2   1 83 1   2.000 2   X     X   0 1
 25 1   4 128.000 204.000 1   1 97 1   1.000 2   1   X   0 1
 14 1   4 110.000 172.000 2   3 99 2   0.000 3   1 3 0 1
 19 1   2 140.000 275.000 2   1 106 1   0.000   X     X     X   1 0
 25 1   2 160.000 196.000 2   1 106 2   0.000   X     X     X   1 0
 16 2   2 120.000 215.000 2   2 116 2   0.000   X     X     X   1 0
 32 1   4 110.000 239.000 2   3 83 1   1.200 2   2 3 0 1
 28 1   4   X   204.000 1   2   X     X     X     X     X     X   0 1
 23 1   2 120.000 168.000 2   1 101 2   0.000   X     1   X   1 0
 24 2   3 120.000 295.000 2   3 98 2   0.600 3   1 1 1 0
 22 2   2 124.000 201.000 2   1 105 2   0.000   X     X     X   1 0
 29 2   4 134.000 409.000 2   3 91 1   1.900 2   3 3 0 1
 31 2   3 120.000 340.000 2   1 113 2   0.000 3   1 1 1 0
 25 1   4 170.000   X   2   1 67 1   1.500 2   X     X   0 1
 21 2   2   X   308.000 2   2   X     X     2.000 3   X     X   1 0
 42 1   4 135.000   X   2   1 71 2   0.000 2   X   2 0 1
 35 2   4 150.000 244.000 2   1 95 1   1.400 2   1 1 0 1
 24 1   4 130.000   X     X     1 111 2  -0.700 3   X     X   0 1
  9 1   4 110.000   X     X     1 66 1   1.000 2   X   2 0 1
  8 1   2 110.000 257.000 2   1 81 2   0.000   X     X     X   0 1
 17 1   2 120.000 220.000 2   1 111 2   0.000 3   1 1 1 0
 14 1   4 120.000 237.000   X     1 79 1   1.000 2   X     X   0 1
 11 1   2 140.000 297.000 2   1 91 2   0.000   X     X     X   1 0
 32 1   4 135.000 234.000 2   1 102 2   0.500 2   1 3 1 0
 34 1   4 138.000 166.000 2   3 66 1   3.600 2   2 1 0 1
 12 1   3 140.000 321.000 2   3 123 2   0.000 3   1 1 1 0
 13 1   3 140.000   X   2   1 129 2   0.000   X     X     X   1 0
 26 1   3 155.000 175.000 1   2 101 2   X     X     X   2 1 0
 35 1   2 120.000 281.000 2   3 44 2   1.400 2   2 3 0 1
 19 1   4 110.000 238.000 2   2 81 1   1.000 2   X   1 1 0
 14 1   3 130.000 214.000 2   3 109 2   2.000 2   1 1 1 0
 13 1   4 120.000 466.000   X     1 93 1   1.000 2   X   2 0 1
  4 2   2 100.000 219.000 2   2 91 2   0.000   X     X     X   1 0
 33 2   1 150.000 240.000 2   1 112 2   0.900 3   1 1 1 0
 21 1   4   X   272.000 2   2   X     X     X     X     X     X   1 0
 30 1   4 128.000   X   1   2 89 1   1.000 2   X     X   0 1
  5 1   4 118.000 529.000 2   1 71 2   0.000   X     X     X   0 1
 11 1   4 150.000   X     X     1 61 1   X     X     X   1 0 1
 25 1   4  95.000   X     X     1 23 1   X     X     X     X   0 1
 18 2   2 112.000 160.000 2   1 79 2   0.000 2   1 1 1 0
 28 2   2 130.000 394.000 2   3 91 2   0.000   X     X     X   1 0
 37 2   4 180.000 325.000 2   1 95 1   0.000 3   1 1 1 0
  9 1   2 120.000 166.000 2   1 121 2   0.000   X     X     X   1 0
 35 1   4 110.000   X   2   1 61 1   0.500 2   X   1 0 1
 27 1   2   X   182.000 2   2   X     X     X     X     X     X   1 0
 36 1   4 126.000   X   2   2 61 2   1.500 1   X     X   1 0
  2 1   2 130.000 204.000 2   3 143 2   0.000 3   1 1 1 0
 21 2   4 150.000 227.000 2   1 71 1   1.000 2   X     X   1 0
 24 1   4 140.000 261.000 2   3 127 1   0.000 3   1 1 1 0
 30 1   3 150.000 126.000 1   1 114 2   0.200 3   2 3 1 0
 26 1   2 140.000 320.000 2   1 103 2   0.000   X     X     X   1 0
 37 1   4   X   244.000 1   2   X     X     X     X     X     X   0 1
 12 1   4 110.000 280.000 2   1 91 2   0.000   X     X   2 0 1
 24 2   2 160.000 194.000 2   1 111 2   0.000   X     X     X   1 0
 33 1   4 142.000 216.000 2   1 51 1   2.500 2   X     X   0 1
 33 1   4 130.000 206.000 2   3 73 1   2.400 2   3 3 0 1
 28 1   3 110.000 277.000 2   1 101 2   0.000   X     X     X   1 0
 20 1   4 112.000 204.000 2   1 84 2   0.100 3   1 1 1 0
 29 1   3 130.000   X   2   1 55 2   0.000   X     X     X   1 0
 29 1   4 130.000 283.000 1   3 44 1   1.600 1   1 3 0 1
 38 1   4 136.000 248.000 2   1 81 1   4.000 1   X     X   0 1
 12 1   4 130.000 307.000 2   1 81 2   0.000   X     X     X   1 0
 14 1   4 112.000 250.000 2   1 83 2   0.000   X     X     X   1 0
 38 2   3 140.000 417.000 1   3 98 2   0.800 3   2 1 1 0
 30 1   4 150.000 276.000 2   3 53 1   0.600 2   2 2 0 1
 16 2   1 100.000 223.000 2   1 83 2   0.000   X     X     X   1 0
 30 1   4 110.000 201.000 2   1 67 1   1.500 2   1 2 1 0
 38 1   4 150.000 235.000 2   1 61 1   1.500 2   X     X   0 1
 42 1   4   X     X   1   1   X     X     X     X     X     X   0 1
 32 1   4 140.000 177.000 2   1 103 1   0.000 3   2 3 0 1
 31 1   2 126.000   X   1   1 51 1   2.000 2   X     X   0 1
 24 1   4 120.000   X   1   1 45 2   0.000 2   X   1 0 1
 10 2   2 120.000 260.000 2   1 71 2   0.000   X     X     X   1 0
 32 1   4 110.000   X     X     1 35 2   0.000   X     X   2 0 1
 19 1   4 130.000 222.000 2   1 53 2   0.000   X     X     X   0 1
 34 2   2 140.000 298.000 1   1 61 1   0.000   X     X   3 1 0
 31 1   4 128.000 259.000 2   3 71 1   3.000 2   3 3 0 1
 37 1   4 145.000 212.000 2   3 73 2   2.000 2   3 2 0 1
 35 1   4 120.000 220.000 2   2 27 2   0.000   X     X     X   1 0
 12 1   3 160.000 147.000 1   1 101 2   0.000   X     X     X   1 0
 34 1   4 110.000   X     X     1 49 1   2.000 1   X     X   0 1
 27 2   2 120.000 230.000 1   1 81 2   0.000   X     X     X   1 0
 42 2   1 140.000 239.000 2   1 92 2   1.800 3   3 1 1 0
 35 1   3 130.000 231.000 2   1 87 2   1.800 2   4 3 1 0
 19 1   1 140.000 272.000 1   1 116 2   2.000 2   X     X   0 1
 28 1   4 140.000 217.000 2   1 52 1   5.600 1   1 3 0 1
 33 1   4 152.000   X   2   2 59 1   0.000   X     X   3 1 0
 30 1   4 130.000 207.000 2   2 37 1   1.000 2   X     X   1 0
 35 1   1   X   139.000 2   2   X     X     X     X     X     X   1 0
 33 2   4 158.000 305.000 2   3 102 2   0.000 3   1 1 0 1
 22 2   2 110.000   X   2   1 101 2   0.000   X     X     X   1 0
 41 1   3 134.000 254.000 1   1 92 1   0.000   X     X   1 1 0
 27 1   3 120.000 237.000 2   1 91 1   1.500   X     X   3 0 1
 31 1   3 112.000 230.000 2   3 106 2   2.500 2   2 3 0 1
 44 2   4 112.000 149.000 2   1 66 2   1.600 2   1 1 1 0
 14 2   2 130.000 245.000 2   1 91 2   0.000   X     X     X   1 0
 30 1   4 144.000 270.000 1   2 101 1   2.000 2   X     X   0 1
 27 1   4   X     X   2   2   X     X     X     X     X     X   0 1
 27 2   2 160.000 312.000 2   1 71 2   0.000   X     X     X   1 0
 10 1   3 130.000 194.000 2   1 91 2   0.000   X     X     X   1 0
 47 2   2 120.000 269.000 2   3 62 1   0.200 3   2 1 1 0
 32 1   4 125.000 222.000 2   1 76 1   2.500 1   X     X   0 1
 18 1   1 110.000 264.000 2   1 73 2   1.200 2   1 3 0 1
 25 1   4 112.000 342.000 2   2 37 1   1.000 2   X     X   0 1
 11 1   4  92.000 117.000 2   1 75 1   2.500 2   X     X   0 1
 25 1   2 120.000 284.000 2   1 59 2   0.000   X     X     X   1 0
 26 1   3 145.000 518.000 2   1 71 2   0.000   X     X     X   0 1
 38 1   4 115.000   X   2   1 34 1   0.000 2   X   3 0 1
 47 1   3   X     X   2   1   X     X     X     X     X     X   1 0
 19 1   4 180.000 280.000 2   2 61 2   0.000   X     X     X   1 0
 28 1   4 142.000 228.000 2   2 90 1   2.500 3   X     X   0 1
 32 1   4 170.000 326.000 2   3 81 1   3.400 1   1 3 0 1
 20 1   2 160.000 263.000 2   1 115 2   0.000   X     X     X   1 0
  1 1   2 130.000 132.000 2   3 126 2   0.000   X     X     X   1 0
 39 1   2 160.000 246.000 2   1 61 1   0.000 2   4 2 0 1
 30 1   4 130.000 131.000 2   1 56 1   1.200 2   2 3 0 1
 40 1   4 140.000 219.000 2   2 63 1   2.000 2   X   3 0 1
 40 1   4   X   369.000 2   1   X     X     X     X     X     X   0 1
 24 2   3 130.000 256.000 2   3 90 2   0.500 3   1 1 1 0
 23 2   4 160.000   X     X     1 51 2   0.000   X     X   1 0 1
 23 2   3 140.000 288.000 2   1 81 1   0.000   X     X   3 0 1
 29 1   4 128.000 223.000 2   2 60 1   2.000 1   X     X   0 1
 17 1   4 130.000 209.000 2   2 68 2   0.000   X     X     X   1 0
 47 1   3 140.000 237.000 1   1 35 2   0.000   X     X     X   0 1
 21 1   4 140.000   X   2   1 100 1   1.500 3   X     X   0 1
 36 1   4 185.000   X   2   1 39 1   0.000 3   X   3 0 1
 14 1   3 112.000 250.000 2   1 120 2   0.000 3   1 1 1 0
 41 2   3 120.000 211.000 2   3 56 2   1.500 2   1 1 1 0
 21 1   4 130.000 256.000 1   3 91 1   0.000 3   3 3 0 1
 43 1   4 140.000   X   1   1 98 1   2.000 2   X   3 0 1
 18 2   4 132.000 297.000 2   1 85 2   0.000   X     X     X   1 0
 12 2   3  94.000 199.000 2   1 120 2   0.000 3   1 1 1 0
 25 1   4 160.000 331.000 2   1 35 1   2.500   X     X     X   0 1
 36 1   3   X     X   2   3   X     X     X     X     X     X   0 1
 39 2   1 150.000 226.000 2   1 55 2   2.600 1   1 1 1 0
 19 1   4 140.000 311.000 2   1 61 1   1.800 2   3 3 0 1
 13 1   3 130.000 281.000 2   1 108 2   0.000   X     X     X   1 0
 21 2   2 120.000   X   1   2 89 2   0.000   X     X     X   1 0
 39 1   3 110.000 213.000 1   3 40 1   1.300 2   X     X   1 0
 22 1   3 118.000 149.000 2   3 67 2   0.800 3   4 1 0 1
 17 1   4 135.000 491.000 2   1 76 2   0.000   X     X     X   0 1
 13 2   4 150.000 392.000 2   1 71 2   2.000 2   X   2 0 1
 27 1   4 120.000   X   2   1 96 2   0.000 2   X   3 0 1
 26 2   4 138.000 234.000 2   3 101 2   0.000 3   1 1 1 0
 23 1   4 140.000 129.000 2   1 76 2   0.000   X     X     X   1 0
 48 1   4 136.000 225.000 2   1 53 1   3.000 2   X     X   0 1
 33 1   4   X   195.000 2   1   X     X     X     X     X     X   1 0
 10 2   3 130.000 211.000 2   1 83 2   0.000   X     X     X   1 0
 36 1   4  96.000 305.000 2   2 62 1   1.000 3   X     X   0 1
 27 1   4 125.000 216.000 2   1 81 2   0.000   X     X     X   0 1
 47 1   1   X   216.000 1   1   X     X     X     X     X     X   0 1
  7 2   2 118.000 210.000 2   1 133 2   0.700 3   1 1 1 0
 24 2   3 130.000 220.000 2   1 101 1   2.000 3   X     X   1 0
 29 1   2 124.000 224.000 1   1 102 2   2.000 2   X     X   1 0
 45 1   4   X   211.000 2   1   X     X     X     X     X     X   0 1
 24 1   4   X   218.000 1   3   X     X     X     X     X     X   1 0
 33 1   4 130.000   X     X     2 71 1   1.100 1   2   X   0 1
  5 1   1  95.000   X     X     1 68 2   0.700 3   X     X   0 1
 29 1   3 130.000 276.000 2   1 69 1   1.000 3   X   2 1 0
 39 1   4 112.000 212.000 2   3 73 1   0.100 3   2 1 0 1
 35 2   4 138.000 294.000 1   1 47 2   1.900 2   4 1 0 1
 25 1   4 130.000 298.000 2   1 51 1   1.000 2   X     X   0 1
 14 1   4 120.000 336.000 2   1 59 1   3.000 2   X     X   0 1
 13 1   4 110.000 167.000 2   3 55 1   2.000 2   1 3 0 1
 21 1   4 160.000 355.000 2   1 40 1   2.000 2   X     X   0 1
 39 1   4 120.000 302.000 2   3 92 2   0.400 2   1 1 1 0
 19 1   4 110.000 240.000 2   2 81 2   0.000   X     X   1 1 0
 37 1   4 134.000 273.000 2   1 43 1   4.000 1   X     X   0 1
 37 2   4  95.000   X     X     1 86 2   1.100 1   X     X   0 1
 23 1   4 115.000   X   2   1 61 1   0.500 2   X   2 0 1
 24 1   1 125.000 213.000 2   3 66 1   1.400 3   2 1 1 0
 26 1   4 123.000 282.000 2   1 36 1   2.000 2   3 3 0 1
 42 1   3 140.000   X     X     2 59 2   2.500 1   X     X   0 1
 31 1   2 130.000 230.000 2   1 91 2   0.000   X     X     X   1 0
 34 1   4   X   292.000 2   2   X     X     X     X     X     X   0 1
 30 2   4 128.000 303.000 2   3 100 2   0.000 3   2 1 1 0
 20 2   3 130.000   X   2   1 86 2   2.000 2   X     X   1 0
 38 1   4 135.000 254.000 2   3 68 2   2.800 2   2 3 0 1
 23 1   4 145.000 264.000 2   1 91 2   0.000   X     X     X   0 1
 30 1   4 140.000 214.000 2   2 85 1   2.000 2   X   2 0 1
 25 1   3 140.000 259.000 2   2 111 2   0.000   X     X     X   1 0
 30 1   4 110.000 197.000 2   3 41 2   0.000   X     X     X   1 0
 28 1   2 130.000 262.000 2   1 96 2   0.000 3   1 1 1 0
 15 1   1 148.000 244.000 2   3 119 2   0.800 3   3 1 1 0
 24 1   4 110.000   X     X     1 33 2   0.000 2   X     X   0 1
 19 2   4 138.000 243.000 2   3 93 1   0.000 2   1 1 1 0
 28 1   4 116.000 186.000 1   2 43 2   0.000   X     X     X   0 1
 31 1   4 132.000 458.000 1   1 10 2   1.000 1   X     X   1 0
 26 1   4 154.000   X     X     2 81 1   1.500 2   X     X   0 1
 25 1   4 165.000   X     X     1 63 1   1.000 3   X   3 0 1
 37 1   4 110.000   X     X     1 55 1   1.300 1   X     X   0 1
 35 1   1 120.000   X     X     3 75 2  -0.800 2   3   X   0 1
 29 1   2 126.000 166.000 2   2 81 2   0.000   X     X     X   1 0
 33 1   4 117.000 230.000 1   1 101 1   1.400 3   3 3 0 1
 30 1   3 150.000 168.000 2   1 115 2   1.600 3   1 1 1 0
 17 1   4 150.000 412.000 2   1 111 2   0.000   X     X     X   1 0
 30 1   4  95.000   X     X     1 123 2   0.700 1   X     X   0 1
 16 2   2 150.000 186.000 2   1 95 2   0.000   X     X     X   1 0
 32 1   2 140.000 287.000 2   1 91 2   0.000   X     X     X   1 0
 21 1   2 130.000 245.000 2   1 101 2   0.000   X     X     X   1 0
 37 1   3 140.000 335.000 2   1 99 2   0.000 3   1 1 0 1
 30 1   4 152.000 274.000 2   1 29 1   1.200 2   2 3 0 1
 35 1   4 120.000 267.000 2   1 40 1   1.800 2   3 3 0 1
 27 1   3 120.000 217.000 2   1 78 2   0.000   X     X     X   1 0
 31 1   3 160.000 211.000 1   2 33 2   0.000   X     X     X   0 1
 31 2   4 170.000 225.000 1   3 87 1   2.800 2   3 2 0 1
 17 2   3 108.000 141.000 2   1 116 2   0.600 2   1 1 1 0
 22 1   1 130.000   X   2   2 86 2   3.000 2   X     X   0 1
 33 1   3 120.000 246.000 2   3 76 2   0.000   X     X     X   1 0
 24 2   4 160.000 303.000 2   1 91 1   1.000 2   X     X   0 1
 30 1   4 110.000   X     X     2 72 1   1.400 3   2   X   0 1
 30 2   4 120.000 354.000 2   1 104 1   0.600 3   1 1 1 0
 42 1   4   X   289.000 1   2   X     X     X     X     X     X   0 1
 28 1   4 120.000 226.000 2   3 68 1   1.700 1   X   3 0 1
 25 1   3 172.000 199.000 1   1 103 2   0.500 3   1 3 1 0
 10 1   3 130.000 250.000 2   1 128 2   3.500 1   1 1 1 0
 26 1   4 144.000 300.000 1   2 69 1   1.500 2   X     X   0 1
 16 1   4 115.000   X   2   1 86 1   2.000 2   X   3 0 1
 25 1   4 140.000 404.000 2   1 65 1   2.000 2   X     X   0 1
 19 1   4 120.000 277.000 2   1 66 1   1.000 2   X     X   0 1
 27 1   4 140.000   X   2   1 59 1   0.000   X     X     X   0 1
 14 1   4 130.000 172.000 2   2 71 2   2.000 2   X     X   0 1
 33 1   4   X   281.000 2   2   X     X     X     X     X     X   0 1
  5 1   2 125.000 254.000 2   1 96 2   0.000   X     X     X   1 0
 22 2   2 134.000 271.000 2   1 103 2   0.000 2   1 1 1 0
 34 1   4 125.000   X   2   1 46 1   0.000 1   X   3 0 1
 17 1   4 112.000 290.000 2   3 94 2   0.000 3   2 1 0 1
 35 2   4 160.000 164.000 2   3 86 2   6.200 1   4 3 0 1
 14 1   4 125.000   X     X     1 117 2   1.600 3   X     X   0 1
 29 1   2 130.000 221.000 2   3 104 2   0.000 3   1 3 1 0
 26 2   3 128.000 216.000 2   3 56 2   0.000 3   1   X   1 0
 29 1   4 150.000 230.000 2   2 65 1   1.500 2   X     X   0 1
 29 1   4   X     X   2   3   X     X     X     X     X     X   0 1
  5 1   2 110.000 225.000 2   1 125 2   0.000   X     X     X   1 0
 33 1   4 160.000   X     X     1 90 2   0.400 2   X     X   0 1
 33 1   4 145.000 282.000 2   3 83 1   2.800 2   3 3 0 1
 24 1   4 140.000   X   2   1 1 2   0.000 2   X   1 0 1
 20 1   3 110.000   X     X     1 61 1   0.000   X     X   1 0 1
 35 1   4 150.000   X     X     2 19 2   2.000 2   X   3 0 1
 27 1   2 120.000 246.000 2   1 51 2   0.000   X     X     X   1 0
 37 2   4 200.000   X   2   1 81 1   1.000 2   X   1 0 1
 27 1   2 120.000 238.000 2   1 95 2   0.000   X     X     X   1 0
 25 1   4 125.000 212.000 2   1 109 2   1.000 3   3 3 0 1
 37 1   4 130.000 258.000 1   3 71 2   0.000   X     X   2 0 1
 37 1   4 120.000   X   1   2 47 2   2.000 2   X     X   0 1
 19 2   4 130.000 238.000 2   1 31 2   0.000   X     X     X   1 0
 36 2   4 108.000 269.000 2   1 110 1   1.800 2   3 1 0 1
 25 1   2 140.000 100.000 2   1 79 1   0.000   X     X     X   1 0
 21 1   4 106.000 263.000 1   1 51 2   0.000   X     X     X   0 1
 27 2   3 160.000 201.000 2   1 104 2   0.000 3   2 1 1 0
 18 2   2 130.000 234.000 2   3 116 2   0.600 2   1 1 1 0
 30 1   4 150.000 255.000 2   1 33 1   3.000 2   X     X   0 1
 12 1   3 120.000 339.000 2   1 111 2   0.000   X     X     X   1 0
 28 1   2 140.000   X     X     2 91 2   0.200 3   X     X   1 0
 28 1   2 160.000 292.000 1   1 84 1   2.000 2   X     X   0 1
 30 1   4 110.000 335.000 2   1 84 1   3.000 2   2 3 0 1
 29 2   3 130.000 219.000   X     2 105 2   0.000   X     X   3 1 0
 24 2   3 110.000 190.000 2   1 61 2   0.000   X     X     X   1 0
 39 2   3 146.000 278.000 2   3 93 2   0.000 2   2 1 1 0
 25 1   1 118.000 186.000 2   3 131 2   0.000 2   1 2 1 0
 10 1   4 130.000 315.000 2   1 99 2   0.000   X     X     X   1 0
 30 2   1 130.000 308.000 2   1 39 2   1.000 2   X     X   1 0
 36 1   4 150.000   X   2   1 27 1   2.000 2   X     X   0 1
 12 1   4 118.000 219.000 2   1 81 2   1.200 2   1 3 0 1
 10 1   4 140.000 207.000 2   1 71 1   1.500 2   X     X   0 1
 32 1   4 140.000   X   2   1 81 2   0.000   X     1   X   1 0
 35 2   4 140.000 268.000 2   3 101 2   3.600 1   3 1 0 1
  7 1   2 150.000 214.000 2   2 109 2   0.000   X     X     X   1 0
 41 1   4 138.000   X   2   1 71 1   3.000 2   X     X   0 1
 12 1   2 190.000 241.000 2   1 47 2   0.000   X     X     X   1 0
 23 1   2 140.000 216.000 2   1 111 2   0.000   X     X   1 1 0
 27 1   4 130.000   X     X     1 51 1   3.000 2   X   3 0 1
 28 1   4 120.000 270.000 2   1 81 2   0.000   X     X     X   1 0
 36 1   4 136.000   X   2   1 25 1   0.000   X     X   3 0 1
 34 1   4 160.000   X   1   2 86 2   1.000 2   X   3 0 1
 22 1   4 130.000 341.000 2   1 61 1   1.000 2   X     X   0 1
 32 1   4 130.000   X   2   1 66 2   0.000   X     X     X   0 1
 17 1   4 130.000 290.000 2   1 41 1   2.000 2   X     X   0 1
  3 2   1 170.000 237.000 2   2 111 2   0.000   X     X   2 1 0
 17 1   4 120.000 169.000 2   1 85 1   2.800 1   1 2 0 1
 33 1   3 120.000   X     X     1 82 1   2.000 3   X     X   0 1
 24 1   4 130.000   X     X     2 104 2   0.000   X     X   3 0 1
 19 1   4 120.000 249.000 2   3 85 2   0.800 3   1 3 0 1
 37 1   4   X   306.000 1   2   X     X     X     X     X     X   0 1
 25 2   2 140.000   X   2   1 81 2   0.000   X     X     X   1 0
 39 1   4 150.000   X   2   1 49 1   2.000 2   X   3 0 1
 47 1   4 155.000 310.000 2   1 53 1   1.500 1   X     X   0 1
 38 2   3 160.000 360.000 2   3 92 2   0.800 3   1 1 1 0
 25 1   4 120.000 182.000 2   1 91 2   0.000   X     X     X   0 1
 20 1   3 130.000 253.000 2   1 120 2   0.000 3   1 1 1 0
 43 1   4 130.000 322.000 2   3 50 2   2.400 2   4 1 0 1
 23 2   2 120.000 244.000 2   1 103 2   1.100 3   1 1 1 0
 17 2   3 118.000 242.000 2   1 90 2   0.300 2   2 1 1 0
 34 1   4 150.000   X   2   1 46 1   0.000 2   X   3 0 1
 33 1   4 160.000   X   2   2 40 1   0.500 2   X   3 0 1
 36 2   4 124.000 197.000 2   1 77 1   0.000 2   1 1 0 1
  6 1   3 120.000 298.000 2   1 126 2   0.000   X     X     X   1 0
 28 2   2 135.000 250.000 2   3 102 2   1.400 2   1 1 1 0
 32 1   3 130.000 318.000 2   1 61 1   1.000 2   X   1 1 0
 28 1   4 172.000 260.000 2   1 14 2   2.000   X     X     X   0 1
 40 1   1 145.000   X   2   3 66 2   0.000 2   X   1 0 1
  8 1   4 120.000 198.000 2   1 71 1   1.600 2   1 3 0 1
 11 1   1 120.000 231.000 2   1 123 1   3.800 2   1 3 0 1
 30 1   4 165.000 289.000 1   3 65 2   1.000 2   4 3 0 1
 43 1   4 170.000 192.000 2   2 70 1   3.000 1   X     X   0 1
 32 1   4 122.000 233.000 2   1 58 1   1.300 1   X     X   0 1
 25 1   2 120.000 325.000 2   1 113 2   0.200 3   1 1 1 0
 38 1   1   X   252.000 2   1   X     X     X     X     X     X   1 0
 31 1   3 150.000 219.000 2   2 59 1   0.000   X     X     X   0 1
 11 2   2 120.000 275.000   X     1 70 2   0.000   X     X     X   1 0
 23 1   3 140.000 233.000 2   1 104 2   0.600 2   2 3 0 1
 40 2   3 115.000 564.000 2   3 101 2   1.600 2   1 3 1 0
 28 1   4 160.000 289.000 2   3 86 1   0.800 2   2 3 0 1
 34 1   3 150.000 243.000 1   1 78 1   1.000 2   1 1 1 0
 36 2   2 140.000 195.000 2   1 120 2   0.000 3   3 1 1 0
 36 1   1 145.000 233.000 1   3 91 2   2.300 1   1 2 1 0
 26 1   4 140.000 243.000 2   1 96 2   0.000   X     X     X   1 0
 10 2   4 130.000 173.000 2   2 125 2   0.000   X     X     X   1 0
 16 2   3 150.000   X   2   1 116 2   0.000   X     X   1 1 0
 21 2   3 130.000 275.000 2   1 80 2   0.200 3   1 1 1 0
 36 1   4 140.000 260.000 2   2 53 1   3.000 2   X     X   0 1
 33 1   3   X   316.000 1   2   X     X     X     X     X     X   0 1
 32 2   4 130.000 338.000 1   2 71 1   1.500 2   X     X   0 1
 17 1   2 150.000 288.000 2   1 91 1   3.000 2   X     X   0 1
 29 1   4   X   282.000 1   1   X     X     X     X     X     X   0 1
 40 1   4 120.000 237.000 2   1 12 2   1.000 2   1 1 0 1
 34 1   4 146.000 241.000 2   1 89 1   3.000 1   X     X   0 1
 47 1   2 145.000   X     X     2 64 2   1.300 3   X     X   0 1
 19 1   4 118.000 186.000 2   1 65 2   0.000   X     X   3 0 1
 25 2   3 136.000 196.000 2   3 110 2   0.100 2   1 1 1 0
 30 1   2 154.000 232.000 2   3 105 2   0.000 3   2 1 0 1
 20 2   4 120.000 205.000 2   1 39 1   2.000 2   X   2 0 1
  8 2   1 120.000 160.000 2   2 126 2   0.000   X     X     X   1 0
 16 1   2 142.000 207.000 2   1 79 2   0.000   X     X     X   1 0
 18 1   3 110.000   X     X     1 79 2  -0.100 3   X     X   1 0
 29 1   4 115.000   X     X     2 23 2  -1.000 3   X     X   0 1
 27 1   3 125.000 273.000 2   3 93 2   0.500 1   2 1 1 0
 27 2   3 108.000 267.000 2   3 108 2   0.000 3   1 1 1 0
 32 1   4 178.000   X   1   3 61 1   0.000   X     X   3 0 1
 32 1   1 178.000 270.000 2   3 86 2   4.200 1   1 3 1 0
 31 1   2 120.000 284.000 2   3 101 2   1.800 2   1 1 0 1
 22 1   4 150.000 222.000 2   1 63 2   2.000 2   X     X   0 1
 13 1   2 140.000 289.000 2   1 113 2   0.000   X     X     X   1 0
 38 1   1 138.000 282.000 1   3 115 2   1.400 2   2 1 0 1
 32 1   4 124.000   X   2   1 58 1   1.000 2   X     X   0 1
 26 1   3 130.000 197.000 1   3 93 2   1.200 1   1 1 1 0
 35 2   1 140.000   X     X     1 84 2   0.000   X     X   1 0 1
 19 1   4 110.000 236.000 2   1 66 1   2.000 2   X     X   0 1
 34 1   4 190.000 287.000 1   3 91 1   2.000 1   X     X   0 1
 18 1   3 135.000   X   2   1 51 2   0.000   X     X     X   1 0
 44 2   2 160.000 302.000 2   1 103 2   0.400 3   3 1 1 0
  4 1   4 120.000 270.000 2   1 94 1   1.500 2   X     X   0 1
 27 1   2 160.000 195.000 2   2 71 2   1.000 3   X     X   1 0
 27 1   2 160.000 305.000 2   1 116 2   0.000   X     X     X   1 0
 18 1   2 140.000 224.000 1   1 63 2   0.000   X     X     X   1 0
 19 1   3 150.000 163.000   X     1 57 2   0.000   X     X     X   1 0
 45 1   3 160.000   X     X     3 55 2   1.600 2   3   X   1 0
 38 1   4   X   312.000 2   3   X     X     X     X     X     X   0 1
 31 1   4 114.000 318.000 2   2 81 2   4.400 1   4 2 0 1
 31 2   2 136.000 319.000 1   3 93 2   0.000 3   3 1 0 1
 26 2   2 113.000 468.000   X     1 68 2   0.000   X     X     X   1 0
 31 1   3 140.000 179.000 2   1 101 2   0.000   X     X     X   1 0
 28 1   3   X     X   2   2   X     X     X     X     X     X   1 0
 42 1   3   X   271.000 2   3   X     X     X     X     X     X   1 0
 35 1   4   X   170.000 2   2 61 1   3.000   X     X     X   0 1
 24 1   3   X   339.000 2   1   X     X     X     X     X     X   0 1
 18 1   4 140.000 224.000 2   1 85 2   0.000   X     X     X   1 0
 36 1   4 100.000   X     X     1 50 2  -0.900 2   X     X   0 1
  2 1   2 120.000 243.000 2   1 101 2   0.000   X     X     X   1 0
 41 1   3 180.000 274.000 1   3 91 1   1.600 2   1 3 0 1
 22 1   4 130.000 206.000 2   1 111 2   0.000   X     X     X   0 1
 31 1   4 170.000   X     X     2 46 1   0.000   X     X   1 0 1
 31 1   4 115.000   X     X     1 79 2   0.500 3   X     X   0 1
 14 1   2 110.000 235.000 2   1 94 2   0.000 3   1 1 1 0
 48 1   4 160.000 310.000 1   1 53 1   2.000 1   X   3 1 0
 29 1   3 125.000   X     X     1 39 2  -2.000 2   X   3 0 1
 25 1   2 128.000 205.000 1   1 125 2   0.000 3   1 1 1 0
 41 1   4 144.000 193.000 1   1 82 2   3.400 2   3 3 0 1
 37 1   4 130.000 223.000 2   2 69 2   0.500 2   X     X   1 0
 44 1   3   X   221.000 2   1   X     X     X     X     X     X   0 1
 28 2   4 180.000 327.000 2   2 58 1   3.400 2   1 1 0 1
 20 1   3 108.000 243.000 2   1 93 2   0.000 3   1 1 0 1
 12 1   2 120.000 200.000 2   1 101 1   1.000 2   X     X   1 0
 42 1   4 122.000 216.000 1   3 25 1   0.000   X     X   3 0 1
 31 1   2 130.000 251.000 2   1 51 2   0.000   X     X     X   1 0
 41 1   4 145.000   X     X     1 77 2   1.800 3   X     X   0 1
 34 1   2   X   283.000 2   1   X     X     X     X     X     X   1 0
 24 1   2 125.000 188.000 2   1 86 2   0.000   X     X     X   1 0
 16 1   4 120.000 177.000 2   3 61 1   2.500 2   1 3 0 1
 32 1   4 138.000 271.000 2   3 123 2   0.000 3   1 1 1 0
 22 1   4 120.000 297.000   X     1 73 2   1.000 2   X     X   1 0
 27 2   2 130.000 253.000 2   2 96 2   0.000   X     X     X   1 0
 34 1   4 150.000   X   2   1 58 1   2.000 2   X   3 0 1
 35 1   2 128.000 208.000 1   3 81 2   0.000 3   1 1 1 0
 24 1   4 140.000 298.000 2   1 63 1   4.200 2   4 3 0 1
 18 1   3   X   236.000 2   1   X     X     X     X     X     X   1 0
 31 1   3   X   232.000 2   2   X     X     X     X     X     X   0 1
 16 1   4 140.000 288.000 2   1 76 1   2.000 2   X     X   0 1
 34 1   4 130.000   X     X     1 18 2   2.500 2   X     X   0 1
 32 1   4 120.000   X   2   1 56 2   0.000 2   X   1 0 1
 15 2   3 120.000 209.000 2   1 114 2   0.000 2   1 1 1 0
 38 2   4 150.000 225.000 2   3 55 2   1.000 2   4 3 0 1
 36 2   3 135.000 252.000 2   3 113 2   0.000 3   1 1 1 0
  6 2   4 100.000 246.000 2   1 91 1   1.000 2   X     X   0 1
 41 1   3 118.000 277.000 2   1 92 2   1.000 3   2 3 1 0
 21 1   4 124.000 274.000 2   3 107 2   0.500 2   1 3 0 1
 31 1   3 132.000 224.000 2   3 114 2   3.200 3   3 3 0 1
 40 1   4 160.000 384.000 1   2 71 1   0.000 2   X     X   0 1
 21 2   3 120.000 195.000 2   1 66 2   0.000   X     X     X   1 0
 21 1   3 132.000 220.000 1   2 103 2   0.000   X     X   2 0 1
 30 1   2 140.000 265.000 2   2 86 1   1.000 2   X     X   0 1
 19 1   3 120.000 230.000 2   1 91 2   0.000   X     X     X   1 0
 32 1   4 140.000   X   2   2 58 1   1.000 2   X     X   0 1
 15 1   4 136.000 315.000 2   1 66 1   1.800 2   1 2 0 1
 38 1   4 120.000 177.000 2   1 81 2   0.400 3   1 3 1 0
 38 1   4 110.000 248.000 2   3 99 2   0.600 3   3 2 0 1
 37 1   4 144.000   X   2   2 63 1   1.000 2   X     X   0 1
 36 2   2   X     X   2   1   X     X     X     X     X     X   1 0
 29 2   2 120.000 279.000 2   1 91 2   1.000 2   X     X   0 1
 17 1   2 120.000 184.000 2   1 83 2   1.000 2   X     X   1 0
 28 1   4 122.000 223.000 1   2 41 2   0.000   X     X   2 0 1
 20 1   4 150.000 226.000 2   1 39 1   1.500 2   1 3 0 1
 36 1   3 130.000   X   1   2 101 2   3.000 2   X     X   1 0
 20 2   2 140.000 257.000 2   1 76 2   1.000 3   X     X   1 0
 12 1   4 110.000 273.000 2   1 73 2   0.000   X     X     X   1 0
 34 1   4 110.000   X     X     1 54 2   1.400 2   X     X   0 1
 26 1   4  80.000   X     X     1 82 1   2.000 1   X     X   1 0
 32 1   1 170.000 288.000 2   3 100 2   0.200 2   1 3 0 1
 16 2   2 120.000 201.000 2   1 106 2   0.000   X     X     X   1 0
 23 1   3 129.000 196.000 2   1 104 2   0.000 3   1 1 1 0
 30 1   2 140.000 260.000 1   1 81 2   0.000   X     X   2 1 0
  9 1   3 112.000 340.000 2   1 125 2   1.000 2   X   1 1 0
 29 1   2 120.000 240.000 2   1 110 2   0.000 1   1 1 1 0
 31 1   4 150.000 270.000 2   3 52 1   0.800 3   1 3 0 1
 14 1   4 150.000 171.000 2   1 69 1   1.500 2   X     X   1 0
 29 1   4 125.000   X   1   1 44 1   1.000 2   X   3 0 1
 33 1   2 160.000 267.000 1   2 98 2   0.500 2   X     X   0 1
 18 1   4 130.000 219.000 2   2 71 1   1.000 2   X     X   0 1
 26 1   3 105.000   X   2   1 56 2   0.000 2   X   3 0 1
 32 1   4 140.000 264.000 1   3 60 1   0.000   X     X     X   0 1
 11 1   4 110.000   X   2   1 91 1   1.000 2   X     X   0 1
 25 1   2 134.000 201.000 2   1 99 2   0.800 3   2 1 1 0
 35 1   4 158.000 210.000 1   1 53 1   3.000 1   X     X   0 1
 26 1   4 130.000 182.000 2   1 89 2   0.000   X     X     X   1 0
 27 1   4 130.000 202.000 1   1 53 1   2.000 2   X     X   0 1
 31 1   4   X   385.000 1   3   X     X     X     X     X     X   1 0
  7 1   1 118.000 182.000 2   3 115 2   0.000 3   1 1 1 0
 24 1   4  95.000   X     X     1 67 2   2.200 2   X     X   0 1
 16 1   4 150.000 247.000 2   1 112 2   1.500 3   1 1 1 0
 32 1   1 160.000 273.000 2   3 66 2   0.000 3   1 1 0 1
 15 2   4 102.000 265.000 2   3 63 2   0.600 2   1 1 1 0
 12 1   2 120.000 204.000 2   1 86 2   0.000   X     X     X   1 0
 31 1   3 130.000 213.000 2   2 81 2   0.000   X     X   2 0 1
 33 1   3 115.000   X     X     1 84 2   2.400 3   X     X   0 1
 12 2   3 110.000 182.000 2   2 121 2   0.000   X     X     X   1 0
 24 1   3  94.000 227.000 2   1 95 1   0.000 3   2 3 1 0
 23 1   4 140.000 341.000 2   2 66 1   2.500 2   X     X   0 1
 27 2   2 132.000 288.000 1   3 100 1   0.000 3   2 1 1 0
 14 1   4 104.000   X   2   2 52 2   0.000   X     X     X   1 0
 27 2   2 120.000 221.000 2   1 79 2   1.000 3   X     X   1 0
 15 1   3 130.000 180.000 2   1 91 2   0.000 3   1 1 1 0
 16 1   4 150.000 247.000 2   1 71 1   2.000 2   X     X   0 1
 27 2   3 135.000 304.000 1   1 111 2   0.000 3   1 1 1 0
 26 1   4 180.000 285.000 2   2 61 1   1.500 2   X     X   0 1
 29 1   3 130.000 256.000 1   3 83 1   0.600 2   2 2 0 1
 14 2   2 110.000 250.000 2   2 83 2   0.000   X     X     X   1 0
 32 1   3   X     X   2   1 69 1   2.000 1   X     X   0 1
  7 2   2 130.000 161.000 2   1 131 2   0.000   X     X     X   1 0
 34 2   4 130.000 330.000 2   3 110 2   0.000 3   1 1 0 1
 28 2   2 122.000 320.000 2   1 96 2   0.000   X     X     X   1 0
 21 2   4 108.000 163.000 2   1 116 2   2.000 3   X     X   1 0
 35 1   4 160.000 254.000 1   2 49 1   3.000 2   X     X   0 1
 45 1   3 120.000 214.000 2   1 43 1   1.000 2   X     X   0 1
 20 1   4 110.000 275.000 2   3 59 1   1.000 2   2 1 0 1
 30 1   2 180.000 285.000 1   2 61 2   0.800   X     X     X   0 1
 35 1   3 160.000   X   2   1 13 1   0.000 2   X   1 0 1
 36 1   2   X   217.000 1   2   X     X     X     X     X     X   0 1
 49 1   3 104.000   X   2   3 61 2   3.500 1   X     X   0 1
 43 1   2 156.000 245.000 2   3 84 2   0.000 3   1 1 1 0
 33 1   4 130.000 186.000 1   3 81 1   0.500 2   X     X   0 1
 28 1   2 140.000 196.000 2   1 91 2   0.000   X     X   3 1 0
 25 1   4 108.000 233.000 1   1 88 2   0.100 3   4 3 1 0
 14 1   2 120.000 291.000 2   2 101 2   0.000   X     X     X   1 0
 29 1   4 120.000   X   2   2 89 2   0.000 2   X     X   0 1
 17 2   4 120.000 218.000 2   2 56 2   0.000   X     X     X   1 0
 29 1   4 125.000 249.000 1   3 85 1   1.200 2   2 1 0 1
 17 1   3 120.000 226.000 2   1 110 2   0.000 3   1 1 1 0
 26 1   3 130.000 246.000 1   3 114 2   0.000 3   4 1 1 0
 32 1   3 126.000 218.000 1   1 75 2   2.200 2   2 2 0 1
 34 1   4 120.000 282.000 2   2 76 1   4.000 1   X   2 0 1
 34 1   3   X   284.000 2   1   X     X     X     X     X     X   0 1
 42 1   4 140.000 208.000 2   2 81 1   2.000   X     X     X   0 1
 36 1   2   X   165.000 2   2   X     X     X     X     X     X   1 0
 34 2   4 145.000 307.000 2   3 87 1   1.000 2   1 3 0 1
 26 1   4 126.000   X   2   1 47 2   0.000   X     X     X   0 1
 15 1   4 140.000 226.000 2   1 119 2   0.000 3   1 1 1 0
 24 1   3 125.000 245.000 1   3 107 2   2.400 2   1 1 1 0
 27 2   4 127.000 333.000 1   2 95 2   0.000   X     X     X   0 1
  8 1   2 150.000 264.000 2   1 109 2   0.000   X     X     X   1 0
 26 1   4 120.000   X     X     1 61 2   0.000 2   X   3 0 1
 27 1   4 136.000 220.000 2   1 81 1   3.000 2   X     X   0 1
 29 1   4 120.000 100.000 2   1 61 1   1.500 2   1 3 0 1
 33 1   4 132.000 218.000 2   2 81 1   1.500 1   X     X   0 1
 31 1   3 150.000 219.000 2   2 59 1   0.000   X     X     X   0 1
 31 1   3 140.000 211.000 1   3 106 2   0.000 3   1 1 1 0
 23 2   4 120.000 328.000 2   1 51 1   1.000 2   X     X   1 0
 23 1   4   X   218.000 2   1   X     X     X     X     X     X   0 1
 26 1   4 140.000 203.000 1   3 96 1   3.100 1   1 3 0 1
 29 1   3 155.000   X   2   2 40 2   0.000 2   X   1 0 1
 15 1   2 150.000 268.000 2   1 77 2   0.000   X     X     X   1 0
 24 2   4 114.000 258.000 1   3 37 2   1.000 3   X     X   1 0
 36 1   4 140.000   X     X     3 90 2   2.000 3   X     X   0 1
 38 1   4 155.000   X     X     1 95 2   1.000 3   X     X   1 0
 17 1   3 140.000 235.000 2   3 121 2   0.000 3   1 1 1 0
  8 2   4 138.000 183.000 2   1 123 2   1.400 3   1 1 1 0
 11 1   4 120.000 282.000 2   1 111 2   0.000   X     X     X   0 1
 27 1   4 150.000 365.000 2   2 75 2   1.000 3   X     X   1 0
 21 2   4 120.000 254.000 2   2 51 2   0.000   X     X     X   1 0
 33 1   3 180.000   X   2   2 81 1   1.500 2   X     X   1 0
 34 1   4 140.000 207.000 2   3 79 1   1.900 3   2 3 0 1
 24 2   3 150.000 200.000 2   1 61 2   0.500 3   X     X   1 0
 47 1   4 150.000 258.000 1   2 71 1   4.000 1   X     X   0 1
 30 1   4 160.000   X     X     1 39 1   2.000 2   X   3 0 1
 37 2   4 142.000 276.000 2   1 81 1   1.000 2   X   3 0 1
 35 1   2 120.000 254.000 2   3 34 1   0.000   X     X     X   0 1
 11 1   3 115.000   X   2   1 69 1   0.000 2   X   3 0 1
 25 2   3 125.000 272.000 2   1 80 2   0.000   X     X     X   1 0
 21 1   2 130.000 245.000 2   3 121 2   0.200 2   1 1 1 0
 19 2   2 105.000 204.000 2   1 113 2   0.000 3   1 1 1 0
 31 1   4 116.000   X   2   1 65 2   1.000 3   X     X   0 1
 13 1   1 140.000 199.000 2   1 119 1   1.400 3   1 3 1 0
 46 2   3 160.000   X   2   2 62 2   0.000 3   X   1 0 1
 21 1   3 124.000 255.000 1   1 116 2   0.000 3   3 1 1 0
 37 1   4 128.000 263.000 2   1 46 1   0.200 2   2 3 1 0
 30 1   4 140.000 192.000 2   1 89 2   0.400 2   1 2 1 0
 15 2   3 115.000 211.000 2   2 78 2   0.000   X     X     X   1 0
 24 1   4 140.000 299.000 2   1 114 1   1.600 3   1 3 0 1
 40 1   1 142.000 270.000 1   1 66 2   2.500 3   X     X   0 1
 35 2   4 120.000   X     X     2 64 1   1.700 1   X     X   0 1
 24 2   3 140.000 308.000 2   3 83 2   1.500 3   2 1 1 0
 24 1   3 100.000 222.000 2   1 84 1   1.200 2   1 1 1 0
 44 2   3 110.000 265.000 1   3 71 2   0.000 3   2 1 1 0
 19 1   3 150.000 231.000 2   1 88 2   3.600 2   1 1 0 1
 11 1   4 135.000   X     X     1 91 2   0.000   X     X   1 0 1
 26 1   4 120.000 246.000 2   1 57 1   0.000   X     X     X   0 1
 25 1   1 152.000 298.000 1   1 119 2   1.200 2   1 3 1 0
 26 1   2 120.000   X   2   1 36 2   0.000 2   X   1 0 1
 31 1   4 110.000 198.000 2   1 51 2   0.000   X     X     X   0 1
 19 1   4 115.000   X   2   1 54 1   1.500 2   X   3 0 1
 34 1   3 200.000   X     X     2 11 2   0.000   X     X   1 0 1
 24 2   4 130.000 305.000 2   1 83 1   1.200 2   1 3 0 1
 14 2   2 125.000 184.000 2   1 121 2   0.000   X     X     X   1 0
 44 1   4 130.000 221.000 2   2 56 1   0.000   X     X     X   0 1
 16 1   3 130.000 315.000 2   1 103 2   1.900 3   2 1 1 0
  8 1   2 122.000 192.000 2   1 115 2   0.000 3   1 1 1 0
 26 1   4 125.000   X     X     1 61 2   1.500 3   X     X   0 1
 50 1   4 125.000 304.000 2   3 103 1   0.000 3   4 1 0 1
 27 1   4 110.000 239.000 2   1 67 1   2.800 2   2 3 0 1
 22 1   3 115.000 265.000 2   1 116 2   0.000   X     X     X   0 1
 27 1   4 130.000 242.000 2   1 32 1   1.000 2   X     X   0 1
 21 2   4 138.000 214.000 2   1 49 1   1.500 2   X     X   0 1
 25 1   3 122.000   X   2   1 51 1   2.000 1   X     X   0 1
 19 1   4 134.000 310.000 2   1 67 2   0.000   X     X   1 0 1
 30 2   4 140.000 241.000 2   1 64 1   0.200 2   1 3 0 1
 26 1   4 142.000 226.000 2   3 52 1   0.000 3   1 3 1 0
 25 1   3 138.000 223.000 2   1 110 2   0.000 3   X   1 1 0
 26 1   2 120.000   X   2   1 73 2   0.000   X     X     X   1 0
 22 2   3 160.000 180.000 2   1 97 2   1.000 2   X     X   0 1
 39 1   4 112.000 261.000 2   1 81 2   1.500 3   X     X   0 1
 35 1   3   X   204.000 2   2   X     X     X     X     X     X   0 1
 30 2   4 180.000 347.000 2   2 67 1   0.800 2   X     X   1 0
 22 1   2 130.000 266.000 2   1 112 2   0.600 3   1 1 1 0
 28 1   1 140.000 295.000 2   X   77 2   0.000   X     X     X   0 1
 27 2   3 110.000 214.000 2   1 99 2   1.600 2   1 1 1 0
 14 1   2 125.000 269.000 2   1 85 2   0.000   X     X     X   1 0
 40 1   4 160.000 286.000 2   3 49 1   1.500 2   4 1 0 1
 20 1   4 140.000 276.000 1   1 66 1   0.000   X     X     X   1 0
 36 1   4 170.000 177.000 2   1 25 1   2.500 1   X     X   0 1
 18 1   2 128.000 308.000 2   3 111 2   0.000 3   1 1 1 0
 25 1   4 160.000 246.000 2   2 23 1   4.000 2   X     X   0 1
 32 1   4 140.000 274.000 2   1 95 1   2.000 2   X     X   1 0
  7 1   2  98.000 220.000 2   1 91 2   0.000   X     X     X   1 0
 29 1   4 130.000 203.000 1   1 39 2   1.500 2   X   3 0 1
 38 1   4 150.000 236.000 1   2 46 1   0.000   X     X     X   0 1
 14 2   3 112.000 268.000 2   3 113 1   0.000 3   1 1 1 0
 17 1   4 110.000 197.000 2   3 118 2   0.000 3   2 1 0 1
 15 1   2 120.000 198.000 2   1 96 2   0.000   X     X     X   1 0
 18 1   4 120.000 225.000 2   1 81 2   0.000   X     X     X   1 0
 24 1   3 110.000 175.000 2   1 64 2   0.600 3   1 1 1 0
 32 1   4 154.000   X   2   2 72 1   1.500   X     1   X   1 0
 13 1   4  95.000   X     X     2 85 2   0.000 3   X     X   0 1
 21 1   2 100.000   X   2   1 41 2   0.000   X     X     X   1 0
 22 1   4 128.000 212.000 2   1 37 1   0.000   X     X     X   0 1
 11 1   4 110.000 289.000 2   1 46 1   1.500 1   X     X   0 1
 31 2   2 180.000 393.000 2   1 51 1   1.000 2   X   3 0 1
 28 1   4 115.000   X     X     1 96 2   0.100 2   X     X   0 1
 34 1   4 125.000 292.000 2   2 56 1   0.000   X     X     X   1 0
 17 1   2 130.000 219.000 2   3 129 2   0.000 3   1 1 1 0
 29 1   4 170.000 388.000 2   2 63 1   2.000 2   X     X   0 1
  7 1   1 140.000 156.000 2   1 121 2   0.000   X     X     X   0 1
 32 1   3 150.000 212.000 1   1 98 2   1.600 3   1 1 1 0
 26 1   3 160.000   X     X     3 63 1   0.000   X     X   3 0 1
 40 1   3 152.000 212.000 2   3 91 2   0.800 2   1 3 0 1
 17 1   2 120.000 263.000 2   1 114 2   0.000 3   1 3 1 0
 27 1   4 140.000 239.000 2   1 101 2   1.200 3   1 1 1 0
 33 1   4 120.000   X   2   1 74 1   2.000 3   X   3 1 0
 30 1   2 124.000 261.000 2   1 82 2   0.300 3   1 3 0 1
 24 1   3 135.000 160.000 2   1 91 2   2.000 2   X     X   0 1
 33 1   4 125.000   X     X     1 51 2   0.100 3   3   X   0 1
 21 1   4 122.000 222.000 2   3 127 2   0.000 3   1 1 1 0
 43 1   4 115.000   X   2   2 33 1   0.000 2   X   3 0 1
 20 1   4 160.000 291.000 2   2 99 1   3.000 2   X     X   0 1
 15 1   2 120.000 295.000 2   1 103 2   0.000 3   1 1 1 0
 20 2   3 135.000 248.000 1   1 111 2   0.000   X     X     X   0 1
 20 1   4 160.000   X   2   1 65 1   0.000 2   X   3 0 1
 23 1   4 140.000 231.000 2   2 81 1   5.000 2   X     X   0 1
 28 1   3   X   228.000 2   2   X     X     X     X     X     X   0 1
