;
920
;
61.000 1 0 0 1 0 120.000 0 337.000 0 1 0 0 1 0 0 0  98.000 0 0 1 0   0.000 0 0.0 1 0 1 0 0 0 1 0 1
51.000 1 0 1 0 0 130.000 0 224.000 0 1 0 0 1 0 0 0 150.000 0 1 0 0   0.000 0 0.0 1 0 1 0 0 0 1 1 0
40.000 1 0 0 1 0 106.000 0 240.000 0 1 0 0 1 0 0 0  80.000 0 0 1 0   0.000 0 0.0 1 0 1 0 0 1 0 1 0
51.000 1 0 0 0 1 0 1 0 1 0 1 0 0 1 0 0 0 1 0 0 1 0 1 0.0 1 0 1 0 0 0 1 0 1
48.000 1 0 0 0 1 160.000 0 193.000 0 1 0 0 1 0 0 0 102.000 0 0 1 0   3.000 0 0.5 0 0 1 0 0 0 1 0 1
62.000 0 1 0 0 0 160.000 0 193.000 0 1 0 0 1 0 0 0 116.000 0 1 0 0   0.000 0 0.0 1 0 1 0 0 0 1 1 0
40.000 1 0 0 0 1 125.000 0 0 1 0 1 0 1 0 0 0 165.000 0 1 0 0   0.000 0 0.0 1 0 1 0 0 1 0 0 1
65.000 1 0 0 0 1 145.000 0 0 1 0 0 1 0 1 0 0  67.000 0 1 0 0 0 1 0.0 1 0 1 0 1 0 0 0 1
48.000 0 0 1 0 0 120.000 0 284.000 0 1 0 0 1 0 0 0 120.000 0 1 0 0   0.000 0 0.0 1 0 1 0 0 0 1 1 0
67.000 1 0 0 0 1 120.000 0 229.000 0 1 0 0 0 0 1 0 129.000 0 0 1 0   2.600 0 0.5 0   2.000 0 0 0 1 0 0 1
65.000 0 0 0 1 0 155.000 0 269.000 0 1 0 0 1 0 0 0 148.000 0 1 0 0   0.800 0 1.0 0   0.000 0 1 0 0 0 1 0
60.000 1 0 0 0 1 135.000 0 0 1 1 0 0 1 0 0 0  63.000 0 0 1 0   0.500 0 1.0 0 0 1 0 0 1 0 0 1
38.000 1 0 0 1 0 138.000 0 175.000 0 1 0 0 1 0 0 0 173.000 0 1 0 0   0.000 0 1.0 0 0 1 1 0 0 0 1 0
58.000 1 0 0 0 1 135.000 0 222.000 0 1 0 0 1 0 0 0 100.000 0 1 0 0   0.000 0 0.0 1 0 1 0 0 0 1 1 0
58.000 1 0 0 0 1 100.000 0 234.000 0 1 0 0 1 0 0 0 156.000 0 1 0 0   0.100 0 1.0 0   1.000 0 0 0 1 0 0 1
53.000 1 0 0 1 0 120.000 0 195.000 0 1 0 0 1 0 0 0 140.000 0 1 0 0   0.000 0 0.0 1 0 1 0 0 0 1 1 0
60.000 1 0 0 0 1 130.000 0 186.000 0 0 1 0 0 1 0 0 140.000 0 0 1 0   0.500 0 0.5 0 0 1 0 0 0 1 0 1
57.000 1 0 0 0 1 132.000 0 207.000 0 1 0 0 1 0 0 0 168.000 0 0 1 0   0.000 0 1.0 0   0.000 0 0 0 1 0 1 0
57.000 1 0 0 0 1 140.000 0 0 1 0 0 1 1 0 0 0 100.000 0 0 1 0   0.000 0 0.0 1 0 1 0 1 0 0 0 1
45.000 0 0 0 0 1 138.000 0 236.000 0 1 0 0 0 0 1 0 152.000 0 0 1 0   0.200 0 0.5 0   0.000 0 1 0 0 0 1 0
42.000 1 0 1 0 0 120.000 0 196.000 0 1 0 0 1 0 0 0 150.000 0 1 0 0   0.000 0 0.0 1 0 1 0 0 0 1 1 0
38.000 1 0 0 1 0 100.000 0 0 1 0 0 1 1 0 0 0 179.000 0 1 0 0  -1.100 0 1.0 0 0 1 0 0 0 1 1 0
43.000 1 0 0 0 1 132.000 0 247.000 0 0 1 0 0 0 1 0 143.000 0 0 1 0   0.100 0 0.5 0 0 1 0 0 1 0 0 1
52.000 1 0 0 0 1 112.000 0 230.000 0 1 0 0 1 0 0 0 160.000 0 1 0 0   0.000 0 1.0 0   1.000 0 1 0 0 0 0 1
49.000 1 0 0 0 1 140.000 0 0 1 1 0 0 1 0 0 0 130.000 0 1 0 0   0.000 0 0.0 1 0 1 0 0 0 1 1 0
52.000 1 0 0 0 1 130.000 0 0 1 0 0 1 1 0 0 0 120.000 0 1 0 0   0.000 0 0.5 0 0 1 0 0 1 0 0 1
58.000 1 0 0 0 1 120.000 0 0 1 1 0 0 0 0 1 0 106.000 0 0 1 0   1.500 0 0.0 0 0 1 0 0 1 0 0 1
63.000 1 0 0 0 1 150.000 0 223.000 0 1 0 0 1 0 0 0 115.000 0 1 0 0   0.000 0 0.0 1 0 1 0 0 0 1 0 1
62.000 1 0 0 0 1 152.000 0 153.000 0 1 0 0 0 1 0 0  97.000 0 0 1 0   1.600 0 1.0 0 0 1 0 0 1 0 0 1
48.000 1 0 0 1 0 102.000 0 0 1 0 0 1 0 1 0 0 110.000 0 0 1 0   1.000 0 0.0 0 0 1 0 0 0 1 0 1
52.000 0 0 0 0 1 130.000 0 180.000 0 1 0 0 1 0 0 0 140.000 0 0 1 0   1.500 0 0.5 0 0 1 0 0 0 1 1 0
41.000 1 0 1 0 0 135.000 0 203.000 0 1 0 0 1 0 0 0 132.000 0 1 0 0   0.000 0 0.5 0   0.000 0 0 1 0 0 1 0
68.000 1 0 0 1 0 150.000 0 195.000 0 0 1 0 1 0 0 0 132.000 0 1 0 0   0.000 0 0.0 1 0 1 0 1 0 0 0 1
32.000 0 0 1 0 0 105.000 0 198.000 0 1 0 0 1 0 0 0 165.000 0 1 0 0   0.000 0 0.0 1 0 1 0 0 0 1 1 0
50.000 0 0 0 0 1 110.000 0 254.000 0 1 0 0 0 0 1 0 159.000 0 1 0 0   0.000 0 1.0 0   0.000 0 1 0 0 0 1 0
53.000 1 0 0 0 1 130.000 0 0 1 1 0 0 0 0 1 0 135.000 0 0 1 0   1.000 0 0.5 0 0 1 0 0 1 0 0 1
47.000 1 0 0 1 0 138.000 0 257.000 0 1 0 0 0 0 1 0 156.000 0 1 0 0   0.000 0 1.0 0   0.000 0 1 0 0 0 1 0
58.000 0 1 0 0 0 150.000 0 283.000 0 0 1 0 0 0 1 0 162.000 0 1 0 0   1.000 0 1.0 0   0.000 0 1 0 0 0 1 0
52.000 1 0 0 0 1 130.000 0 225.000 0 1 0 0 1 0 0 0 120.000 0 0 1 0   2.000 0 0.5 0 0 1 0 0 0 1 0 1
46.000 1 0 0 0 1 110.000 0 202.000 0 1 0 0 1 0 0 0 150.000 0 0 1 0   0.000 0 0.0 1 0 1 0 0 0 1 0 1
38.000 0 0 0 0 1 110.000 0 0 1 1 0 0 1 0 0 0 156.000 0 1 0 0   0.000 0 0.5 0 0 1 1 0 0 0 0 1
69.000 1 0 0 0 1 0 1 0 1 1 0 0 0 1 0 0 0 1 0 0 1 0 1 0.0 1 0 1 0 0 1 0 0 1
75.000 1 0 0 0 1 170.000 0 203.000 0 0 1 0 0 1 0 0 108.000 0 1 0 0   0.000 0 0.0 1 0 1 0 0 1 0 0 1
38.000 1 0 0 1 0 145.000 0 292.000 0 1 0 0 1 0 0 0 130.000 0 1 0 0   0.000 0 0.0 1 0 1 0 0 0 1 1 0
55.000 1 0 0 1 0 120.000 0 0 1 1 0 0 0 1 0 0 125.000 0 0 1 0   2.500 0 0.5 0 0 1 0 0 1 0 0 1
54.000 1 0 0 1 0 150.000 0 0 1 1 0 0 1 0 0 0 122.000 0 1 0 0   0.000 0 0.0 1 0 1 0 0 0 1 1 0
57.000 1 0 0 1 0 105.000 0 0 1 0 0 1 1 0 0 0 148.000 0 1 0 0   0.300 0 0.5 0 0 1 0 0 0 1 0 1
54.000 1 0 1 0 0 108.000 0 309.000 0 1 0 0 1 0 0 0 156.000 0 1 0 0   0.000 0 1.0 0   0.000 0 0 0 1 0 1 0
61.000 0 0 0 0 1 130.000 0 294.000 0 1 0 0 0 1 0 0 120.000 0 0 1 0   1.000 0 0.5 0 0 1 0 0 0 1 1 0
48.000 1 0 0 0 1 160.000 0 329.000 0 1 0 0 1 0 0 0  92.000 0 0 1 0   1.500 0 0.5 0 0 1 0 0 0 1 0 1
66.000 0 0 0 0 1 155.000 0 0 1 0 0 1 1 0 0 0  90.000 0 1 0 0   0.000 0 0.0 1 0 1 0 0 1 0 0 1
59.000 1 0 0 1 0 180.000 0 213.000 0 1 0 0 1 0 0 0 100.000 0 1 0 0   0.000 0 0.0 1 0 1 0 0 0 1 1 0
57.000 1 0 0 0 1 140.000 0 0 1 1 0 0 1 0 0 0 120.000 0 0 1 0   2.000 0 0.5 0 0 1 0 1 0 0 0 1
54.000 1 0 0 1 0 0 1 203.000 0 1 0 0 0 1 0 0 0 1 0 0 1 0 1 0.0 1 0 1 0 0 0 1 1 0
41.000 0 0 1 0 0 105.000 0 198.000 0 1 0 0 1 0 0 0 168.000 0 1 0 0   0.000 0 1.0 0   1.000 0 1 0 0 0 1 0
56.000 1 0 0 1 0 0 1 208.000 0 0 1 0 0 1 0 0 0 1 0 0 1 0 1 0.0 1 0 1 0 0 0 1 0 1
42.000 1 0 0 1 0 120.000 0 228.000 0 1 0 0 1 0 0 0 152.000 0 0 1 0   1.500 0 0.5 0 0 1 0 0 0 1 1 0
43.000 1 1 0 0 0 120.000 0 291.000 0 1 0 0 0 1 0 0 155.000 0 1 0 0   0.000 0 0.0 1 0 1 0 0 0 1 0 1
35.000 0 0 0 0 1 140.000 0 167.000 0 1 0 0 1 0 0 0 150.000 0 1 0 0   0.000 0 0.0 1 0 1 0 0 0 1 1 0
53.000 0 0 0 1 0 120.000 0 274.000 0 1 0 0 1 0 0 0 130.000 0 1 0 0   0.000 0 0.0 1 0 1 0 0 0 1 1 0
62.000 1 0 0 0 1 135.000 0 297.000 0 1 0 0 1 0 0 0 130.000 0 0 1 0   1.000 0 0.5 0 0 1 0 0 0 1 0 1
56.000 1 0 0 0 1 120.000 0  85.000 0 1 0 0 1 0 0 0 140.000 0 1 0 0   0.000 0 0.0 1 0 1 0 0 0 1 1 0
62.000 1 0 0 1 0 120.000 0 220.000 0 1 0 0 0 0 1 0  86.000 0 1 0 0   0.000 0 0.0 1 0 1 0 0 0 1 1 0
42.000 1 0 0 0 1 145.000 0 0 1 1 0 0 1 0 0 0  99.000 0 0 1 0   0.000 0 0.5 0 0 1 0 0 0 1 0 1
57.000 1 0 0 1 0 128.000 0 229.000 0 1 0 0 0 0 1 0 150.000 0 1 0 0   0.400 0 0.5 0   1.000 0 0 0 1 0 0 1
68.000 1 0 0 0 1 135.000 0 0 1 1 0 0 0 1 0 0 120.000 0 0 1 0   0.000 0 1.0 0 0 1 0 0 1 0 0 1
53.000 0 0 0 0 1 130.000 0 264.000 0 1 0 0 0 0 1 0 143.000 0 1 0 0   0.400 0 0.5 0   0.000 0 1 0 0 0 1 0
57.000 1 0 0 0 1 130.000 0 311.000 0 0 0 1 0 1 0 0 148.000 0 0 1 0   2.000 0 0.5 0 0 1 0 0 0 1 0 1
39.000 1 0 1 0 0 130.000 0 0 1 1 0 0 1 0 0 0 120.000 0 1 0 0   0.000 0 0.0 1 0 1 0 0 0 1 1 0
63.000 1 0 0 0 1 130.000 0 254.000 0 1 0 0 0 0 1 0 147.000 0 1 0 0   1.400 0 0.5 0   1.000 0 0 0 1 0 0 1
51.000 1 0 0 0 1 128.000 0 0 1 1 0 0 1 0 0 0 107.000 0 1 0 0   0.000 0 0.0 1 0 1 0 0 0 1 1 0
67.000 1 0 0 0 1 120.000 0 0 1 0 1 0 1 0 0 0 150.000 0 1 0 0   1.500 0 0.0 0 0 1 0 0 0 1 0 1
37.000 0 0 0 1 0 120.000 0 215.000 0 1 0 0 1 0 0 0 170.000 0 1 0 0   0.000 0 1.0 0   0.000 0 1 0 0 0 1 0
58.000 1 0 0 0 1 0 1 203.000 0 0 1 0 1 0 0 0 0 1 0 0 1 0 1 0.0 1 0 1 0 0 0 1 0 1
43.000 0 0 1 0 0 120.000 0 249.000 0 1 0 0 0 1 0 0 176.000 0 1 0 0   0.000 0 0.0 1 0 1 0 0 0 1 1 0
43.000 1 0 0 0 1 110.000 0 211.000 0 1 0 0 1 0 0 0 161.000 0 1 0 0   0.000 0 1.0 0   0.000 0 0 0 1 0 1 0
57.000 1 0 0 0 1 122.000 0 264.000 0 1 0 0 0 0 1 0 100.000 0 1 0 0   0.000 0 0.0 1 0 1 0 0 0 1 0 1
56.000 0 0 0 0 1 200.000 0 288.000 0 0 1 0 0 0 1 0 133.000 0 0 1 0   4.000 0 0.0 0   2.000 0 0 0 1 0 0 1
49.000 1 0 1 0 0 100.000 0 253.000 0 1 0 0 1 0 0 0 174.000 0 1 0 0   0.000 0 0.0 1 0 1 0 0 0 1 1 0
46.000 1 0 0 0 1 120.000 0 231.000 0 1 0 0 1 0 0 0 115.000 0 0 1 0   0.000 0 0.0 1 0 1 0 0 0 1 0 1
50.000 0 0 0 1 0 120.000 0 219.000 0 1 0 0 1 0 0 0 158.000 0 1 0 0   1.600 0 0.5 0   0.000 0 1 0 0 0 1 0
64.000 1 0 0 0 1 150.000 0 193.000 0 1 0 0 0 1 0 0 135.000 0 0 1 0   0.500 0 0.5 0 0 1 0 0 0 1 0 1
59.000 1 1 0 0 0 134.000 0 204.000 0 1 0 0 1 0 0 0 162.000 0 1 0 0   0.800 0 1.0 0   2.000 0 1 0 0 0 0 1
54.000 0 0 0 0 1 138.000 0 274.000 0 1 0 0 1 0 0 0 105.000 0 0 1 0   1.500 0 0.5 0 0 1 0 0 0 1 0 1
38.000 1 0 0 0 1 110.000 0 196.000 0 1 0 0 1 0 0 0 166.000 0 1 0 0   0.000 0 0.0 1 0 1 0 0 0 1 0 1
60.000 1 0 0 0 1 125.000 0 258.000 0 1 0 0 0 0 1 0 141.000 0 0 1 0   2.800 0 0.5 0   1.000 0 0 0 1 0 0 1
56.000 1 0 0 1 0 170.000 0 0 1 1 0 0 0 0 1 0 123.000 0 0 1 0   2.500 0 0.0 1 0 1 0 0 0 1 0 1
57.000 0 0 1 0 0 130.000 0 236.000 0 1 0 0 0 0 1 0 174.000 0 1 0 0   0.000 0 0.5 0   1.000 0 1 0 0 0 0 1
55.000 1 0 0 0 1 120.000 0 0 1 1 0 0 0 1 0 0  92.000 0 1 0 0   0.300 0 1.0 0 0 1 0 0 1 0 0 1
51.000 1 0 0 0 1 130.000 0 179.000 0 1 0 0 1 0 0 0 100.000 0 1 0 0   0.000 0 0.0 1 0 1 0 0 1 0 1 0
49.000 0 0 0 0 1 130.000 0 269.000 0 1 0 0 1 0 0 0 163.000 0 1 0 0   0.000 0 1.0 0   0.000 0 1 0 0 0 1 0
49.000 1 0 0 1 0 120.000 0 188.000 0 1 0 0 1 0 0 0 139.000 0 1 0 0   2.000 0 0.5 0   3.000 0 0 0 1 0 0 1
77.000 1 0 0 0 1 124.000 0 171.000 0 1 0 0 0 1 0 0 110.000 0 0 1 0   2.000 0 1.0 0 0 1 0 0 0 1 0 1
45.000 0 0 1 0 0 130.000 0 237.000 0 1 0 0 1 0 0 0 170.000 0 1 0 0   0.000 0 0.0 1 0 1 0 0 0 1 1 0
53.000 1 0 0 0 1 124.000 0 260.000 0 1 0 0 0 1 0 0 112.000 0 0 1 0   3.000 0 0.5 0 0 1 0 0 0 1 1 0
56.000 1 1 0 0 0 120.000 0 193.000 0 1 0 0 0 0 1 0 162.000 0 1 0 0   1.900 0 0.5 0   0.000 0 0 0 1 0 1 0
55.000 1 0 0 0 1 132.000 0 353.000 0 1 0 0 1 0 0 0 132.000 0 0 1 0   1.200 0 0.5 0   1.000 0 0 0 1 0 0 1
41.000 1 0 1 0 0 120.000 0 295.000 0 1 0 0 1 0 0 0 170.000 0 1 0 0   0.000 0 0.0 1 0 1 0 0 0 1 1 0
54.000 1 0 0 0 1 140.000 0 216.000 0 1 0 0 1 0 0 0 105.000 0 1 0 0   1.500 0 0.5 0 0 1 0 0 0 1 0 1
49.000 1 0 0 1 0 140.000 0 187.000 0 1 0 0 1 0 0 0 172.000 0 1 0 0   0.000 0 0.0 1 0 1 0 0 0 1 1 0
59.000 1 0 0 1 0 125.000 0 0 1 0 0 1 1 0 0 0 175.000 0 1 0 0   2.600 0 0.5 0 0 1 0 0 0 1 0 1
65.000 1 0 0 0 1 0 1 0 1 1 0 0 1 0 0 0 0 1 0 0 1 0 1 0.0 1 0 1 0 0 0 1 0 1
66.000 1 0 0 1 0 120.000 0 0 1 1 0 0 0 1 0 0 120.000 0 1 0 0  -0.500 0 1.0 0 0 1 0 0 0 1 1 0
61.000 1 0 0 0 1 105.000 0 0 1 0 0 1 1 0 0 0 110.000 0 0 1 0   1.500 0 1.0 0 0 1 0 0 0 1 0 1
55.000 1 0 1 0 0 145.000 0 326.000 0 1 0 0 1 0 0 0 155.000 0 1 0 0   0.000 0 0.0 1 0 1 0 0 0 1 1 0
52.000 0 0 1 0 0 120.000 0 210.000 0 1 0 0 1 0 0 0 148.000 0 1 0 0   0.000 0 0.0 1 0 1 0 0 0 1 1 0
64.000 1 0 0 1 0 125.000 0 309.000 0 1 0 0 1 0 0 0 131.000 0 0 1 0   1.800 0 0.5 0   0.000 0 0 0 1 0 0 1
45.000 0 0 1 0 0 180.000 0 0 1 1 0 0 1 0 0 0 180.000 0 1 0 0   0.000 0 0.0 1 0 1 0 0 0 1 1 0
63.000 1 0 0 1 0 130.000 0 0 1 1 0 0 0 1 0 0 111.000 0 0 1 0   0.000 0 0.0 1 0 1 0 0 0 1 0 1
49.000 1 0 0 0 1 140.000 0 234.000 0 1 0 0 1 0 0 0 140.000 0 0 1 0   1.000 0 0.5 0 0 1 0 0 0 1 0 1
48.000 1 0 1 0 0 140.000 0 238.000 0 1 0 0 1 0 0 0 118.000 0 1 0 0   0.000 0 0.0 1 0 1 0 0 0 1 1 0
60.000 0 0 0 0 1 150.000 0 258.000 0 1 0 0 0 0 1 0 157.000 0 1 0 0   2.600 0 0.5 0   2.000 0 0 0 1 0 0 1
64.000 0 0 0 0 1 130.000 0 303.000 0 1 0 0 1 0 0 0 122.000 0 1 0 0   2.000 0 0.5 0   2.000 0 1 0 0 0 1 0
57.000 1 0 0 0 1 156.000 0 173.000 0 1 0 0 0 0 1 0 119.000 0 0 1 0   3.000 0 0.0 0 0 1 0 0 0 1 0 1
43.000 0 0 0 0 1 132.000 0 341.000 0 0 1 0 0 0 1 0 136.000 0 0 1 0   3.000 0 0.5 0   0.000 0 0 0 1 0 0 1
51.000 1 0 0 0 1 0 1 227.000 0 0 1 0 0 1 0 0 0 1 0 0 1 0 1 0.0 1 0 1 0 0 0 1 1 0
37.000 1 0 0 0 1 120.000 0 223.000 0 1 0 0 1 0 0 0 168.000 0 1 0 0   0.000 0 0.0 1 0 1 1 0 0 0 1 0
43.000 1 0 0 0 1 120.000 0 175.000 0 1 0 0 1 0 0 0 120.000 0 0 1 0   1.000 0 0.5 0 0 1 0 0 1 0 0 1
43.000 1 0 0 0 1 122.000 0 0 1 1 0 0 1 0 0 0 120.000 0 1 0 0   0.500 0 1.0 0 0 1 0 0 0 1 0 1
42.000 1 0 0 1 0 134.000 0 240.000 0 0 0 1 1 0 0 0 160.000 0 1 0 0   0.000 0 0.0 1 0 1 0 0 0 1 1 0
48.000 1 0 0 1 0 110.000 0 211.000 0 1 0 0 1 0 0 0 138.000 0 1 0 0   0.000 0 0.0 1 0 1 0 1 0 0 1 0
69.000 1 0 0 1 0 140.000 0 254.000 0 1 0 0 0 0 1 0 146.000 0 1 0 0   2.000 0 0.5 0   3.000 0 0 0 1 0 0 1
50.000 1 0 0 0 1 145.000 0 0 1 0 0 1 1 0 0 0 139.000 0 0 1 0   0.700 0 0.5 0 0 1 0 0 0 1 0 1
68.000 1 1 0 0 0 0 1 181.000 0 0 1 0 0 1 0 0 0 1 0 0 1 0 1 0.0 1 0 1 0 0 0 1 1 0
50.000 1 0 0 0 1 130.000 0 233.000 0 1 0 0 1 0 0 0 121.000 0 0 1 0   2.000 0 0.5 0 0 1 0 0 1 0 0 1
50.000 1 0 0 0 1 144.000 0 200.000 0 1 0 0 0 0 1 0 126.000 0 0 1 0   0.900 0 0.5 0   0.000 0 0 0 1 0 0 1
55.000 0 0 0 0 1 128.000 0 205.000 0 1 0 0 0 1 0 0 130.000 0 0 1 0   2.000 0 0.5 0   1.000 0 0 0 1 0 0 1
58.000 1 0 0 0 1 100.000 0 213.000 0 1 0 0 0 1 0 0 110.000 0 1 0 0   0.000 0 0.0 1 0 1 0 0 0 1 1 0
35.000 1 0 0 0 1 0 1 0 1 0 0 1 1 0 0 0 130.000 0 0 1 0 0 1 0.0 1 0 1 0 0 1 0 0 1
62.000 1 0 0 1 0 0 1 0 1 0 1 0 0 1 0 0 0 1 0 0 1 0 1 0.0 1 0 1 0 0 0 1 0 1
54.000 1 0 0 0 1 125.000 0 224.000 0 1 0 0 1 0 0 0 122.000 0 1 0 0   2.000 0 0.5 0 0 1 0 0 0 1 0 1
50.000 1 0 0 0 1 144.000 0 349.000 0 1 0 0 0 0 1 0 120.000 0 0 1 0   1.000 0 1.0 0 0 1 0 0 1 0 0 1
61.000 1 1 0 0 0 134.000 0 234.000 0 1 0 0 1 0 0 0 145.000 0 1 0 0   2.600 0 0.5 0   2.000 0 1 0 0 0 0 1
62.000 0 0 0 0 1 140.000 0 394.000 0 1 0 0 0 0 1 0 157.000 0 1 0 0   1.200 0 0.5 0   0.000 0 1 0 0 0 1 0
50.000 1 0 0 0 1 150.000 0 215.000 0 1 0 0 1 0 0 0 140.000 0 0 1 0   0.000 0 0.0 1 0 1 0 0 0 1 1 0
44.000 1 0 1 0 0 130.000 0 215.000 0 1 0 0 1 0 0 0 135.000 0 1 0 0   0.000 0 0.0 1 0 1 0 0 0 1 1 0
55.000 1 0 0 0 1 140.000 0 229.000 0 1 0 0 1 0 0 0 110.000 0 0 1 0   0.500 0 0.5 0 0 1 0 0 0 1 1 0
63.000 0 0 0 0 1 150.000 0 407.000 0 1 0 0 0 0 1 0 154.000 0 1 0 0   4.000 0 0.5 0   3.000 0 0 0 1 0 0 1
48.000 1 0 0 0 1 122.000 0 275.000 0 0 1 0 0 1 0 0 150.000 0 0 1 0   2.000 0 0.0 0 0 1 0 0 0 1 0 1
65.000 1 0 0 0 1 160.000 0 0 1 0 1 0 0 1 0 0 122.000 0 1 0 0 0 1 0.0 1 0 1 0 0 1 0 0 1
65.000 1 0 0 0 1 170.000 0 263.000 0 0 1 0 1 0 0 0 112.000 0 0 1 0   2.000 0 0.5 0 0 1 0 0 0 1 0 1
67.000 1 0 0 0 1 125.000 0 254.000 0 0 1 0 1 0 0 0 163.000 0 1 0 0   0.200 0 0.5 0   2.000 0 0 0 1 0 0 1
55.000 0 0 1 0 0 110.000 0 344.000 0 1 0 0 0 1 0 0 160.000 0 1 0 0   0.000 0 0.0 1 0 1 0 0 0 1 1 0
61.000 1 0 0 0 1 130.000 0 0 1 1 0 0 0 0 1 0 115.000 0 1 0 0   0.000 0 0.5 0 0 1 0 0 1 0 0 1
55.000 1 0 0 1 0 120.000 0 220.000 0 1 0 0 0 0 1 0 134.000 0 1 0 0   0.000 0 0.0 1 0 1 0 0 0 1 1 0
76.000 0 0 0 1 0 140.000 0 197.000 0 1 0 0 0 1 0 0 116.000 0 1 0 0   1.100 0 0.5 0   0.000 0 1 0 0 0 1 0
45.000 1 0 0 0 1 115.000 0 260.000 0 1 0 0 0 0 1 0 185.000 0 1 0 0   0.000 0 1.0 0   0.000 0 1 0 0 0 1 0
54.000 1 0 0 0 1 180.000 0 0 1 0 0 1 1 0 0 0 150.000 0 1 0 0   1.500 0 0.5 0 0 1 0 0 1 0 0 1
59.000 1 0 1 0 0 140.000 0 221.000 0 1 0 0 1 0 0 0 164.000 0 0 1 0   0.000 0 1.0 0   0.000 0 1 0 0 0 1 0
41.000 0 0 1 0 0 130.000 0 204.000 0 1 0 0 0 0 1 0 172.000 0 1 0 0   1.400 0 1.0 0   0.000 0 1 0 0 0 1 0
39.000 1 0 1 0 0 120.000 0 0 1 1 0 0 0 1 0 0 146.000 0 1 0 0   2.000 0 1.0 0 0 1 0 0 0 1 1 0
59.000 1 0 0 0 1 125.000 0 0 1 0 0 1 1 0 0 0 119.000 0 0 1 0   0.900 0 1.0 0 0 1 0 0 0 1 0 1
37.000 1 0 1 0 0 130.000 0 283.000 0 1 0 0 0 1 0 0  98.000 0 1 0 0   0.000 0 0.0 1 0 1 0 0 0 1 1 0
35.000 1 0 0 0 1 126.000 0 282.000 0 1 0 0 0 0 1 0 156.000 0 0 1 0   0.000 0 1.0 0   0.000 0 0 0 1 0 0 1
44.000 1 0 0 1 0 130.000 0 233.000 0 1 0 0 1 0 0 0 179.000 0 0 1 0   0.400 0 1.0 0   0.000 0 1 0 0 0 1 0
58.000 1 0 0 0 1 160.000 0 256.000 0 0 1 0 0 0 1 0 113.000 0 0 1 0   1.000 0 1.0 0 0 1 0 0 0 1 0 1
55.000 1 0 0 0 1 140.000 0 201.000 0 1 0 0 1 0 0 0 130.000 0 0 1 0   3.000 0 0.5 0 0 1 0 0 0 1 0 1
67.000 0 0 0 1 0 152.000 0 277.000 0 1 0 0 1 0 0 0 172.000 0 1 0 0   0.000 0 1.0 0   1.000 0 1 0 0 0 1 0
56.000 1 0 1 0 0 130.000 0 184.000 0 1 0 0 1 0 0 0 100.000 0 1 0 0   0.000 0 0.0 1 0 1 0 0 0 1 1 0
62.000 0 0 0 1 0 130.000 0 263.000 0 1 0 0 1 0 0 0  97.000 0 1 0 0   1.200 0 0.5 0   1.000 0 0 0 1 0 0 1
54.000 1 0 0 0 1 120.000 0 188.000 0 1 0 0 1 0 0 0 113.000 0 1 0 0   1.400 0 0.5 0   1.000 0 0 0 1 0 0 1
66.000 1 0 0 0 1 140.000 0 0 1 1 0 0 1 0 0 0  94.000 0 0 1 0   1.000 0 0.5 0 0 1 0 0 0 1 0 1
47.000 1 0 0 1 0 140.000 0 193.000 0 1 0 0 1 0 0 0 145.000 0 0 1 0   1.000 0 0.5 0 0 1 0 0 0 1 0 1
70.000 1 0 0 1 0 160.000 0 269.000 0 1 0 0 1 0 0 0 112.000 0 0 1 0   2.900 0 0.5 0   1.000 0 0 0 1 0 0 1
60.000 1 0 0 1 0 140.000 0 185.000 0 1 0 0 0 0 1 0 155.000 0 1 0 0   3.000 0 0.5 0   0.000 0 1 0 0 0 0 1
62.000 1 0 0 0 1 115.000 0 0 1 0 0 1 1 0 0 0  72.000 0 0 1 0  -0.500 0 0.5 0 0 1 1 0 0 0 0 1
35.000 1 0 0 1 0 0 1 161.000 0 1 0 0 0 1 0 0 0 1 0 0 1 0 1 0.0 1 0 1 0 0 0 1 1 0
66.000 0 0 0 0 1 178.000 0 228.000 0 0 1 0 1 0 0 0 165.000 0 0 1 0   1.000 0 0.5 0   2.000 0 0 0 1 0 0 1
63.000 1 0 0 0 1 130.000 0 308.000 0 1 0 0 1 0 0 0 138.000 0 0 1 0   2.000 0 0.5 0 0 1 0 0 0 1 0 1
54.000 1 0 0 1 0 150.000 0 232.000 0 1 0 0 0 0 1 0 165.000 0 1 0 0   1.600 0 1.0 0   0.000 0 0 0 1 0 1 0
72.000 1 0 0 0 1 160.000 0 0 1 0 1 0 0 0 1 0 130.000 0 1 0 0   1.500 0 0.0 1 0 1 0 0 0 1 0 1
61.000 1 1 0 0 0 142.000 0 200.000 0 0 1 0 0 1 0 0 100.000 0 1 0 0   1.500 0 0.0 0 0 1 0 0 0 1 0 1
55.000 1 0 0 0 1 158.000 0 217.000 0 1 0 0 1 0 0 0 110.000 0 0 1 0   2.500 0 0.5 0 0 1 0 0 0 1 0 1
59.000 0 0 0 0 1 174.000 0 249.000 0 1 0 0 1 0 0 0 143.000 0 0 1 0   0.000 0 0.5 0   0.000 0 1 0 0 0 0 1
54.000 1 0 0 0 1 122.000 0 286.000 0 1 0 0 0 0 1 0 116.000 0 0 1 0   3.200 0 0.5 0   2.000 0 1 0 0 0 0 1
49.000 1 0 0 1 0 0 1 142.000 0 1 0 0 1 0 0 0 0 1 0 0 1 0 1 0.0 1 0 1 0 0 0 1 0 1
50.000 1 0 1 0 0 170.000 0 209.000 0 1 0 0 0 1 0 0 116.000 0 1 0 0   0.000 0 0.0 1 0 1 0 0 0 1 1 0
55.000 1 0 0 0 1 150.000 0 160.000 0 1 0 0 0 1 0 0 150.000 0 1 0 0   0.000 0 0.0 1 0 1 0 0 0 1 1 0
47.000 1 0 0 1 0 155.000 0 0 1 1 0 0 1 0 0 0 118.000 0 0 1 0   1.000 0 0.5 0 0 1 1 0 0 0 0 1
36.000 1 0 1 0 0 120.000 0 267.000 0 1 0 0 1 0 0 0 160.000 0 1 0 0   3.000 0 0.5 0 0 1 0 0 0 1 0 1
54.000 1 0 0 0 1 124.000 0 266.000 0 1 0 0 0 0 1 0 109.000 0 0 1 0   2.200 0 0.5 0   1.000 0 0 0 1 0 0 1
42.000 1 0 0 1 0 120.000 0 240.000 0 0 1 0 1 0 0 0 194.000 0 1 0 0   0.800 0 0.0 0   0.000 0 0 0 1 0 1 0
70.000 1 0 0 0 1 145.000 0 174.000 0 1 0 0 1 0 0 0 125.000 0 0 1 0   2.600 0 0.0 0   0.000 0 0 0 1 0 0 1
56.000 1 0 0 1 0 120.000 0 0 1 1 0 0 1 0 0 0  97.000 0 1 0 0   0.000 0 0.5 0 0 1 0 0 1 0 1 0
43.000 1 0 0 0 1 140.000 0 0 1 1 0 0 0 1 0 0 140.000 0 0 1 0   0.500 0 1.0 0 0 1 0 0 1 0 0 1
58.000 1 0 0 0 1 146.000 0 218.000 0 1 0 0 1 0 0 0 105.000 0 1 0 0   2.000 0 0.5 0   1.000 0 0 0 1 0 0 1
55.000 1 0 0 1 0 0 1 245.000 0 0 1 0 0 1 0 0 0 1 0 0 1 0 1 0.0 1 0 1 0 0 0 1 0 1
62.000 0 0 0 0 1 124.000 0 209.000 0 1 0 0 1 0 0 0 163.000 0 1 0 0   0.000 0 1.0 0   0.000 0 1 0 0 0 1 0
56.000 1 0 0 0 1 120.000 0 0 1 1 0 0 0 1 0 0 100.000 0 0 1 0  -1.000 0 0.0 0 0 1 0 0 1 0 0 1
54.000 1 0 1 0 0 110.000 0 208.000 0 1 0 0 1 0 0 0 142.000 0 1 0 0   0.000 0 0.0 1 0 1 0 0 0 1 1 0
58.000 1 0 1 0 0 125.000 0 220.000 0 1 0 0 1 0 0 0 144.000 0 1 0 0   0.400 0 0.5 0 0 1 0 0 1 0 1 0
42.000 1 0 0 1 0 160.000 0 147.000 0 1 0 0 1 0 0 0 146.000 0 1 0 0   0.000 0 0.0 1 0 1 0 0 0 1 1 0
58.000 1 0 0 0 1 128.000 0 216.000 0 1 0 0 0 0 1 0 131.000 0 0 1 0   2.200 0 0.5 0   3.000 0 0 0 1 0 0 1
43.000 0 0 1 0 0 120.000 0 266.000 0 1 0 0 1 0 0 0 118.000 0 1 0 0   0.000 0 0.0 1 0 1 0 0 0 1 1 0
53.000 1 0 1 0 0 130.000 0 0 1 0 0 1 0 1 0 0 120.000 0 1 0 0   0.700 0 0.0 0 0 1 0 0 0 1 1 0
60.000 1 0 0 0 1 100.000 0 248.000 0 1 0 0 1 0 0 0 125.000 0 1 0 0   1.000 0 0.5 0 0 1 0 0 0 1 0 1
48.000 1 0 0 0 1 115.000 0 0 1 0 0 1 1 0 0 0 128.000 0 1 0 0   0.000 0 0.5 0 0 1 0 1 0 0 0 1
61.000 1 0 0 0 1 148.000 0 203.000 0 1 0 0 1 0 0 0 161.000 0 1 0 0   0.000 0 1.0 0   1.000 0 0 0 1 0 0 1
54.000 0 0 1 0 0 120.000 0 273.000 0 1 0 0 1 0 0 0 150.000 0 1 0 0   1.500 0 0.5 0 0 1 0 0 0 1 1 0
55.000 1 0 0 0 1 140.000 0 0 1 1 0 0 1 0 0 0  83.000 0 1 0 0   0.000 0 0.5 0 0 1 0 0 1 0 0 1
63.000 1 0 0 0 1 110.000 0 252.000 0 1 0 0 0 1 0 0 140.000 0 0 1 0   2.000 0 0.5 0 0 1 0 0 0 1 0 1
64.000 0 0 0 1 0 140.000 0 313.000 0 1 0 0 1 0 0 0 133.000 0 1 0 0   0.200 0 1.0 0   0.000 0 0 0 1 0 1 0
54.000 0 0 1 0 0 150.000 0 230.000 0 1 0 0 1 0 0 0 130.000 0 1 0 0   0.000 0 0.0 1 0 1 0 0 0 1 1 0
62.000 1 0 0 0 1 158.000 0 170.000 0 1 0 0 0 1 0 0 138.000 0 0 1 0   0.000 0 0.0 1 0 1 0 0 0 1 0 1
29.000 1 0 1 0 0 140.000 0 0 1 1 0 0 1 0 0 0 170.000 0 1 0 0   0.000 0 0.0 1 0 1 0 0 0 1 1 0
59.000 1 0 0 0 1 135.000 0 0 1 1 0 0 1 0 0 0 115.000 0 0 1 0   1.000 0 0.5 0 0 1 0 0 1 0 0 1
56.000 1 0 0 0 1 155.000 0 342.000 0 0 1 0 1 0 0 0 150.000 0 0 1 0   3.000 0 0.5 0 0 1 0 0 0 1 0 1
35.000 1 0 1 0 0 120.000 0 308.000 0 1 0 0 0 0 1 0 180.000 0 1 0 0   0.000 0 0.0 1 0 1 0 0 0 1 1 0
60.000 0 0 0 1 0 120.000 0 178.000 0 0 1 0 1 0 0 0  96.000 0 1 0 0   0.000 0 1.0 0   0.000 0 1 0 0 0 1 0
54.000 1 0 1 0 0 192.000 0 283.000 0 1 0 0 0 0 1 0 195.000 0 1 0 0   0.000 0 1.0 0   1.000 0 0 0 1 0 0 1
56.000 1 0 0 0 1 132.000 0 184.000 0 1 0 0 0 0 1 0 105.000 0 0 1 0   2.100 0 0.5 0   1.000 0 0 1 0 0 0 1
63.000 1 0 0 0 1 160.000 0 230.000 0 0 1 0 1 0 0 0 105.000 0 0 1 0   1.000 0 0.5 0 0 1 0 0 0 1 0 1
50.000 1 0 0 0 1 120.000 0 0 1 1 0 0 0 1 0 0 156.000 0 0 1 0   0.000 0 1.0 0 0 1 0 1 0 0 0 1
39.000 0 0 0 1 0 138.000 0 220.000 0 1 0 0 1 0 0 0 152.000 0 1 0 0   0.000 0 0.5 0   0.000 0 1 0 0 0 1 0
66.000 1 0 0 0 1 160.000 0 228.000 0 1 0 0 0 0 1 0 138.000 0 1 0 0   2.300 0 1.0 0   0.000 0 0 1 0 0 1 0
48.000 1 0 1 0 0 110.000 0 229.000 0 1 0 0 1 0 0 0 168.000 0 1 0 0   1.000 0 0.0 0   0.000 0 0 0 1 0 0 1
57.000 1 0 0 0 1 0 1 277.000 0 0 1 0 0 1 0 0 0 1 0 0 1 0 1 0.0 1 0 1 0 0 0 1 0 1
58.000 1 0 0 0 1 130.000 0 0 1 1 0 0 0 1 0 0 100.000 0 0 1 0   1.000 0 0.5 0 0 1 0 1 0 0 0 1
60.000 1 0 0 0 1 140.000 0 293.000 0 1 0 0 0 0 1 0 170.000 0 1 0 0   1.200 0 0.5 0   2.000 0 0 0 1 0 0 1
43.000 1 0 0 0 1 100.000 0 0 1 0 0 1 1 0 0 0 122.000 0 1 0 0   1.500 0 0.0 0 0 1 0 0 0 1 0 1
64.000 1 1 0 0 0 170.000 0 227.000 0 1 0 0 0 0 1 0 155.000 0 1 0 0   0.600 0 0.5 0   0.000 0 0 0 1 0 1 0
58.000 1 0 0 0 1 130.000 0 263.000 0 1 0 0 1 0 0 0 140.000 0 0 1 0   2.000 0 0.5 0 0 1 0 0 0 1 0 1
60.000 0 0 0 1 0 102.000 0 318.000 0 1 0 0 1 0 0 0 160.000 0 1 0 0   0.000 0 1.0 0   1.000 0 1 0 0 0 1 0
43.000 0 0 0 1 0 122.000 0 213.000 0 1 0 0 1 0 0 0 165.000 0 1 0 0   0.200 0 0.5 0   0.000 0 1 0 0 0 1 0
60.000 1 0 0 0 1 130.000 0 253.000 0 1 0 0 1 0 0 0 144.000 0 0 1 0   1.400 0 1.0 0   1.000 0 0 0 1 0 0 1
62.000 1 0 1 0 0 140.000 0 271.000 0 1 0 0 1 0 0 0 152.000 0 1 0 0   1.000 0 1.0 0 0 1 0 0 0 1 1 0
55.000 1 0 0 1 0 0 1 0 1 1 0 0 1 0 0 0 155.000 0 1 0 0   1.500 0 0.5 0 0 1 0 0 0 1 0 1
46.000 1 0 1 0 0 101.000 0 197.000 0 0 1 0 1 0 0 0 156.000 0 1 0 0   0.000 0 1.0 0   0.000 0 0 0 1 0 1 0
55.000 1 0 1 0 0 120.000 0 256.000 0 0 1 0 1 0 0 0 137.000 0 1 0 0   0.000 0 0.0 1 0 1 0 0 1 0 1 0
53.000 1 0 0 0 1 124.000 0 243.000 0 1 0 0 1 0 0 0 122.000 0 0 1 0   2.000 0 0.5 0 0 1 0 0 1 0 0 1
41.000 0 0 1 0 0 126.000 0 306.000 0 1 0 0 1 0 0 0 163.000 0 1 0 0   0.000 0 1.0 0   0.000 0 1 0 0 0 1 0
51.000 1 0 0 0 1 0 1 0 1 0 1 0 0 0 1 0 0 1 0 0 1 0 1 0.0 1 0 1 0 0 1 0 0 1
50.000 0 0 1 0 0 110.000 0 202.000 0 1 0 0 1 0 0 0 145.000 0 1 0 0   0.000 0 0.0 1 0 1 0 0 0 1 1 0
58.000 1 0 1 0 0 136.000 0 164.000 0 1 0 0 0 1 0 0  99.000 0 0 1 0   2.000 0 0.5 0 0 1 0 0 0 1 0 1
69.000 1 0 0 0 1 130.000 0 0 1 0 1 0 0 1 0 0 129.000 0 1 0 0   1.000 0 0.5 0 0 1 0 1 0 0 0 1
69.000 1 0 0 0 1 0 1 210.000 0 0 1 0 0 1 0 0 0 1 0 0 1 0 1 0.0 1 0 1 0 0 0 1 0 1
56.000 1 0 1 0 0 120.000 0 236.000 0 1 0 0 1 0 0 0 178.000 0 1 0 0   0.800 0 1.0 0   0.000 0 1 0 0 0 1 0
54.000 1 1 0 0 0 120.000 0 171.000 0 1 0 0 1 0 0 0 137.000 0 1 0 0   2.000 0 1.0 0 0 1 0 0 0 1 1 0
46.000 0 0 0 1 0 142.000 0 177.000 0 1 0 0 0 0 1 0 160.000 0 0 1 0   1.400 0 0.0 0   0.000 0 1 0 0 0 1 0
49.000 0 0 0 1 0 130.000 0 207.000 0 1 0 0 0 1 0 0 135.000 0 1 0 0   0.000 0 0.0 1 0 1 0 0 0 1 1 0
47.000 1 1 0 0 0 110.000 0 249.000 0 1 0 0 1 0 0 0 150.000 0 1 0 0   0.000 0 0.0 1 0 1 0 0 0 1 1 0
36.000 1 0 0 1 0 130.000 0 209.000 0 1 0 0 1 0 0 0 178.000 0 1 0 0   0.000 0 0.0 1 0 1 0 0 0 1 1 0
58.000 1 0 0 0 1 125.000 0 300.000 0 1 0 0 0 0 1 0 171.000 0 1 0 0   0.000 0 1.0 0   2.000 0 0 0 1 0 0 1
49.000 0 0 1 0 0 110.000 0 0 1 1 0 0 1 0 0 0 160.000 0 1 0 0   0.000 0 0.0 1 0 1 0 0 0 1 1 0
54.000 1 0 0 0 1 130.000 0 603.000 0 0 1 0 1 0 0 0 125.000 0 0 1 0   1.000 0 0.5 0 0 1 0 0 0 1 0 1
61.000 1 0 0 1 0 120.000 0 0 1 1 0 0 1 0 0 0  80.000 0 0 1 0   0.000 0 0.5 0 0 1 0 0 0 1 0 1
64.000 1 0 0 0 1 120.000 0 246.000 0 1 0 0 0 0 1 0  96.000 0 0 1 0   2.200 0 0.0 0   1.000 0 1 0 0 0 0 1
58.000 1 0 0 1 0 105.000 0 240.000 0 1 0 0 0 0 1 0 154.000 0 0 1 0   0.600 0 0.5 0   0.000 0 0 0 1 0 1 0
54.000 0 0 1 0 0 140.000 0 309.000 0 0 0 1 0 1 0 0 140.000 0 1 0 0   0.000 0 0.0 1 0 1 0 0 0 1 1 0
52.000 1 0 0 0 1 140.000 0 266.000 0 1 0 0 1 0 0 0 134.000 0 0 1 0   2.000 0 0.5 0 0 1 0 0 0 1 0 1
48.000 1 0 0 0 1 160.000 0 268.000 0 1 0 0 1 0 0 0 103.000 0 0 1 0   1.000 0 0.5 0 0 1 0 0 0 1 0 1
53.000 0 0 1 0 0 140.000 0 216.000 0 1 0 0 1 0 0 0 142.000 0 0 1 0   2.000 0 0.5 0 0 1 0 0 0 1 1 0
62.000 1 1 0 0 0 112.000 0 258.000 0 1 0 0 0 1 0 0 150.000 0 0 1 0 0 1 0.0 1 0 1 0 0 0 1 0 1
55.000 1 0 1 0 0 110.000 0 214.000 0 0 1 0 0 1 0 0 180.000 0 1 0 0 0 1 0.0 1 0 1 0 0 0 1 1 0
54.000 0 0 0 1 0 130.000 0 294.000 0 1 0 0 0 1 0 0 100.000 0 0 1 0   0.000 0 0.5 0 0 1 0 0 0 1 0 1
34.000 1 0 0 0 1 115.000 0 0 1 0 0 1 0 0 0 1 154.000 0 1 0 0   0.200 0 1.0 0 0 1 0 0 0 1 0 1
46.000 1 0 0 0 1 100.000 0 0 1 0 0 1 0 1 0 0 133.000 0 1 0 0  -2.600 0 0.5 0 0 1 0 0 0 1 0 1
63.000 1 0 0 0 1 150.000 0 0 1 0 0 1 0 1 0 0 154.000 0 1 0 0   3.700 0 1.0 0 0 1 0 0 0 1 0 1
62.000 1 0 0 0 1 115.000 0 0 1 0 0 1 1 0 0 0 128.000 0 0 1 0   2.500 0 0.0 0 0 1 0 0 0 1 0 1
52.000 1 0 0 0 1 128.000 0 255.000 0 1 0 0 1 0 0 0 161.000 0 0 1 0   0.000 0 1.0 0   1.000 0 0 0 1 0 0 1
65.000 1 0 0 0 1 130.000 0 275.000 0 1 0 0 0 1 0 0 115.000 0 0 1 0   1.000 0 0.5 0 0 1 0 0 0 1 0 1
63.000 1 0 0 0 1 130.000 0 330.000 0 0 1 0 0 0 1 0 132.000 0 0 1 0   1.800 0 1.0 0   3.000 0 0 0 1 0 0 1
65.000 1 0 0 0 1 140.000 0 306.000 0 0 1 0 1 0 0 0  87.000 0 0 1 0   1.500 0 0.5 0 0 1 0 0 0 1 0 1
64.000 1 1 0 0 0 110.000 0 211.000 0 1 0 0 0 0 1 0 144.000 0 0 1 0   1.800 0 0.5 0   0.000 0 1 0 0 0 1 0
61.000 1 0 0 0 1 0 1 0 1 0 1 0 0 1 0 0  86.000 0 1 0 0   1.500 0 0.5 0 0 1 0 0 1 0 0 1
69.000 1 1 0 0 0 160.000 0 234.000 0 0 1 0 0 0 1 0 131.000 0 1 0 0   0.100 0 0.5 0   1.000 0 1 0 0 0 1 0
40.000 1 0 0 0 1 152.000 0 223.000 0 1 0 0 1 0 0 0 181.000 0 1 0 0   0.000 0 1.0 0   0.000 0 0 0 1 0 0 1
67.000 0 0 0 0 1 106.000 0 223.000 0 1 0 0 1 0 0 0 142.000 0 1 0 0   0.300 0 1.0 0   2.000 0 1 0 0 0 1 0
52.000 1 0 0 0 1 135.000 0 0 1 0 0 1 1 0 0 0 128.000 0 0 1 0   2.000 0 0.5 0 0 1 0 0 1 0 0 1
42.000 1 0 0 0 1 105.000 0 0 1 0 0 1 1 0 0 0 128.000 0 0 1 0  -1.500 0 0.0 0 0 1 0 0 0 1 0 1
63.000 1 0 0 0 1 140.000 0 187.000 0 1 0 0 0 0 1 0 144.000 0 0 1 0   4.000 0 1.0 0   2.000 0 0 0 1 0 0 1
40.000 1 0 0 1 0 130.000 0 215.000 0 1 0 0 1 0 0 0 138.000 0 1 0 0   0.000 0 0.0 1 0 1 0 0 0 1 1 0
56.000 1 0 0 0 1 140.000 0 0 1 0 0 1 1 0 0 0 121.000 0 0 1 0   1.800 0 1.0 0 0 1 0 0 0 1 0 1
45.000 1 0 0 0 1 142.000 0 309.000 0 1 0 0 0 0 1 0 147.000 0 0 1 0   0.000 0 0.5 0   3.000 0 0 0 1 0 0 1
41.000 1 0 0 0 1 110.000 0 289.000 0 1 0 0 1 0 0 0 170.000 0 1 0 0   0.000 0 0.0 1 0 1 0 1 0 0 0 1
54.000 1 0 0 0 1 110.000 0 206.000 0 1 0 0 0 0 1 0 108.000 0 0 1 0   0.000 0 0.5 0   1.000 0 1 0 0 0 0 1
51.000 0 0 0 0 1 120.000 0 0 1 0 0 1 1 0 0 0 127.000 0 0 1 0   1.500 0 1.0 0 0 1 0 0 0 1 0 1
56.000 1 0 0 0 1 150.000 0 213.000 0 0 1 0 1 0 0 0 125.000 0 0 1 0   1.000 0 0.5 0 0 1 0 0 0 1 0 1
48.000 1 0 0 0 1 120.000 0 260.000 0 1 0 0 1 0 0 0 115.000 0 1 0 0   2.000 0 0.5 0 0 1 0 0 0 1 0 1
37.000 1 0 0 1 0 118.000 0 240.000 0 1 0 0 0 0 1 0 165.000 0 1 0 0   1.000 0 0.5 0 0 1 1 0 0 0 1 0
63.000 1 0 0 0 1 160.000 0 267.000 0 0 1 0 0 1 0 0  88.000 0 0 1 0   2.000 0 0.0 1 0 1 0 0 0 1 0 1
40.000 1 0 1 0 0 130.000 0 275.000 0 1 0 0 1 0 0 0 150.000 0 1 0 0   0.000 0 0.0 1 0 1 0 0 0 1 1 0
50.000 1 0 0 0 1 150.000 0 243.000 0 1 0 0 0 0 1 0 128.000 0 1 0 0   2.600 0 0.5 0   0.000 0 0 0 1 0 0 1
45.000 1 0 0 0 1 104.000 0 208.000 0 1 0 0 0 0 1 0 148.000 0 0 1 0   3.000 0 0.5 0   0.000 0 1 0 0 0 1 0
38.000 0 0 0 0 1 105.000 0 0 1 0 0 1 1 0 0 0 166.000 0 1 0 0   2.800 0 1.0 0 0 1 0 0 0 1 0 1
59.000 1 0 0 0 1 164.000 0 176.000 0 0 1 0 0 0 1 0  90.000 0 1 0 0   1.000 0 0.5 0   2.000 0 0 1 0 0 0 1
58.000 0 0 0 0 1 100.000 0 248.000 0 1 0 0 0 0 1 0 122.000 0 1 0 0   1.000 0 0.5 0   0.000 0 1 0 0 0 1 0
55.000 1 0 0 0 1 140.000 0 268.000 0 1 0 0 1 0 0 0 128.000 0 0 1 0   1.500 0 0.5 0 0 1 0 0 0 1 0 1
56.000 0 0 1 0 0 140.000 0 294.000 0 1 0 0 0 0 1 0 153.000 0 1 0 0   1.300 0 0.5 0   0.000 0 1 0 0 0 1 0
67.000 1 0 0 0 1 100.000 0 299.000 0 1 0 0 0 0 1 0 125.000 0 0 1 0   0.900 0 0.5 0   2.000 0 1 0 0 0 0 1
43.000 1 0 0 0 1 115.000 0 303.000 0 1 0 0 1 0 0 0 181.000 0 1 0 0   1.200 0 0.5 0   0.000 0 1 0 0 0 1 0
59.000 0 0 1 0 0 130.000 0 188.000 0 1 0 0 1 0 0 0 124.000 0 1 0 0   1.000 0 0.5 0 0 1 0 0 0 1 1 0
41.000 1 0 1 0 0 120.000 0 157.000 0 1 0 0 1 0 0 0 182.000 0 1 0 0   0.000 0 1.0 0   0.000 0 1 0 0 0 1 0
62.000 1 0 1 0 0 0 1 0 1 1 0 0 1 0 0 0 0 1 0 0 1 0 1 0.0 1 0 1 0 0 0 1 1 0
61.000 1 0 0 0 1 120.000 0 260.000 0 1 0 0 1 0 0 0 140.000 0 0 1 0   3.600 0 0.5 0   1.000 0 0 0 1 0 0 1
55.000 0 0 1 0 0 132.000 0 342.000 0 1 0 0 1 0 0 0 166.000 0 1 0 0   1.200 0 1.0 0   0.000 0 1 0 0 0 1 0
36.000 1 0 0 1 0 150.000 0 160.000 0 1 0 0 1 0 0 0 172.000 0 1 0 0   0.000 0 0.0 1 0 1 0 0 0 1 1 0
58.000 0 0 0 0 1 130.000 0 197.000 0 1 0 0 1 0 0 0 131.000 0 1 0 0   0.600 0 0.5 0   0.000 0 1 0 0 0 1 0
42.000 1 0 0 0 1 140.000 0 358.000 0 1 0 0 1 0 0 0 170.000 0 1 0 0   0.000 0 0.0 1 0 1 0 0 0 1 1 0
47.000 1 0 0 0 1 110.000 0 0 1 0 0 1 0 1 0 0 149.000 0 1 0 0   2.100 0 1.0 0 0 1 0 0 0 1 0 1
52.000 1 0 0 1 0 128.000 0 0 1 1 0 0 0 1 0 0 180.000 0 1 0 0   3.000 0 1.0 0 0 1 0 0 0 1 0 1
54.000 1 0 0 1 0 120.000 0 258.000 0 1 0 0 0 0 1 0 147.000 0 1 0 0   0.400 0 0.5 0   0.000 0 0 0 1 0 1 0
55.000 1 0 0 0 1 145.000 0 248.000 0 1 0 0 1 0 0 0  96.000 0 0 1 0   2.000 0 0.5 0 0 1 0 0 0 1 0 1
54.000 1 0 0 0 1 200.000 0 198.000 0 1 0 0 1 0 0 0 142.000 0 0 1 0   2.000 0 0.5 0 0 1 0 0 0 1 0 1
52.000 1 0 0 0 1 128.000 0 204.000 0 0 1 0 1 0 0 0 156.000 0 0 1 0   1.000 0 0.5 0   0.000 0 0 0 0 1 0 1
41.000 1 0 0 0 1 110.000 0 172.000 0 1 0 0 0 0 1 0 158.000 0 1 0 0   0.000 0 1.0 0   0.000 0 0 0 1 0 0 1
46.000 1 0 1 0 0 140.000 0 275.000 0 1 0 0 1 0 0 0 165.000 0 0 1 0   0.000 0 0.0 1 0 1 0 0 0 1 1 0
52.000 1 0 1 0 0 160.000 0 196.000 0 1 0 0 1 0 0 0 165.000 0 1 0 0   0.000 0 0.0 1 0 1 0 0 0 1 1 0
43.000 0 0 1 0 0 120.000 0 215.000 0 1 0 0 0 1 0 0 175.000 0 1 0 0   0.000 0 0.0 1 0 1 0 0 0 1 1 0
59.000 1 0 0 0 1 110.000 0 239.000 0 1 0 0 0 0 1 0 142.000 0 0 1 0   1.200 0 0.5 0   1.000 0 0 0 1 0 0 1
55.000 1 0 0 0 1 0 1 204.000 0 0 1 0 0 1 0 0 0 1 0 0 1 0 1 0.0 1 0 1 0 0 0 1 0 1
50.000 1 0 1 0 0 120.000 0 168.000 0 1 0 0 1 0 0 0 160.000 0 1 0 0   0.000 0 0.0 1   0.000 0 0 0 0 1 1 0
51.000 0 0 0 1 0 120.000 0 295.000 0 1 0 0 0 0 1 0 157.000 0 1 0 0   0.600 0 1.0 0   0.000 0 1 0 0 0 1 0
49.000 0 0 1 0 0 124.000 0 201.000 0 1 0 0 1 0 0 0 164.000 0 1 0 0   0.000 0 0.0 1 0 1 0 0 0 1 1 0
56.000 0 0 0 0 1 134.000 0 409.000 0 1 0 0 0 0 1 0 150.000 0 0 1 0   1.900 0 0.5 0   2.000 0 0 0 1 0 0 1
58.000 0 0 0 1 0 120.000 0 340.000 0 1 0 0 1 0 0 0 172.000 0 1 0 0   0.000 0 1.0 0   0.000 0 1 0 0 0 1 0
52.000 1 0 0 0 1 170.000 0 0 1 1 0 0 1 0 0 0 126.000 0 0 1 0   1.500 0 0.5 0 0 1 0 0 0 1 0 1
48.000 0 0 1 0 0 0 1 308.000 0 1 0 0 0 1 0 0 0 1 0 0 1   2.000 0 1.0 0 0 1 0 0 0 1 1 0
69.000 1 0 0 0 1 135.000 0 0 1 1 0 0 1 0 0 0 130.000 0 1 0 0   0.000 0 0.5 0 0 1 0 1 0 0 0 1
62.000 0 0 0 0 1 150.000 0 244.000 0 1 0 0 1 0 0 0 154.000 0 0 1 0   1.400 0 0.5 0   0.000 0 1 0 0 0 0 1
51.000 1 0 0 0 1 130.000 0 0 1 0 0 1 1 0 0 0 170.000 0 1 0 0  -0.700 0 1.0 0 0 1 0 0 0 1 0 1
36.000 1 0 0 0 1 110.000 0 0 1 0 0 1 1 0 0 0 125.000 0 0 1 0   1.000 0 0.5 0 0 1 0 1 0 0 0 1
35.000 1 0 1 0 0 110.000 0 257.000 0 1 0 0 1 0 0 0 140.000 0 1 0 0   0.000 0 0.0 1 0 1 0 0 0 1 0 1
44.000 1 0 1 0 0 120.000 0 220.000 0 1 0 0 1 0 0 0 170.000 0 1 0 0   0.000 0 1.0 0   0.000 0 1 0 0 0 1 0
41.000 1 0 0 0 1 120.000 0 237.000 0 0 0 1 1 0 0 0 138.000 0 0 1 0   1.000 0 0.5 0 0 1 0 0 0 1 0 1
38.000 1 0 1 0 0 140.000 0 297.000 0 1 0 0 1 0 0 0 150.000 0 1 0 0   0.000 0 0.0 1 0 1 0 0 0 1 1 0
59.000 1 0 0 0 1 135.000 0 234.000 0 1 0 0 1 0 0 0 161.000 0 1 0 0   0.500 0 0.5 0   0.000 0 0 0 1 0 1 0
61.000 1 0 0 0 1 138.000 0 166.000 0 1 0 0 0 0 1 0 125.000 0 0 1 0   3.600 0 0.5 0   1.000 0 1 0 0 0 0 1
39.000 1 0 0 1 0 140.000 0 321.000 0 1 0 0 0 0 1 0 182.000 0 1 0 0   0.000 0 1.0 0   0.000 0 1 0 0 0 1 0
40.000 1 0 0 1 0 140.000 0 0 1 1 0 0 1 0 0 0 188.000 0 1 0 0   0.000 0 0.0 1 0 1 0 0 0 1 1 0
53.000 1 0 0 1 0 155.000 0 175.000 0 0 1 0 0 1 0 0 160.000 0 1 0 0 0 1 0.0 1 0 1 0 1 0 0 1 0
62.000 1 0 1 0 0 120.000 0 281.000 0 1 0 0 0 0 1 0 103.000 0 1 0 0   1.400 0 0.5 0   1.000 0 0 0 1 0 0 1
46.000 1 0 0 0 1 110.000 0 238.000 0 1 0 0 0 1 0 0 140.000 0 0 1 0   1.000 0 0.5 0 0 1 1 0 0 0 1 0
41.000 1 0 0 1 0 130.000 0 214.000 0 1 0 0 0 0 1 0 168.000 0 1 0 0   2.000 0 0.5 0   0.000 0 1 0 0 0 1 0
40.000 1 0 0 0 1 120.000 0 466.000 0 0 0 1 1 0 0 0 152.000 0 0 1 0   1.000 0 0.5 0 0 1 0 1 0 0 0 1
31.000 0 0 1 0 0 100.000 0 219.000 0 1 0 0 0 1 0 0 150.000 0 1 0 0   0.000 0 0.0 1 0 1 0 0 0 1 1 0
60.000 0 1 0 0 0 150.000 0 240.000 0 1 0 0 1 0 0 0 171.000 0 1 0 0   0.900 0 1.0 0   0.000 0 1 0 0 0 1 0
48.000 1 0 0 0 1 0 1 272.000 0 1 0 0 0 1 0 0 0 1 0 0 1 0 1 0.0 1 0 1 0 0 0 1 1 0
57.000 1 0 0 0 1 128.000 0 0 1 0 1 0 0 1 0 0 148.000 0 0 1 0   1.000 0 0.5 0 0 1 0 0 0 1 0 1
32.000 1 0 0 0 1 118.000 0 529.000 0 1 0 0 1 0 0 0 130.000 0 1 0 0   0.000 0 0.0 1 0 1 0 0 0 1 0 1
38.000 1 0 0 0 1 150.000 0 0 1 0 0 1 1 0 0 0 120.000 0 0 1 0 0 1 0.0 1 0 1 1 0 0 0 0 1
52.000 1 0 0 0 1  95.000 0 0 1 0 0 1 1 0 0 0  82.000 0 0 1 0 0 1 0.0 1 0 1 0 0 0 1 0 1
45.000 0 0 1 0 0 112.000 0 160.000 0 1 0 0 1 0 0 0 138.000 0 1 0 0   0.000 0 0.5 0   0.000 0 1 0 0 0 1 0
55.000 0 0 1 0 0 130.000 0 394.000 0 1 0 0 0 0 1 0 150.000 0 1 0 0   0.000 0 0.0 1 0 1 0 0 0 1 1 0
64.000 0 0 0 0 1 180.000 0 325.000 0 1 0 0 1 0 0 0 154.000 0 0 1 0   0.000 0 1.0 0   0.000 0 1 0 0 0 1 0
36.000 1 0 1 0 0 120.000 0 166.000 0 1 0 0 1 0 0 0 180.000 0 1 0 0   0.000 0 0.0 1 0 1 0 0 0 1 1 0
62.000 1 0 0 0 1 110.000 0 0 1 1 0 0 1 0 0 0 120.000 0 0 1 0   0.500 0 0.5 0 0 1 1 0 0 0 0 1
54.000 1 0 1 0 0 0 1 182.000 0 1 0 0 0 1 0 0 0 1 0 0 1 0 1 0.0 1 0 1 0 0 0 1 1 0
63.000 1 0 0 0 1 126.000 0 0 1 1 0 0 0 1 0 0 120.000 0 1 0 0   1.500 0 0.0 0 0 1 0 0 0 1 1 0
29.000 1 0 1 0 0 130.000 0 204.000 0 1 0 0 0 0 1 0 202.000 0 1 0 0   0.000 0 1.0 0   0.000 0 1 0 0 0 1 0
48.000 0 0 0 0 1 150.000 0 227.000 0 1 0 0 1 0 0 0 130.000 0 0 1 0   1.000 0 0.5 0 0 1 0 0 0 1 1 0
51.000 1 0 0 0 1 140.000 0 261.000 0 1 0 0 0 0 1 0 186.000 0 0 1 0   0.000 0 1.0 0   0.000 0 1 0 0 0 1 0
57.000 1 0 0 1 0 150.000 0 126.000 0 0 1 0 1 0 0 0 173.000 0 1 0 0   0.200 0 1.0 0   1.000 0 0 0 1 0 1 0
53.000 1 0 1 0 0 140.000 0 320.000 0 1 0 0 1 0 0 0 162.000 0 1 0 0   0.000 0 0.0 1 0 1 0 0 0 1 1 0
64.000 1 0 0 0 1 0 1 244.000 0 0 1 0 0 1 0 0 0 1 0 0 1 0 1 0.0 1 0 1 0 0 0 1 0 1
39.000 1 0 0 0 1 110.000 0 280.000 0 1 0 0 1 0 0 0 150.000 0 1 0 0   0.000 0 0.0 1 0 1 0 1 0 0 0 1
51.000 0 0 1 0 0 160.000 0 194.000 0 1 0 0 1 0 0 0 170.000 0 1 0 0   0.000 0 0.0 1 0 1 0 0 0 1 1 0
60.000 1 0 0 0 1 142.000 0 216.000 0 1 0 0 1 0 0 0 110.000 0 0 1 0   2.500 0 0.5 0 0 1 0 0 0 1 0 1
60.000 1 0 0 0 1 130.000 0 206.000 0 1 0 0 0 0 1 0 132.000 0 0 1 0   2.400 0 0.5 0   2.000 0 0 0 1 0 0 1
55.000 1 0 0 1 0 110.000 0 277.000 0 1 0 0 1 0 0 0 160.000 0 1 0 0   0.000 0 0.0 1 0 1 0 0 0 1 1 0
47.000 1 0 0 0 1 112.000 0 204.000 0 1 0 0 1 0 0 0 143.000 0 1 0 0   0.100 0 1.0 0   0.000 0 1 0 0 0 1 0
56.000 1 0 0 1 0 130.000 0 0 1 1 0 0 1 0 0 0 114.000 0 1 0 0   0.000 0 0.0 1 0 1 0 0 0 1 1 0
56.000 1 0 0 0 1 130.000 0 283.000 0 0 1 0 0 0 1 0 103.000 0 0 1 0   1.600 0 0.0 0   0.000 0 0 0 1 0 0 1
65.000 1 0 0 0 1 136.000 0 248.000 0 1 0 0 1 0 0 0 140.000 0 0 1 0   4.000 0 0.0 0 0 1 0 0 0 1 0 1
39.000 1 0 0 0 1 130.000 0 307.000 0 1 0 0 1 0 0 0 140.000 0 1 0 0   0.000 0 0.0 1 0 1 0 0 0 1 1 0
41.000 1 0 0 0 1 112.000 0 250.000 0 1 0 0 1 0 0 0 142.000 0 1 0 0   0.000 0 0.0 1 0 1 0 0 0 1 1 0
65.000 0 0 0 1 0 140.000 0 417.000 0 0 1 0 0 0 1 0 157.000 0 1 0 0   0.800 0 1.0 0   1.000 0 1 0 0 0 1 0
57.000 1 0 0 0 1 150.000 0 276.000 0 1 0 0 0 0 1 0 112.000 0 0 1 0   0.600 0 0.5 0   1.000 0 0 1 0 0 0 1
43.000 0 1 0 0 0 100.000 0 223.000 0 1 0 0 1 0 0 0 142.000 0 1 0 0   0.000 0 0.0 1 0 1 0 0 0 1 1 0
57.000 1 0 0 0 1 110.000 0 201.000 0 1 0 0 1 0 0 0 126.000 0 0 1 0   1.500 0 0.5 0   0.000 0 0 1 0 0 1 0
65.000 1 0 0 0 1 150.000 0 235.000 0 1 0 0 1 0 0 0 120.000 0 0 1 0   1.500 0 0.5 0 0 1 0 0 0 1 0 1
69.000 1 0 0 0 1 0 1 0 1 0 1 0 1 0 0 0 0 1 0 0 1 0 1 0.0 1 0 1 0 0 0 1 0 1
59.000 1 0 0 0 1 140.000 0 177.000 0 1 0 0 1 0 0 0 162.000 0 0 1 0   0.000 0 1.0 0   1.000 0 0 0 1 0 0 1
58.000 1 0 1 0 0 126.000 0 0 1 0 1 0 1 0 0 0 110.000 0 0 1 0   2.000 0 0.5 0 0 1 0 0 0 1 0 1
51.000 1 0 0 0 1 120.000 0 0 1 0 1 0 1 0 0 0 104.000 0 1 0 0   0.000 0 0.5 0 0 1 1 0 0 0 0 1
37.000 0 0 1 0 0 120.000 0 260.000 0 1 0 0 1 0 0 0 130.000 0 1 0 0   0.000 0 0.0 1 0 1 0 0 0 1 1 0
59.000 1 0 0 0 1 110.000 0 0 1 0 0 1 1 0 0 0  94.000 0 1 0 0   0.000 0 0.0 1 0 1 0 1 0 0 0 1
46.000 1 0 0 0 1 130.000 0 222.000 0 1 0 0 1 0 0 0 112.000 0 1 0 0   0.000 0 0.0 1 0 1 0 0 0 1 0 1
61.000 0 0 1 0 0 140.000 0 298.000 0 0 1 0 1 0 0 0 120.000 0 0 1 0   0.000 0 0.0 1 0 1 0 0 1 0 1 0
58.000 1 0 0 0 1 128.000 0 259.000 0 1 0 0 0 0 1 0 130.000 0 0 1 0   3.000 0 0.5 0   2.000 0 0 0 1 0 0 1
64.000 1 0 0 0 1 145.000 0 212.000 0 1 0 0 0 0 1 0 132.000 0 1 0 0   2.000 0 0.5 0   2.000 0 0 1 0 0 0 1
62.000 1 0 0 0 1 120.000 0 220.000 0 1 0 0 0 1 0 0  86.000 0 1 0 0   0.000 0 0.0 1 0 1 0 0 0 1 1 0
39.000 1 0 0 1 0 160.000 0 147.000 0 0 1 0 1 0 0 0 160.000 0 1 0 0   0.000 0 0.0 1 0 1 0 0 0 1 1 0
61.000 1 0 0 0 1 110.000 0 0 1 0 0 1 1 0 0 0 108.000 0 0 1 0   2.000 0 0.0 0 0 1 0 0 0 1 0 1
54.000 0 0 1 0 0 120.000 0 230.000 0 0 1 0 1 0 0 0 140.000 0 1 0 0   0.000 0 0.0 1 0 1 0 0 0 1 1 0
69.000 0 1 0 0 0 140.000 0 239.000 0 1 0 0 1 0 0 0 151.000 0 1 0 0   1.800 0 1.0 0   2.000 0 1 0 0 0 1 0
62.000 1 0 0 1 0 130.000 0 231.000 0 1 0 0 1 0 0 0 146.000 0 1 0 0   1.800 0 0.5 0   3.000 0 0 0 1 0 1 0
46.000 1 1 0 0 0 140.000 0 272.000 0 0 1 0 1 0 0 0 175.000 0 1 0 0   2.000 0 0.5 0 0 1 0 0 0 1 0 1
55.000 1 0 0 0 1 140.000 0 217.000 0 1 0 0 1 0 0 0 111.000 0 0 1 0   5.600 0 0.0 0   0.000 0 0 0 1 0 0 1
60.000 1 0 0 0 1 152.000 0 0 1 1 0 0 0 1 0 0 118.000 0 0 1 0   0.000 0 0.0 1 0 1 0 0 1 0 1 0
57.000 1 0 0 0 1 130.000 0 207.000 0 1 0 0 0 1 0 0  96.000 0 0 1 0   1.000 0 0.5 0 0 1 0 0 0 1 1 0
62.000 1 1 0 0 0 0 1 139.000 0 1 0 0 0 1 0 0 0 1 0 0 1 0 1 0.0 1 0 1 0 0 0 1 1 0
60.000 0 0 0 0 1 158.000 0 305.000 0 1 0 0 0 0 1 0 161.000 0 1 0 0   0.000 0 1.0 0   0.000 0 1 0 0 0 0 1
49.000 0 0 1 0 0 110.000 0 0 1 1 0 0 1 0 0 0 160.000 0 1 0 0   0.000 0 0.0 1 0 1 0 0 0 1 1 0
68.000 1 0 0 1 0 134.000 0 254.000 0 0 1 0 1 0 0 0 151.000 0 0 1 0   0.000 0 0.0 1 0 1 1 0 0 0 1 0
54.000 1 0 0 1 0 120.000 0 237.000 0 1 0 0 1 0 0 0 150.000 0 0 1 0   1.500 0 0.0 1 0 1 0 0 1 0 0 1
58.000 1 0 0 1 0 112.000 0 230.000 0 1 0 0 0 0 1 0 165.000 0 1 0 0   2.500 0 0.5 0   1.000 0 0 0 1 0 0 1
71.000 0 0 0 0 1 112.000 0 149.000 0 1 0 0 1 0 0 0 125.000 0 1 0 0   1.600 0 0.5 0   0.000 0 1 0 0 0 1 0
41.000 0 0 1 0 0 130.000 0 245.000 0 1 0 0 1 0 0 0 150.000 0 1 0 0   0.000 0 0.0 1 0 1 0 0 0 1 1 0
57.000 1 0 0 0 1 144.000 0 270.000 0 0 1 0 0 1 0 0 160.000 0 0 1 0   2.000 0 0.5 0 0 1 0 0 0 1 0 1
54.000 1 0 0 0 1 0 1 0 1 1 0 0 0 1 0 0 0 1 0 0 1 0 1 0.0 1 0 1 0 0 0 1 0 1
54.000 0 0 1 0 0 160.000 0 312.000 0 1 0 0 1 0 0 0 130.000 0 1 0 0   0.000 0 0.0 1 0 1 0 0 0 1 1 0
37.000 1 0 0 1 0 130.000 0 194.000 0 1 0 0 1 0 0 0 150.000 0 1 0 0   0.000 0 0.0 1 0 1 0 0 0 1 1 0
74.000 0 0 1 0 0 120.000 0 269.000 0 1 0 0 0 0 1 0 121.000 0 0 1 0   0.200 0 1.0 0   1.000 0 1 0 0 0 1 0
59.000 1 0 0 0 1 125.000 0 222.000 0 1 0 0 1 0 0 0 135.000 0 0 1 0   2.500 0 0.0 0 0 1 0 0 0 1 0 1
45.000 1 1 0 0 0 110.000 0 264.000 0 1 0 0 1 0 0 0 132.000 0 1 0 0   1.200 0 0.5 0   0.000 0 0 0 1 0 0 1
52.000 1 0 0 0 1 112.000 0 342.000 0 1 0 0 0 1 0 0  96.000 0 0 1 0   1.000 0 0.5 0 0 1 0 0 0 1 0 1
38.000 1 0 0 0 1  92.000 0 117.000 0 1 0 0 1 0 0 0 134.000 0 0 1 0   2.500 0 0.5 0 0 1 0 0 0 1 0 1
52.000 1 0 1 0 0 120.000 0 284.000 0 1 0 0 1 0 0 0 118.000 0 1 0 0   0.000 0 0.0 1 0 1 0 0 0 1 1 0
53.000 1 0 0 1 0 145.000 0 518.000 0 1 0 0 1 0 0 0 130.000 0 1 0 0   0.000 0 0.0 1 0 1 0 0 0 1 0 1
65.000 1 0 0 0 1 115.000 0 0 1 1 0 0 1 0 0 0  93.000 0 0 1 0   0.000 0 0.5 0 0 1 0 0 1 0 0 1
74.000 1 0 0 1 0 0 1 0 1 1 0 0 1 0 0 0 0 1 0 0 1 0 1 0.0 1 0 1 0 0 0 1 1 0
46.000 1 0 0 0 1 180.000 0 280.000 0 1 0 0 0 1 0 0 120.000 0 1 0 0   0.000 0 0.0 1 0 1 0 0 0 1 1 0
55.000 1 0 0 0 1 142.000 0 228.000 0 1 0 0 0 1 0 0 149.000 0 0 1 0   2.500 0 1.0 0 0 1 0 0 0 1 0 1
59.000 1 0 0 0 1 170.000 0 326.000 0 1 0 0 0 0 1 0 140.000 0 0 1 0   3.400 0 0.0 0   0.000 0 0 0 1 0 0 1
47.000 1 0 1 0 0 160.000 0 263.000 0 1 0 0 1 0 0 0 174.000 0 1 0 0   0.000 0 0.0 1 0 1 0 0 0 1 1 0
28.000 1 0 1 0 0 130.000 0 132.000 0 1 0 0 0 0 1 0 185.000 0 1 0 0   0.000 0 0.0 1 0 1 0 0 0 1 1 0
66.000 1 0 1 0 0 160.000 0 246.000 0 1 0 0 1 0 0 0 120.000 0 0 1 0   0.000 0 0.5 0   3.000 0 0 1 0 0 0 1
57.000 1 0 0 0 1 130.000 0 131.000 0 1 0 0 1 0 0 0 115.000 0 0 1 0   1.200 0 0.5 0   1.000 0 0 0 1 0 0 1
67.000 1 0 0 0 1 140.000 0 219.000 0 1 0 0 0 1 0 0 122.000 0 0 1 0   2.000 0 0.5 0 0 1 0 0 1 0 0 1
67.000 1 0 0 0 1 0 1 369.000 0 1 0 0 1 0 0 0 0 1 0 0 1 0 1 0.0 1 0 1 0 0 0 1 0 1
51.000 0 0 0 1 0 130.000 0 256.000 0 1 0 0 0 0 1 0 149.000 0 1 0 0   0.500 0 1.0 0   0.000 0 1 0 0 0 1 0
50.000 0 0 0 0 1 160.000 0 0 1 0 0 1 1 0 0 0 110.000 0 1 0 0   0.000 0 0.0 1 0 1 1 0 0 0 0 1
50.000 0 0 0 1 0 140.000 0 288.000 0 1 0 0 1 0 0 0 140.000 0 0 1 0   0.000 0 0.0 1 0 1 0 0 1 0 0 1
56.000 1 0 0 0 1 128.000 0 223.000 0 1 0 0 0 1 0 0 119.000 0 0 1 0   2.000 0 0.0 0 0 1 0 0 0 1 0 1
44.000 1 0 0 0 1 130.000 0 209.000 0 1 0 0 0 1 0 0 127.000 0 1 0 0   0.000 0 0.0 1 0 1 0 0 0 1 1 0
74.000 1 0 0 1 0 140.000 0 237.000 0 0 1 0 1 0 0 0  94.000 0 1 0 0   0.000 0 0.0 1 0 1 0 0 0 1 0 1
48.000 1 0 0 0 1 140.000 0 0 1 1 0 0 1 0 0 0 159.000 0 0 1 0   1.500 0 1.0 0 0 1 0 0 0 1 0 1
63.000 1 0 0 0 1 185.000 0 0 1 1 0 0 1 0 0 0  98.000 0 0 1 0   0.000 0 1.0 0 0 1 0 0 1 0 0 1
41.000 1 0 0 1 0 112.000 0 250.000 0 1 0 0 1 0 0 0 179.000 0 1 0 0   0.000 0 1.0 0   0.000 0 1 0 0 0 1 0
68.000 0 0 0 1 0 120.000 0 211.000 0 1 0 0 0 0 1 0 115.000 0 1 0 0   1.500 0 0.5 0   0.000 0 1 0 0 0 1 0
48.000 1 0 0 0 1 130.000 0 256.000 0 0 1 0 0 0 1 0 150.000 0 0 1 0   0.000 0 1.0 0   2.000 0 0 0 1 0 0 1
70.000 1 0 0 0 1 140.000 0 0 1 0 1 0 1 0 0 0 157.000 0 0 1 0   2.000 0 0.5 0 0 1 0 0 1 0 0 1
45.000 0 0 0 0 1 132.000 0 297.000 0 1 0 0 1 0 0 0 144.000 0 1 0 0   0.000 0 0.0 1 0 1 0 0 0 1 1 0
39.000 0 0 0 1 0  94.000 0 199.000 0 1 0 0 1 0 0 0 179.000 0 1 0 0   0.000 0 1.0 0   0.000 0 1 0 0 0 1 0
52.000 1 0 0 0 1 160.000 0 331.000 0 1 0 0 1 0 0 0  94.000 0 0 1 0   2.500 0 0.0 1 0 1 0 0 0 1 0 1
63.000 1 0 0 1 0 0 1 0 1 1 0 0 0 0 1 0 0 1 0 0 1 0 1 0.0 1 0 1 0 0 0 1 0 1
66.000 0 1 0 0 0 150.000 0 226.000 0 1 0 0 1 0 0 0 114.000 0 1 0 0   2.600 0 0.0 0   0.000 0 1 0 0 0 1 0
46.000 1 0 0 0 1 140.000 0 311.000 0 1 0 0 1 0 0 0 120.000 0 0 1 0   1.800 0 0.5 0   2.000 0 0 0 1 0 0 1
40.000 1 0 0 1 0 130.000 0 281.000 0 1 0 0 1 0 0 0 167.000 0 1 0 0   0.000 0 0.0 1 0 1 0 0 0 1 1 0
48.000 0 0 1 0 0 120.000 0 0 1 0 1 0 0 1 0 0 148.000 0 1 0 0   0.000 0 0.0 1 0 1 0 0 0 1 1 0
66.000 1 0 0 1 0 110.000 0 213.000 0 0 1 0 0 0 1 0  99.000 0 0 1 0   1.300 0 0.5 0 0 1 0 0 0 1 1 0
49.000 1 0 0 1 0 118.000 0 149.000 0 1 0 0 0 0 1 0 126.000 0 1 0 0   0.800 0 1.0 0   3.000 0 1 0 0 0 0 1
44.000 1 0 0 0 1 135.000 0 491.000 0 1 0 0 1 0 0 0 135.000 0 1 0 0   0.000 0 0.0 1 0 1 0 0 0 1 0 1
40.000 0 0 0 0 1 150.000 0 392.000 0 1 0 0 1 0 0 0 130.000 0 1 0 0   2.000 0 0.5 0 0 1 0 1 0 0 0 1
54.000 1 0 0 0 1 120.000 0 0 1 1 0 0 1 0 0 0 155.000 0 1 0 0   0.000 0 0.5 0 0 1 0 0 1 0 0 1
53.000 0 0 0 0 1 138.000 0 234.000 0 1 0 0 0 0 1 0 160.000 0 1 0 0   0.000 0 1.0 0   0.000 0 1 0 0 0 1 0
50.000 1 0 0 0 1 140.000 0 129.000 0 1 0 0 1 0 0 0 135.000 0 1 0 0   0.000 0 0.0 1 0 1 0 0 0 1 1 0
75.000 1 0 0 0 1 136.000 0 225.000 0 1 0 0 1 0 0 0 112.000 0 0 1 0   3.000 0 0.5 0 0 1 0 0 0 1 0 1
60.000 1 0 0 0 1 0 1 195.000 0 1 0 0 1 0 0 0 0 1 0 0 1 0 1 0.0 1 0 1 0 0 0 1 1 0
37.000 0 0 0 1 0 130.000 0 211.000 0 1 0 0 1 0 0 0 142.000 0 1 0 0   0.000 0 0.0 1 0 1 0 0 0 1 1 0
63.000 1 0 0 0 1  96.000 0 305.000 0 1 0 0 0 1 0 0 121.000 0 0 1 0   1.000 0 1.0 0 0 1 0 0 0 1 0 1
54.000 1 0 0 0 1 125.000 0 216.000 0 1 0 0 1 0 0 0 140.000 0 1 0 0   0.000 0 0.0 1 0 1 0 0 0 1 0 1
74.000 1 1 0 0 0 0 1 216.000 0 0 1 0 1 0 0 0 0 1 0 0 1 0 1 0.0 1 0 1 0 0 0 1 0 1
34.000 0 0 1 0 0 118.000 0 210.000 0 1 0 0 1 0 0 0 192.000 0 1 0 0   0.700 0 1.0 0   0.000 0 1 0 0 0 1 0
51.000 0 0 0 1 0 130.000 0 220.000 0 1 0 0 1 0 0 0 160.000 0 0 1 0   2.000 0 1.0 0 0 1 0 0 0 1 1 0
56.000 1 0 1 0 0 124.000 0 224.000 0 0 1 0 1 0 0 0 161.000 0 1 0 0   2.000 0 0.5 0 0 1 0 0 0 1 1 0
72.000 1 0 0 0 1 0 1 211.000 0 1 0 0 1 0 0 0 0 1 0 0 1 0 1 0.0 1 0 1 0 0 0 1 0 1
51.000 1 0 0 0 1 0 1 218.000 0 0 1 0 0 0 1 0 0 1 0 0 1 0 1 0.0 1 0 1 0 0 0 1 1 0
60.000 1 0 0 0 1 130.000 0 0 1 0 0 1 0 1 0 0 130.000 0 0 1 0   1.100 0 0.0 0   1.000 0 0 0 0 1 0 1
32.000 1 1 0 0 0  95.000 0 0 1 0 0 1 1 0 0 0 127.000 0 1 0 0   0.700 0 1.0 0 0 1 0 0 0 1 0 1
56.000 1 0 0 1 0 130.000 0 276.000 0 1 0 0 1 0 0 0 128.000 0 0 1 0   1.000 0 1.0 0 0 1 0 1 0 0 1 0
66.000 1 0 0 0 1 112.000 0 212.000 0 1 0 0 0 0 1 0 132.000 0 0 1 0   0.100 0 1.0 0   1.000 0 1 0 0 0 0 1
62.000 0 0 0 0 1 138.000 0 294.000 0 0 1 0 1 0 0 0 106.000 0 1 0 0   1.900 0 0.5 0   3.000 0 1 0 0 0 0 1
52.000 1 0 0 0 1 130.000 0 298.000 0 1 0 0 1 0 0 0 110.000 0 0 1 0   1.000 0 0.5 0 0 1 0 0 0 1 0 1
41.000 1 0 0 0 1 120.000 0 336.000 0 1 0 0 1 0 0 0 118.000 0 0 1 0   3.000 0 0.5 0 0 1 0 0 0 1 0 1
40.000 1 0 0 0 1 110.000 0 167.000 0 1 0 0 0 0 1 0 114.000 0 0 1 0   2.000 0 0.5 0   0.000 0 0 0 1 0 0 1
48.000 1 0 0 0 1 160.000 0 355.000 0 1 0 0 1 0 0 0  99.000 0 0 1 0   2.000 0 0.5 0 0 1 0 0 0 1 0 1
66.000 1 0 0 0 1 120.000 0 302.000 0 1 0 0 0 0 1 0 151.000 0 1 0 0   0.400 0 0.5 0   0.000 0 1 0 0 0 1 0
46.000 1 0 0 0 1 110.000 0 240.000 0 1 0 0 0 1 0 0 140.000 0 1 0 0   0.000 0 0.0 1 0 1 1 0 0 0 1 0
64.000 1 0 0 0 1 134.000 0 273.000 0 1 0 0 1 0 0 0 102.000 0 0 1 0   4.000 0 0.0 0 0 1 0 0 0 1 0 1
64.000 0 0 0 0 1  95.000 0 0 1 0 0 1 1 0 0 0 145.000 0 1 0 0   1.100 0 0.0 0 0 1 0 0 0 1 0 1
50.000 1 0 0 0 1 115.000 0 0 1 1 0 0 1 0 0 0 120.000 0 0 1 0   0.500 0 0.5 0 0 1 0 1 0 0 0 1
51.000 1 1 0 0 0 125.000 0 213.000 0 1 0 0 0 0 1 0 125.000 0 0 1 0   1.400 0 1.0 0   1.000 0 1 0 0 0 1 0
53.000 1 0 0 0 1 123.000 0 282.000 0 1 0 0 1 0 0 0  95.000 0 0 1 0   2.000 0 0.5 0   2.000 0 0 0 1 0 0 1
69.000 1 0 0 1 0 140.000 0 0 1 0 0 1 0 1 0 0 118.000 0 1 0 0   2.500 0 0.0 0 0 1 0 0 0 1 0 1
58.000 1 0 1 0 0 130.000 0 230.000 0 1 0 0 1 0 0 0 150.000 0 1 0 0   0.000 0 0.0 1 0 1 0 0 0 1 1 0
61.000 1 0 0 0 1 0 1 292.000 0 1 0 0 0 1 0 0 0 1 0 0 1 0 1 0.0 1 0 1 0 0 0 1 0 1
57.000 0 0 0 0 1 128.000 0 303.000 0 1 0 0 0 0 1 0 159.000 0 1 0 0   0.000 0 1.0 0   1.000 0 1 0 0 0 1 0
47.000 0 0 0 1 0 130.000 0 0 1 1 0 0 1 0 0 0 145.000 0 1 0 0   2.000 0 0.5 0 0 1 0 0 0 1 1 0
65.000 1 0 0 0 1 135.000 0 254.000 0 1 0 0 0 0 1 0 127.000 0 1 0 0   2.800 0 0.5 0   1.000 0 0 0 1 0 0 1
50.000 1 0 0 0 1 145.000 0 264.000 0 1 0 0 1 0 0 0 150.000 0 1 0 0   0.000 0 0.0 1 0 1 0 0 0 1 0 1
57.000 1 0 0 0 1 140.000 0 214.000 0 1 0 0 0 1 0 0 144.000 0 0 1 0   2.000 0 0.5 0 0 1 0 1 0 0 0 1
52.000 1 0 0 1 0 140.000 0 259.000 0 1 0 0 0 1 0 0 170.000 0 1 0 0   0.000 0 0.0 1 0 1 0 0 0 1 1 0
57.000 1 0 0 0 1 110.000 0 197.000 0 1 0 0 0 0 1 0 100.000 0 1 0 0   0.000 0 0.0 1 0 1 0 0 0 1 1 0
55.000 1 0 1 0 0 130.000 0 262.000 0 1 0 0 1 0 0 0 155.000 0 1 0 0   0.000 0 1.0 0   0.000 0 1 0 0 0 1 0
42.000 1 1 0 0 0 148.000 0 244.000 0 1 0 0 0 0 1 0 178.000 0 1 0 0   0.800 0 1.0 0   2.000 0 1 0 0 0 1 0
51.000 1 0 0 0 1 110.000 0 0 1 0 0 1 1 0 0 0  92.000 0 1 0 0   0.000 0 0.5 0 0 1 0 0 0 1 0 1
46.000 0 0 0 0 1 138.000 0 243.000 0 1 0 0 0 0 1 0 152.000 0 0 1 0   0.000 0 0.5 0   0.000 0 1 0 0 0 1 0
55.000 1 0 0 0 1 116.000 0 186.000 0 0 1 0 0 1 0 0 102.000 0 1 0 0   0.000 0 0.0 1 0 1 0 0 0 1 0 1
58.000 1 0 0 0 1 132.000 0 458.000 0 0 1 0 1 0 0 0  69.000 0 1 0 0   1.000 0 0.0 0 0 1 0 0 0 1 1 0
53.000 1 0 0 0 1 154.000 0 0 1 0 0 1 0 1 0 0 140.000 0 0 1 0   1.500 0 0.5 0 0 1 0 0 0 1 0 1
52.000 1 0 0 0 1 165.000 0 0 1 0 0 1 1 0 0 0 122.000 0 0 1 0   1.000 0 1.0 0 0 1 0 0 1 0 0 1
64.000 1 0 0 0 1 110.000 0 0 1 0 0 1 1 0 0 0 114.000 0 0 1 0   1.300 0 0.0 0 0 1 0 0 0 1 0 1
62.000 1 1 0 0 0 120.000 0 0 1 0 0 1 0 0 1 0 134.000 0 1 0 0  -0.800 0 0.5 0   2.000 0 0 0 0 1 0 1
56.000 1 0 1 0 0 126.000 0 166.000 0 1 0 0 0 1 0 0 140.000 0 1 0 0   0.000 0 0.0 1 0 1 0 0 0 1 1 0
60.000 1 0 0 0 1 117.000 0 230.000 0 0 1 0 1 0 0 0 160.000 0 0 1 0   1.400 0 1.0 0   2.000 0 0 0 1 0 0 1
57.000 1 0 0 1 0 150.000 0 168.000 0 1 0 0 1 0 0 0 174.000 0 1 0 0   1.600 0 1.0 0   0.000 0 1 0 0 0 1 0
44.000 1 0 0 0 1 150.000 0 412.000 0 1 0 0 1 0 0 0 170.000 0 1 0 0   0.000 0 0.0 1 0 1 0 0 0 1 1 0
57.000 1 0 0 0 1  95.000 0 0 1 0 0 1 1 0 0 0 182.000 0 1 0 0   0.700 0 0.0 0 0 1 0 0 0 1 0 1
43.000 0 0 1 0 0 150.000 0 186.000 0 1 0 0 1 0 0 0 154.000 0 1 0 0   0.000 0 0.0 1 0 1 0 0 0 1 1 0
59.000 1 0 1 0 0 140.000 0 287.000 0 1 0 0 1 0 0 0 150.000 0 1 0 0   0.000 0 0.0 1 0 1 0 0 0 1 1 0
48.000 1 0 1 0 0 130.000 0 245.000 0 1 0 0 1 0 0 0 160.000 0 1 0 0   0.000 0 0.0 1 0 1 0 0 0 1 1 0
64.000 1 0 0 1 0 140.000 0 335.000 0 1 0 0 1 0 0 0 158.000 0 1 0 0   0.000 0 1.0 0   0.000 0 1 0 0 0 0 1
57.000 1 0 0 0 1 152.000 0 274.000 0 1 0 0 1 0 0 0  88.000 0 0 1 0   1.200 0 0.5 0   1.000 0 0 0 1 0 0 1
62.000 1 0 0 0 1 120.000 0 267.000 0 1 0 0 1 0 0 0  99.000 0 0 1 0   1.800 0 0.5 0   2.000 0 0 0 1 0 0 1
54.000 1 0 0 1 0 120.000 0 217.000 0 1 0 0 1 0 0 0 137.000 0 1 0 0   0.000 0 0.0 1 0 1 0 0 0 1 1 0
58.000 1 0 0 1 0 160.000 0 211.000 0 0 1 0 0 1 0 0  92.000 0 1 0 0   0.000 0 0.0 1 0 1 0 0 0 1 0 1
58.000 0 0 0 0 1 170.000 0 225.000 0 0 1 0 0 0 1 0 146.000 0 0 1 0   2.800 0 0.5 0   2.000 0 0 1 0 0 0 1
44.000 0 0 0 1 0 108.000 0 141.000 0 1 0 0 1 0 0 0 175.000 0 1 0 0   0.600 0 0.5 0   0.000 0 1 0 0 0 1 0
49.000 1 1 0 0 0 130.000 0 0 1 1 0 0 0 1 0 0 145.000 0 1 0 0   3.000 0 0.5 0 0 1 0 0 0 1 0 1
60.000 1 0 0 1 0 120.000 0 246.000 0 1 0 0 0 0 1 0 135.000 0 1 0 0   0.000 0 0.0 1 0 1 0 0 0 1 1 0
51.000 0 0 0 0 1 160.000 0 303.000 0 1 0 0 1 0 0 0 150.000 0 0 1 0   1.000 0 0.5 0 0 1 0 0 0 1 0 1
57.000 1 0 0 0 1 110.000 0 0 1 0 0 1 0 1 0 0 131.000 0 0 1 0   1.400 0 1.0 0   1.000 0 0 0 0 1 0 1
57.000 0 0 0 0 1 120.000 0 354.000 0 1 0 0 1 0 0 0 163.000 0 0 1 0   0.600 0 1.0 0   0.000 0 1 0 0 0 1 0
69.000 1 0 0 0 1 0 1 289.000 0 0 1 0 0 1 0 0 0 1 0 0 1 0 1 0.0 1 0 1 0 0 0 1 0 1
55.000 1 0 0 0 1 120.000 0 226.000 0 1 0 0 0 0 1 0 127.000 0 0 1 0   1.700 0 0.0 0 0 1 0 0 1 0 0 1
52.000 1 0 0 1 0 172.000 0 199.000 0 0 1 0 1 0 0 0 162.000 0 1 0 0   0.500 0 1.0 0   0.000 0 0 0 1 0 1 0
37.000 1 0 0 1 0 130.000 0 250.000 0 1 0 0 1 0 0 0 187.000 0 1 0 0   3.500 0 0.0 0   0.000 0 1 0 0 0 1 0
53.000 1 0 0 0 1 144.000 0 300.000 0 0 1 0 0 1 0 0 128.000 0 0 1 0   1.500 0 0.5 0 0 1 0 0 0 1 0 1
43.000 1 0 0 0 1 115.000 0 0 1 1 0 0 1 0 0 0 145.000 0 0 1 0   2.000 0 0.5 0 0 1 0 0 1 0 0 1
52.000 1 0 0 0 1 140.000 0 404.000 0 1 0 0 1 0 0 0 124.000 0 0 1 0   2.000 0 0.5 0 0 1 0 0 0 1 0 1
46.000 1 0 0 0 1 120.000 0 277.000 0 1 0 0 1 0 0 0 125.000 0 0 1 0   1.000 0 0.5 0 0 1 0 0 0 1 0 1
54.000 1 0 0 0 1 140.000 0 0 1 1 0 0 1 0 0 0 118.000 0 0 1 0   0.000 0 0.0 1 0 1 0 0 0 1 0 1
41.000 1 0 0 0 1 130.000 0 172.000 0 1 0 0 0 1 0 0 130.000 0 1 0 0   2.000 0 0.5 0 0 1 0 0 0 1 0 1
60.000 1 0 0 0 1 0 1 281.000 0 1 0 0 0 1 0 0 0 1 0 0 1 0 1 0.0 1 0 1 0 0 0 1 0 1
32.000 1 0 1 0 0 125.000 0 254.000 0 1 0 0 1 0 0 0 155.000 0 1 0 0   0.000 0 0.0 1 0 1 0 0 0 1 1 0
49.000 0 0 1 0 0 134.000 0 271.000 0 1 0 0 1 0 0 0 162.000 0 1 0 0   0.000 0 0.5 0   0.000 0 1 0 0 0 1 0
61.000 1 0 0 0 1 125.000 0 0 1 1 0 0 1 0 0 0 105.000 0 0 1 0   0.000 0 0.0 0 0 1 0 0 1 0 0 1
44.000 1 0 0 0 1 112.000 0 290.000 0 1 0 0 0 0 1 0 153.000 0 1 0 0   0.000 0 1.0 0   1.000 0 1 0 0 0 0 1
62.000 0 0 0 0 1 160.000 0 164.000 0 1 0 0 0 0 1 0 145.000 0 1 0 0   6.200 0 0.0 0   3.000 0 0 0 1 0 0 1
41.000 1 0 0 0 1 125.000 0 0 1 0 0 1 1 0 0 0 176.000 0 1 0 0   1.600 0 1.0 0 0 1 0 0 0 1 0 1
56.000 1 0 1 0 0 130.000 0 221.000 0 1 0 0 0 0 1 0 163.000 0 1 0 0   0.000 0 1.0 0   0.000 0 0 0 1 0 1 0
53.000 0 0 0 1 0 128.000 0 216.000 0 1 0 0 0 0 1 0 115.000 0 1 0 0   0.000 0 1.0 0   0.000 0 0 0 0 1 1 0
56.000 1 0 0 0 1 150.000 0 230.000 0 1 0 0 0 1 0 0 124.000 0 0 1 0   1.500 0 0.5 0 0 1 0 0 0 1 0 1
56.000 1 0 0 0 1 0 1 0 1 1 0 0 0 0 1 0 0 1 0 0 1 0 1 0.0 1 0 1 0 0 0 1 0 1
32.000 1 0 1 0 0 110.000 0 225.000 0 1 0 0 1 0 0 0 184.000 0 1 0 0   0.000 0 0.0 1 0 1 0 0 0 1 1 0
60.000 1 0 0 0 1 160.000 0 0 1 0 0 1 1 0 0 0 149.000 0 1 0 0   0.400 0 0.5 0 0 1 0 0 0 1 0 1
60.000 1 0 0 0 1 145.000 0 282.000 0 1 0 0 0 0 1 0 142.000 0 0 1 0   2.800 0 0.5 0   2.000 0 0 0 1 0 0 1
51.000 1 0 0 0 1 140.000 0 0 1 1 0 0 1 0 0 0  60.000 0 1 0 0   0.000 0 0.5 0 0 1 1 0 0 0 0 1
47.000 1 0 0 1 0 110.000 0 0 1 0 0 1 1 0 0 0 120.000 0 0 1 0   0.000 0 0.0 1 0 1 1 0 0 0 0 1
62.000 1 0 0 0 1 150.000 0 0 1 0 0 1 0 1 0 0  78.000 0 1 0 0   2.000 0 0.5 0 0 1 0 0 1 0 0 1
54.000 1 0 1 0 0 120.000 0 246.000 0 1 0 0 1 0 0 0 110.000 0 1 0 0   0.000 0 0.0 1 0 1 0 0 0 1 1 0
64.000 0 0 0 0 1 200.000 0 0 1 1 0 0 1 0 0 0 140.000 0 0 1 0   1.000 0 0.5 0 0 1 1 0 0 0 0 1
54.000 1 0 1 0 0 120.000 0 238.000 0 1 0 0 1 0 0 0 154.000 0 1 0 0   0.000 0 0.0 1 0 1 0 0 0 1 1 0
52.000 1 0 0 0 1 125.000 0 212.000 0 1 0 0 1 0 0 0 168.000 0 1 0 0   1.000 0 1.0 0   2.000 0 0 0 1 0 0 1
64.000 1 0 0 0 1 130.000 0 258.000 0 0 1 0 0 0 1 0 130.000 0 1 0 0   0.000 0 0.0 1 0 1 0 1 0 0 0 1
64.000 1 0 0 0 1 120.000 0 0 1 0 1 0 0 1 0 0 106.000 0 1 0 0   2.000 0 0.5 0 0 1 0 0 0 1 0 1
46.000 0 0 0 0 1 130.000 0 238.000 0 1 0 0 1 0 0 0  90.000 0 1 0 0   0.000 0 0.0 1 0 1 0 0 0 1 1 0
63.000 0 0 0 0 1 108.000 0 269.000 0 1 0 0 1 0 0 0 169.000 0 0 1 0   1.800 0 0.5 0   2.000 0 1 0 0 0 0 1
52.000 1 0 1 0 0 140.000 0 100.000 0 1 0 0 1 0 0 0 138.000 0 0 1 0   0.000 0 0.0 1 0 1 0 0 0 1 1 0
48.000 1 0 0 0 1 106.000 0 263.000 0 0 1 0 1 0 0 0 110.000 0 1 0 0   0.000 0 0.0 1 0 1 0 0 0 1 0 1
54.000 0 0 0 1 0 160.000 0 201.000 0 1 0 0 1 0 0 0 163.000 0 1 0 0   0.000 0 1.0 0   1.000 0 1 0 0 0 1 0
45.000 0 0 1 0 0 130.000 0 234.000 0 1 0 0 0 0 1 0 175.000 0 1 0 0   0.600 0 0.5 0   0.000 0 1 0 0 0 1 0
57.000 1 0 0 0 1 150.000 0 255.000 0 1 0 0 1 0 0 0  92.000 0 0 1 0   3.000 0 0.5 0 0 1 0 0 0 1 0 1
39.000 1 0 0 1 0 120.000 0 339.000 0 1 0 0 1 0 0 0 170.000 0 1 0 0   0.000 0 0.0 1 0 1 0 0 0 1 1 0
55.000 1 0 1 0 0 140.000 0 0 1 0 0 1 0 1 0 0 150.000 0 1 0 0   0.200 0 1.0 0 0 1 0 0 0 1 1 0
55.000 1 0 1 0 0 160.000 0 292.000 0 0 1 0 1 0 0 0 143.000 0 0 1 0   2.000 0 0.5 0 0 1 0 0 0 1 0 1
57.000 1 0 0 0 1 110.000 0 335.000 0 1 0 0 1 0 0 0 143.000 0 0 1 0   3.000 0 0.5 0   1.000 0 0 0 1 0 0 1
56.000 0 0 0 1 0 130.000 0 219.000 0 0 0 1 0 1 0 0 164.000 0 1 0 0   0.000 0 0.0 1 0 1 0 0 1 0 1 0
51.000 0 0 0 1 0 110.000 0 190.000 0 1 0 0 1 0 0 0 120.000 0 1 0 0   0.000 0 0.0 1 0 1 0 0 0 1 1 0
66.000 0 0 0 1 0 146.000 0 278.000 0 1 0 0 0 0 1 0 152.000 0 1 0 0   0.000 0 0.5 0   1.000 0 1 0 0 0 1 0
52.000 1 1 0 0 0 118.000 0 186.000 0 1 0 0 0 0 1 0 190.000 0 1 0 0   0.000 0 0.5 0   0.000 0 0 1 0 0 1 0
37.000 1 0 0 0 1 130.000 0 315.000 0 1 0 0 1 0 0 0 158.000 0 1 0 0   0.000 0 0.0 1 0 1 0 0 0 1 1 0
57.000 0 1 0 0 0 130.000 0 308.000 0 1 0 0 1 0 0 0  98.000 0 1 0 0   1.000 0 0.5 0 0 1 0 0 0 1 1 0
63.000 1 0 0 0 1 150.000 0 0 1 1 0 0 1 0 0 0  86.000 0 0 1 0   2.000 0 0.5 0 0 1 0 0 0 1 0 1
39.000 1 0 0 0 1 118.000 0 219.000 0 1 0 0 1 0 0 0 140.000 0 1 0 0   1.200 0 0.5 0   0.000 0 0 0 1 0 0 1
37.000 1 0 0 0 1 140.000 0 207.000 0 1 0 0 1 0 0 0 130.000 0 0 1 0   1.500 0 0.5 0 0 1 0 0 0 1 0 1
59.000 1 0 0 0 1 140.000 0 0 1 1 0 0 1 0 0 0 140.000 0 1 0 0   0.000 0 0.0 1   0.000 0 0 0 0 1 1 0
62.000 0 0 0 0 1 140.000 0 268.000 0 1 0 0 0 0 1 0 160.000 0 1 0 0   3.600 0 0.0 0   2.000 0 1 0 0 0 0 1
34.000 1 0 1 0 0 150.000 0 214.000 0 1 0 0 0 1 0 0 168.000 0 1 0 0   0.000 0 0.0 1 0 1 0 0 0 1 1 0
68.000 1 0 0 0 1 138.000 0 0 1 1 0 0 1 0 0 0 130.000 0 0 1 0   3.000 0 0.5 0 0 1 0 0 0 1 0 1
39.000 1 0 1 0 0 190.000 0 241.000 0 1 0 0 1 0 0 0 106.000 0 1 0 0   0.000 0 0.0 1 0 1 0 0 0 1 1 0
50.000 1 0 1 0 0 140.000 0 216.000 0 1 0 0 1 0 0 0 170.000 0 1 0 0   0.000 0 0.0 1 0 1 1 0 0 0 1 0
54.000 1 0 0 0 1 130.000 0 0 1 0 0 1 1 0 0 0 110.000 0 0 1 0   3.000 0 0.5 0 0 1 0 0 1 0 0 1
55.000 1 0 0 0 1 120.000 0 270.000 0 1 0 0 1 0 0 0 140.000 0 1 0 0   0.000 0 0.0 1 0 1 0 0 0 1 1 0
63.000 1 0 0 0 1 136.000 0 0 1 1 0 0 1 0 0 0  84.000 0 0 1 0   0.000 0 0.0 1 0 1 0 0 1 0 0 1
61.000 1 0 0 0 1 160.000 0 0 1 0 1 0 0 1 0 0 145.000 0 1 0 0   1.000 0 0.5 0 0 1 0 0 1 0 0 1
49.000 1 0 0 0 1 130.000 0 341.000 0 1 0 0 1 0 0 0 120.000 0 0 1 0   1.000 0 0.5 0 0 1 0 0 0 1 0 1
59.000 1 0 0 0 1 130.000 0 0 1 1 0 0 1 0 0 0 125.000 0 1 0 0   0.000 0 0.0 1 0 1 0 0 0 1 0 1
44.000 1 0 0 0 1 130.000 0 290.000 0 1 0 0 1 0 0 0 100.000 0 0 1 0   2.000 0 0.5 0 0 1 0 0 0 1 0 1
30.000 0 1 0 0 0 170.000 0 237.000 0 1 0 0 0 1 0 0 170.000 0 1 0 0   0.000 0 0.0 1 0 1 0 1 0 0 1 0
44.000 1 0 0 0 1 120.000 0 169.000 0 1 0 0 1 0 0 0 144.000 0 0 1 0   2.800 0 0.0 0   0.000 0 0 1 0 0 0 1
60.000 1 0 0 1 0 120.000 0 0 1 0 0 1 1 0 0 0 141.000 0 0 1 0   2.000 0 1.0 0 0 1 0 0 0 1 0 1
51.000 1 0 0 0 1 130.000 0 0 1 0 0 1 0 1 0 0 163.000 0 1 0 0   0.000 0 0.0 1 0 1 0 0 1 0 0 1
46.000 1 0 0 0 1 120.000 0 249.000 0 1 0 0 0 0 1 0 144.000 0 1 0 0   0.800 0 1.0 0   0.000 0 0 0 1 0 0 1
64.000 1 0 0 0 1 0 1 306.000 0 0 1 0 0 1 0 0 0 1 0 0 1 0 1 0.0 1 0 1 0 0 0 1 0 1
52.000 0 0 1 0 0 140.000 0 0 1 1 0 0 1 0 0 0 140.000 0 1 0 0   0.000 0 0.0 1 0 1 0 0 0 1 1 0
66.000 1 0 0 0 1 150.000 0 0 1 1 0 0 1 0 0 0 108.000 0 0 1 0   2.000 0 0.5 0 0 1 0 0 1 0 0 1
74.000 1 0 0 0 1 155.000 0 310.000 0 1 0 0 1 0 0 0 112.000 0 0 1 0   1.500 0 0.0 0 0 1 0 0 0 1 0 1
65.000 0 0 0 1 0 160.000 0 360.000 0 1 0 0 0 0 1 0 151.000 0 1 0 0   0.800 0 1.0 0   0.000 0 1 0 0 0 1 0
52.000 1 0 0 0 1 120.000 0 182.000 0 1 0 0 1 0 0 0 150.000 0 1 0 0   0.000 0 0.0 1 0 1 0 0 0 1 0 1
47.000 1 0 0 1 0 130.000 0 253.000 0 1 0 0 1 0 0 0 179.000 0 1 0 0   0.000 0 1.0 0   0.000 0 1 0 0 0 1 0
70.000 1 0 0 0 1 130.000 0 322.000 0 1 0 0 0 0 1 0 109.000 0 1 0 0   2.400 0 0.5 0   3.000 0 1 0 0 0 0 1
50.000 0 0 1 0 0 120.000 0 244.000 0 1 0 0 1 0 0 0 162.000 0 1 0 0   1.100 0 1.0 0   0.000 0 1 0 0 0 1 0
44.000 0 0 0 1 0 118.000 0 242.000 0 1 0 0 1 0 0 0 149.000 0 1 0 0   0.300 0 0.5 0   1.000 0 1 0 0 0 1 0
61.000 1 0 0 0 1 150.000 0 0 1 1 0 0 1 0 0 0 105.000 0 0 1 0   0.000 0 0.5 0 0 1 0 0 1 0 0 1
60.000 1 0 0 0 1 160.000 0 0 1 1 0 0 0 1 0 0  99.000 0 0 1 0   0.500 0 0.5 0 0 1 0 0 1 0 0 1
63.000 0 0 0 0 1 124.000 0 197.000 0 1 0 0 1 0 0 0 136.000 0 0 1 0   0.000 0 0.5 0   0.000 0 1 0 0 0 0 1
33.000 1 0 0 1 0 120.000 0 298.000 0 1 0 0 1 0 0 0 185.000 0 1 0 0   0.000 0 0.0 1 0 1 0 0 0 1 1 0
55.000 0 0 1 0 0 135.000 0 250.000 0 1 0 0 0 0 1 0 161.000 0 1 0 0   1.400 0 0.5 0   0.000 0 1 0 0 0 1 0
59.000 1 0 0 1 0 130.000 0 318.000 0 1 0 0 1 0 0 0 120.000 0 0 1 0   1.000 0 0.5 0 0 1 1 0 0 0 1 0
55.000 1 0 0 0 1 172.000 0 260.000 0 1 0 0 1 0 0 0  73.000 0 1 0 0   2.000 0 0.0 1 0 1 0 0 0 1 0 1
67.000 1 1 0 0 0 145.000 0 0 1 1 0 0 0 0 1 0 125.000 0 1 0 0   0.000 0 0.5 0 0 1 1 0 0 0 0 1
35.000 1 0 0 0 1 120.000 0 198.000 0 1 0 0 1 0 0 0 130.000 0 0 1 0   1.600 0 0.5 0   0.000 0 0 0 1 0 0 1
38.000 1 1 0 0 0 120.000 0 231.000 0 1 0 0 1 0 0 0 182.000 0 0 1 0   3.800 0 0.5 0   0.000 0 0 0 1 0 0 1
57.000 1 0 0 0 1 165.000 0 289.000 0 0 1 0 0 0 1 0 124.000 0 1 0 0   1.000 0 0.5 0   3.000 0 0 0 1 0 0 1
70.000 1 0 0 0 1 170.000 0 192.000 0 1 0 0 0 1 0 0 129.000 0 0 1 0   3.000 0 0.0 0 0 1 0 0 0 1 0 1
59.000 1 0 0 0 1 122.000 0 233.000 0 1 0 0 1 0 0 0 117.000 0 0 1 0   1.300 0 0.0 0 0 1 0 0 0 1 0 1
52.000 1 0 1 0 0 120.000 0 325.000 0 1 0 0 1 0 0 0 172.000 0 1 0 0   0.200 0 1.0 0   0.000 0 1 0 0 0 1 0
65.000 1 1 0 0 0 0 1 252.000 0 1 0 0 1 0 0 0 0 1 0 0 1 0 1 0.0 1 0 1 0 0 0 1 1 0
58.000 1 0 0 1 0 150.000 0 219.000 0 1 0 0 0 1 0 0 118.000 0 0 1 0   0.000 0 0.0 1 0 1 0 0 0 1 0 1
38.000 0 0 1 0 0 120.000 0 275.000 0 0 0 1 1 0 0 0 129.000 0 1 0 0   0.000 0 0.0 1 0 1 0 0 0 1 1 0
50.000 1 0 0 1 0 140.000 0 233.000 0 1 0 0 1 0 0 0 163.000 0 1 0 0   0.600 0 0.5 0   1.000 0 0 0 1 0 0 1
67.000 0 0 0 1 0 115.000 0 564.000 0 1 0 0 0 0 1 0 160.000 0 1 0 0   1.600 0 0.5 0   0.000 0 0 0 1 0 1 0
55.000 1 0 0 0 1 160.000 0 289.000 0 1 0 0 0 0 1 0 145.000 0 0 1 0   0.800 0 0.5 0   1.000 0 0 0 1 0 0 1
61.000 1 0 0 1 0 150.000 0 243.000 0 0 1 0 1 0 0 0 137.000 0 0 1 0   1.000 0 0.5 0   0.000 0 1 0 0 0 1 0
63.000 0 0 1 0 0 140.000 0 195.000 0 1 0 0 1 0 0 0 179.000 0 1 0 0   0.000 0 1.0 0   2.000 0 1 0 0 0 1 0
63.000 1 1 0 0 0 145.000 0 233.000 0 0 1 0 0 0 1 0 150.000 0 1 0 0   2.300 0 0.0 0   0.000 0 0 1 0 0 1 0
53.000 1 0 0 0 1 140.000 0 243.000 0 1 0 0 1 0 0 0 155.000 0 1 0 0   0.000 0 0.0 1 0 1 0 0 0 1 1 0
37.000 0 0 0 0 1 130.000 0 173.000 0 1 0 0 0 1 0 0 184.000 0 1 0 0   0.000 0 0.0 1 0 1 0 0 0 1 1 0
43.000 0 0 0 1 0 150.000 0 0 1 1 0 0 1 0 0 0 175.000 0 1 0 0   0.000 0 0.0 1 0 1 1 0 0 0 1 0
48.000 0 0 0 1 0 130.000 0 275.000 0 1 0 0 1 0 0 0 139.000 0 1 0 0   0.200 0 1.0 0   0.000 0 1 0 0 0 1 0
63.000 1 0 0 0 1 140.000 0 260.000 0 1 0 0 0 1 0 0 112.000 0 0 1 0   3.000 0 0.5 0 0 1 0 0 0 1 0 1
60.000 1 0 0 1 0 0 1 316.000 0 0 1 0 0 1 0 0 0 1 0 0 1 0 1 0.0 1 0 1 0 0 0 1 0 1
59.000 0 0 0 0 1 130.000 0 338.000 0 0 1 0 0 1 0 0 130.000 0 0 1 0   1.500 0 0.5 0 0 1 0 0 0 1 0 1
44.000 1 0 1 0 0 150.000 0 288.000 0 1 0 0 1 0 0 0 150.000 0 0 1 0   3.000 0 0.5 0 0 1 0 0 0 1 0 1
56.000 1 0 0 0 1 0 1 282.000 0 0 1 0 1 0 0 0 0 1 0 0 1 0 1 0.0 1 0 1 0 0 0 1 0 1
67.000 1 0 0 0 1 120.000 0 237.000 0 1 0 0 1 0 0 0  71.000 0 1 0 0   1.000 0 0.5 0   0.000 0 1 0 0 0 0 1
61.000 1 0 0 0 1 146.000 0 241.000 0 1 0 0 1 0 0 0 148.000 0 0 1 0   3.000 0 0.0 0 0 1 0 0 0 1 0 1
74.000 1 0 1 0 0 145.000 0 0 1 0 0 1 0 1 0 0 123.000 0 1 0 0   1.300 0 1.0 0 0 1 0 0 0 1 0 1
46.000 1 0 0 0 1 118.000 0 186.000 0 1 0 0 1 0 0 0 124.000 0 1 0 0   0.000 0 0.0 1 0 1 0 0 1 0 0 1
52.000 0 0 0 1 0 136.000 0 196.000 0 1 0 0 0 0 1 0 169.000 0 1 0 0   0.100 0 0.5 0   0.000 0 1 0 0 0 1 0
57.000 1 0 1 0 0 154.000 0 232.000 0 1 0 0 0 0 1 0 164.000 0 1 0 0   0.000 0 1.0 0   1.000 0 1 0 0 0 0 1
47.000 0 0 0 0 1 120.000 0 205.000 0 1 0 0 1 0 0 0  98.000 0 0 1 0   2.000 0 0.5 0 0 1 0 1 0 0 0 1
35.000 0 1 0 0 0 120.000 0 160.000 0 1 0 0 0 1 0 0 185.000 0 1 0 0   0.000 0 0.0 1 0 1 0 0 0 1 1 0
43.000 1 0 1 0 0 142.000 0 207.000 0 1 0 0 1 0 0 0 138.000 0 1 0 0   0.000 0 0.0 1 0 1 0 0 0 1 1 0
45.000 1 0 0 1 0 110.000 0 0 1 0 0 1 1 0 0 0 138.000 0 1 0 0  -0.100 0 1.0 0 0 1 0 0 0 1 1 0
56.000 1 0 0 0 1 115.000 0 0 1 0 0 1 0 1 0 0  82.000 0 1 0 0  -1.000 0 1.0 0 0 1 0 0 0 1 0 1
54.000 1 0 0 1 0 125.000 0 273.000 0 1 0 0 0 0 1 0 152.000 0 1 0 0   0.500 0 0.0 0   1.000 0 1 0 0 0 1 0
54.000 0 0 0 1 0 108.000 0 267.000 0 1 0 0 0 0 1 0 167.000 0 1 0 0   0.000 0 1.0 0   0.000 0 1 0 0 0 1 0
59.000 1 0 0 0 1 178.000 0 0 1 0 1 0 0 0 1 0 120.000 0 0 1 0   0.000 0 0.0 1 0 1 0 0 1 0 0 1
59.000 1 1 0 0 0 178.000 0 270.000 0 1 0 0 0 0 1 0 145.000 0 1 0 0   4.200 0 0.0 0   0.000 0 0 0 1 0 1 0
58.000 1 0 1 0 0 120.000 0 284.000 0 1 0 0 0 0 1 0 160.000 0 1 0 0   1.800 0 0.5 0   0.000 0 1 0 0 0 0 1
49.000 1 0 0 0 1 150.000 0 222.000 0 1 0 0 1 0 0 0 122.000 0 1 0 0   2.000 0 0.5 0 0 1 0 0 0 1 0 1
40.000 1 0 1 0 0 140.000 0 289.000 0 1 0 0 1 0 0 0 172.000 0 1 0 0   0.000 0 0.0 1 0 1 0 0 0 1 1 0
65.000 1 1 0 0 0 138.000 0 282.000 0 0 1 0 0 0 1 0 174.000 0 1 0 0   1.400 0 0.5 0   1.000 0 1 0 0 0 0 1
59.000 1 0 0 0 1 124.000 0 0 1 1 0 0 1 0 0 0 117.000 0 0 1 0   1.000 0 0.5 0 0 1 0 0 0 1 0 1
53.000 1 0 0 1 0 130.000 0 197.000 0 0 1 0 0 0 1 0 152.000 0 1 0 0   1.200 0 0.0 0   0.000 0 1 0 0 0 1 0
62.000 0 1 0 0 0 140.000 0 0 1 0 0 1 1 0 0 0 143.000 0 1 0 0   0.000 0 0.0 1 0 1 1 0 0 0 0 1
46.000 1 0 0 0 1 110.000 0 236.000 0 1 0 0 1 0 0 0 125.000 0 0 1 0   2.000 0 0.5 0 0 1 0 0 0 1 0 1
61.000 1 0 0 0 1 190.000 0 287.000 0 0 1 0 0 0 1 0 150.000 0 0 1 0   2.000 0 0.0 0 0 1 0 0 0 1 0 1
45.000 1 0 0 1 0 135.000 0 0 1 1 0 0 1 0 0 0 110.000 0 1 0 0   0.000 0 0.0 1 0 1 0 0 0 1 1 0
71.000 0 0 1 0 0 160.000 0 302.000 0 1 0 0 1 0 0 0 162.000 0 1 0 0   0.400 0 1.0 0   2.000 0 1 0 0 0 1 0
31.000 1 0 0 0 1 120.000 0 270.000 0 1 0 0 1 0 0 0 153.000 0 0 1 0   1.500 0 0.5 0 0 1 0 0 0 1 0 1
54.000 1 0 1 0 0 160.000 0 195.000 0 1 0 0 0 1 0 0 130.000 0 1 0 0   1.000 0 1.0 0 0 1 0 0 0 1 1 0
54.000 1 0 1 0 0 160.000 0 305.000 0 1 0 0 1 0 0 0 175.000 0 1 0 0   0.000 0 0.0 1 0 1 0 0 0 1 1 0
45.000 1 0 1 0 0 140.000 0 224.000 0 0 1 0 1 0 0 0 122.000 0 1 0 0   0.000 0 0.0 1 0 1 0 0 0 1 1 0
46.000 1 0 0 1 0 150.000 0 163.000 0 0 0 1 1 0 0 0 116.000 0 1 0 0   0.000 0 0.0 1 0 1 0 0 0 1 1 0
72.000 1 0 0 1 0 160.000 0 0 1 0 0 1 0 0 1 0 114.000 0 1 0 0   1.600 0 0.5 0   2.000 0 0 0 0 1 1 0
65.000 1 0 0 0 1 0 1 312.000 0 1 0 0 0 0 1 0 0 1 0 0 1 0 1 0.0 1 0 1 0 0 0 1 0 1
58.000 1 0 0 0 1 114.000 0 318.000 0 1 0 0 0 1 0 0 140.000 0 1 0 0   4.400 0 0.0 0   3.000 0 0 1 0 0 0 1
58.000 0 0 1 0 0 136.000 0 319.000 0 0 1 0 0 0 1 0 152.000 0 1 0 0   0.000 0 1.0 0   2.000 0 1 0 0 0 0 1
53.000 0 0 1 0 0 113.000 0 468.000 0 0 0 1 1 0 0 0 127.000 0 1 0 0   0.000 0 0.0 1 0 1 0 0 0 1 1 0
58.000 1 0 0 1 0 140.000 0 179.000 0 1 0 0 1 0 0 0 160.000 0 1 0 0   0.000 0 0.0 1 0 1 0 0 0 1 1 0
55.000 1 0 0 1 0 0 1 0 1 1 0 0 0 1 0 0 0 1 0 0 1 0 1 0.0 1 0 1 0 0 0 1 1 0
69.000 1 0 0 1 0 0 1 271.000 0 1 0 0 0 0 1 0 0 1 0 0 1 0 1 0.0 1 0 1 0 0 0 1 1 0
62.000 1 0 0 0 1 0 1 170.000 0 1 0 0 0 1 0 0 120.000 0 0 1 0   3.000 0 0.0 1 0 1 0 0 0 1 0 1
51.000 1 0 0 1 0 0 1 339.000 0 1 0 0 1 0 0 0 0 1 0 0 1 0 1 0.0 1 0 1 0 0 0 1 0 1
45.000 1 0 0 0 1 140.000 0 224.000 0 1 0 0 1 0 0 0 144.000 0 1 0 0   0.000 0 0.0 1 0 1 0 0 0 1 1 0
63.000 1 0 0 0 1 100.000 0 0 1 0 0 1 1 0 0 0 109.000 0 1 0 0  -0.900 0 0.5 0 0 1 0 0 0 1 0 1
29.000 1 0 1 0 0 120.000 0 243.000 0 1 0 0 1 0 0 0 160.000 0 1 0 0   0.000 0 0.0 1 0 1 0 0 0 1 1 0
68.000 1 0 0 1 0 180.000 0 274.000 0 0 1 0 0 0 1 0 150.000 0 0 1 0   1.600 0 0.5 0   0.000 0 0 0 1 0 0 1
49.000 1 0 0 0 1 130.000 0 206.000 0 1 0 0 1 0 0 0 170.000 0 1 0 0   0.000 0 0.0 1 0 1 0 0 0 1 0 1
58.000 1 0 0 0 1 170.000 0 0 1 0 0 1 0 1 0 0 105.000 0 0 1 0   0.000 0 0.0 1 0 1 1 0 0 0 0 1
58.000 1 0 0 0 1 115.000 0 0 1 0 0 1 1 0 0 0 138.000 0 1 0 0   0.500 0 1.0 0 0 1 0 0 0 1 0 1
41.000 1 0 1 0 0 110.000 0 235.000 0 1 0 0 1 0 0 0 153.000 0 1 0 0   0.000 0 1.0 0   0.000 0 1 0 0 0 1 0
75.000 1 0 0 0 1 160.000 0 310.000 0 0 1 0 1 0 0 0 112.000 0 0 1 0   2.000 0 0.0 0 0 1 0 0 1 0 1 0
56.000 1 0 0 1 0 125.000 0 0 1 0 0 1 1 0 0 0  98.000 0 1 0 0  -2.000 0 0.5 0 0 1 0 0 1 0 0 1
52.000 1 0 1 0 0 128.000 0 205.000 0 0 1 0 1 0 0 0 184.000 0 1 0 0   0.000 0 1.0 0   0.000 0 1 0 0 0 1 0
68.000 1 0 0 0 1 144.000 0 193.000 0 0 1 0 1 0 0 0 141.000 0 1 0 0   3.400 0 0.5 0   2.000 0 0 0 1 0 0 1
64.000 1 0 0 0 1 130.000 0 223.000 0 1 0 0 0 1 0 0 128.000 0 1 0 0   0.500 0 0.5 0 0 1 0 0 0 1 1 0
71.000 1 0 0 1 0 0 1 221.000 0 1 0 0 1 0 0 0 0 1 0 0 1 0 1 0.0 1 0 1 0 0 0 1 0 1
55.000 0 0 0 0 1 180.000 0 327.000 0 1 0 0 0 1 0 0 117.000 0 0 1 0   3.400 0 0.5 0   0.000 0 1 0 0 0 0 1
47.000 1 0 0 1 0 108.000 0 243.000 0 1 0 0 1 0 0 0 152.000 0 1 0 0   0.000 0 1.0 0   0.000 0 1 0 0 0 0 1
39.000 1 0 1 0 0 120.000 0 200.000 0 1 0 0 1 0 0 0 160.000 0 0 1 0   1.000 0 0.5 0 0 1 0 0 0 1 1 0
69.000 1 0 0 0 1 122.000 0 216.000 0 0 1 0 0 0 1 0  84.000 0 0 1 0   0.000 0 0.0 1 0 1 0 0 1 0 0 1
58.000 1 0 1 0 0 130.000 0 251.000 0 1 0 0 1 0 0 0 110.000 0 1 0 0   0.000 0 0.0 1 0 1 0 0 0 1 1 0
68.000 1 0 0 0 1 145.000 0 0 1 0 0 1 1 0 0 0 136.000 0 1 0 0   1.800 0 1.0 0 0 1 0 0 0 1 0 1
61.000 1 0 1 0 0 0 1 283.000 0 1 0 0 1 0 0 0 0 1 0 0 1 0 1 0.0 1 0 1 0 0 0 1 1 0
51.000 1 0 1 0 0 125.000 0 188.000 0 1 0 0 1 0 0 0 145.000 0 1 0 0   0.000 0 0.0 1 0 1 0 0 0 1 1 0
43.000 1 0 0 0 1 120.000 0 177.000 0 1 0 0 0 0 1 0 120.000 0 0 1 0   2.500 0 0.5 0   0.000 0 0 0 1 0 0 1
59.000 1 0 0 0 1 138.000 0 271.000 0 1 0 0 0 0 1 0 182.000 0 1 0 0   0.000 0 1.0 0   0.000 0 1 0 0 0 1 0
49.000 1 0 0 0 1 120.000 0 297.000 0 0 0 1 1 0 0 0 132.000 0 1 0 0   1.000 0 0.5 0 0 1 0 0 0 1 1 0
54.000 0 0 1 0 0 130.000 0 253.000 0 1 0 0 0 1 0 0 155.000 0 1 0 0   0.000 0 0.0 1 0 1 0 0 0 1 1 0
61.000 1 0 0 0 1 150.000 0 0 1 1 0 0 1 0 0 0 117.000 0 0 1 0   2.000 0 0.5 0 0 1 0 0 1 0 0 1
62.000 1 0 1 0 0 128.000 0 208.000 0 0 1 0 0 0 1 0 140.000 0 1 0 0   0.000 0 1.0 0   0.000 0 1 0 0 0 1 0
51.000 1 0 0 0 1 140.000 0 298.000 0 1 0 0 1 0 0 0 122.000 0 0 1 0   4.200 0 0.5 0   3.000 0 0 0 1 0 0 1
45.000 1 0 0 1 0 0 1 236.000 0 1 0 0 1 0 0 0 0 1 0 0 1 0 1 0.0 1 0 1 0 0 0 1 1 0
58.000 1 0 0 1 0 0 1 232.000 0 1 0 0 0 1 0 0 0 1 0 0 1 0 1 0.0 1 0 1 0 0 0 1 0 1
43.000 1 0 0 0 1 140.000 0 288.000 0 1 0 0 1 0 0 0 135.000 0 0 1 0   2.000 0 0.5 0 0 1 0 0 0 1 0 1
61.000 1 0 0 0 1 130.000 0 0 1 0 0 1 1 0 0 0  77.000 0 1 0 0   2.500 0 0.5 0 0 1 0 0 0 1 0 1
59.000 1 0 0 0 1 120.000 0 0 1 1 0 0 1 0 0 0 115.000 0 1 0 0   0.000 0 0.5 0 0 1 1 0 0 0 0 1
42.000 0 0 0 1 0 120.000 0 209.000 0 1 0 0 1 0 0 0 173.000 0 1 0 0   0.000 0 0.5 0   0.000 0 1 0 0 0 1 0
65.000 0 0 0 0 1 150.000 0 225.000 0 1 0 0 0 0 1 0 114.000 0 1 0 0   1.000 0 0.5 0   3.000 0 0 0 1 0 0 1
63.000 0 0 0 1 0 135.000 0 252.000 0 1 0 0 0 0 1 0 172.000 0 1 0 0   0.000 0 1.0 0   0.000 0 1 0 0 0 1 0
33.000 0 0 0 0 1 100.000 0 246.000 0 1 0 0 1 0 0 0 150.000 0 0 1 0   1.000 0 0.5 0 0 1 0 0 0 1 0 1
68.000 1 0 0 1 0 118.000 0 277.000 0 1 0 0 1 0 0 0 151.000 0 1 0 0   1.000 0 1.0 0   1.000 0 0 0 1 0 1 0
48.000 1 0 0 0 1 124.000 0 274.000 0 1 0 0 0 0 1 0 166.000 0 1 0 0   0.500 0 0.5 0   0.000 0 0 0 1 0 0 1
58.000 1 0 0 1 0 132.000 0 224.000 0 1 0 0 0 0 1 0 173.000 0 1 0 0   3.200 0 1.0 0   2.000 0 0 0 1 0 0 1
67.000 1 0 0 0 1 160.000 0 384.000 0 0 1 0 0 1 0 0 130.000 0 0 1 0   0.000 0 0.5 0 0 1 0 0 0 1 0 1
48.000 0 0 0 1 0 120.000 0 195.000 0 1 0 0 1 0 0 0 125.000 0 1 0 0   0.000 0 0.0 1 0 1 0 0 0 1 1 0
48.000 1 0 0 1 0 132.000 0 220.000 0 0 1 0 0 1 0 0 162.000 0 1 0 0   0.000 0 0.0 1 0 1 0 1 0 0 0 1
57.000 1 0 1 0 0 140.000 0 265.000 0 1 0 0 0 1 0 0 145.000 0 0 1 0   1.000 0 0.5 0 0 1 0 0 0 1 0 1
46.000 1 0 0 1 0 120.000 0 230.000 0 1 0 0 1 0 0 0 150.000 0 1 0 0   0.000 0 0.0 1 0 1 0 0 0 1 1 0
59.000 1 0 0 0 1 140.000 0 0 1 1 0 0 0 1 0 0 117.000 0 0 1 0   1.000 0 0.5 0 0 1 0 0 0 1 0 1
42.000 1 0 0 0 1 136.000 0 315.000 0 1 0 0 1 0 0 0 125.000 0 0 1 0   1.800 0 0.5 0   0.000 0 0 1 0 0 0 1
65.000 1 0 0 0 1 120.000 0 177.000 0 1 0 0 1 0 0 0 140.000 0 1 0 0   0.400 0 1.0 0   0.000 0 0 0 1 0 1 0
65.000 1 0 0 0 1 110.000 0 248.000 0 1 0 0 0 0 1 0 158.000 0 1 0 0   0.600 0 1.0 0   2.000 0 0 1 0 0 0 1
64.000 1 0 0 0 1 144.000 0 0 1 1 0 0 0 1 0 0 122.000 0 0 1 0   1.000 0 0.5 0 0 1 0 0 0 1 0 1
63.000 0 0 1 0 0 0 1 0 1 1 0 0 1 0 0 0 0 1 0 0 1 0 1 0.0 1 0 1 0 0 0 1 1 0
56.000 0 0 1 0 0 120.000 0 279.000 0 1 0 0 1 0 0 0 150.000 0 1 0 0   1.000 0 0.5 0 0 1 0 0 0 1 0 1
44.000 1 0 1 0 0 120.000 0 184.000 0 1 0 0 1 0 0 0 142.000 0 1 0 0   1.000 0 0.5 0 0 1 0 0 0 1 1 0
55.000 1 0 0 0 1 122.000 0 223.000 0 0 1 0 0 1 0 0 100.000 0 1 0 0   0.000 0 0.0 1 0 1 0 1 0 0 0 1
47.000 1 0 0 0 1 150.000 0 226.000 0 1 0 0 1 0 0 0  98.000 0 0 1 0   1.500 0 0.5 0   0.000 0 0 0 1 0 0 1
63.000 1 0 0 1 0 130.000 0 0 1 0 1 0 0 1 0 0 160.000 0 1 0 0   3.000 0 0.5 0 0 1 0 0 0 1 1 0
47.000 0 0 1 0 0 140.000 0 257.000 0 1 0 0 1 0 0 0 135.000 0 1 0 0   1.000 0 1.0 0 0 1 0 0 0 1 1 0
39.000 1 0 0 0 1 110.000 0 273.000 0 1 0 0 1 0 0 0 132.000 0 1 0 0   0.000 0 0.0 1 0 1 0 0 0 1 1 0
61.000 1 0 0 0 1 110.000 0 0 1 0 0 1 1 0 0 0 113.000 0 1 0 0   1.400 0 0.5 0 0 1 0 0 0 1 0 1
53.000 1 0 0 0 1  80.000 0 0 1 0 0 1 1 0 0 0 141.000 0 0 1 0   2.000 0 0.0 0 0 1 0 0 0 1 1 0
59.000 1 1 0 0 0 170.000 0 288.000 0 1 0 0 0 0 1 0 159.000 0 1 0 0   0.200 0 0.5 0   0.000 0 0 0 1 0 0 1
43.000 0 0 1 0 0 120.000 0 201.000 0 1 0 0 1 0 0 0 165.000 0 1 0 0   0.000 0 0.0 1 0 1 0 0 0 1 1 0
50.000 1 0 0 1 0 129.000 0 196.000 0 1 0 0 1 0 0 0 163.000 0 1 0 0   0.000 0 1.0 0   0.000 0 1 0 0 0 1 0
57.000 1 0 1 0 0 140.000 0 260.000 0 0 1 0 1 0 0 0 140.000 0 1 0 0   0.000 0 0.0 1 0 1 0 1 0 0 1 0
36.000 1 0 0 1 0 112.000 0 340.000 0 1 0 0 1 0 0 0 184.000 0 1 0 0   1.000 0 0.5 0 0 1 1 0 0 0 1 0
56.000 1 0 1 0 0 120.000 0 240.000 0 1 0 0 1 0 0 0 169.000 0 1 0 0   0.000 0 0.0 0   0.000 0 1 0 0 0 1 0
58.000 1 0 0 0 1 150.000 0 270.000 0 1 0 0 0 0 1 0 111.000 0 0 1 0   0.800 0 1.0 0   0.000 0 0 0 1 0 0 1
41.000 1 0 0 0 1 150.000 0 171.000 0 1 0 0 1 0 0 0 128.000 0 0 1 0   1.500 0 0.5 0 0 1 0 0 0 1 1 0
56.000 1 0 0 0 1 125.000 0 0 1 0 1 0 1 0 0 0 103.000 0 0 1 0   1.000 0 0.5 0 0 1 0 0 1 0 0 1
60.000 1 0 1 0 0 160.000 0 267.000 0 0 1 0 0 1 0 0 157.000 0 1 0 0   0.500 0 0.5 0 0 1 0 0 0 1 0 1
45.000 1 0 0 0 1 130.000 0 219.000 0 1 0 0 0 1 0 0 130.000 0 0 1 0   1.000 0 0.5 0 0 1 0 0 0 1 0 1
53.000 1 0 0 1 0 105.000 0 0 1 1 0 0 1 0 0 0 115.000 0 1 0 0   0.000 0 0.5 0 0 1 0 0 1 0 0 1
59.000 1 0 0 0 1 140.000 0 264.000 0 0 1 0 0 0 1 0 119.000 0 0 1 0   0.000 0 0.0 1 0 1 0 0 0 1 0 1
38.000 1 0 0 0 1 110.000 0 0 1 1 0 0 1 0 0 0 150.000 0 0 1 0   1.000 0 0.5 0 0 1 0 0 0 1 0 1
52.000 1 0 1 0 0 134.000 0 201.000 0 1 0 0 1 0 0 0 158.000 0 1 0 0   0.800 0 1.0 0   1.000 0 1 0 0 0 1 0
62.000 1 0 0 0 1 158.000 0 210.000 0 0 1 0 1 0 0 0 112.000 0 0 1 0   3.000 0 0.0 0 0 1 0 0 0 1 0 1
53.000 1 0 0 0 1 130.000 0 182.000 0 1 0 0 1 0 0 0 148.000 0 1 0 0   0.000 0 0.0 1 0 1 0 0 0 1 1 0
54.000 1 0 0 0 1 130.000 0 202.000 0 0 1 0 1 0 0 0 112.000 0 0 1 0   2.000 0 0.5 0 0 1 0 0 0 1 0 1
58.000 1 0 0 0 1 0 1 385.000 0 0 1 0 0 0 1 0 0 1 0 0 1 0 1 0.0 1 0 1 0 0 0 1 1 0
34.000 1 1 0 0 0 118.000 0 182.000 0 1 0 0 0 0 1 0 174.000 0 1 0 0   0.000 0 1.0 0   0.000 0 1 0 0 0 1 0
51.000 1 0 0 0 1  95.000 0 0 1 0 0 1 1 0 0 0 126.000 0 1 0 0   2.200 0 0.5 0 0 1 0 0 0 1 0 1
43.000 1 0 0 0 1 150.000 0 247.000 0 1 0 0 1 0 0 0 171.000 0 1 0 0   1.500 0 1.0 0   0.000 0 1 0 0 0 1 0
59.000 1 1 0 0 0 160.000 0 273.000 0 1 0 0 0 0 1 0 125.000 0 1 0 0   0.000 0 1.0 0   0.000 0 1 0 0 0 0 1
42.000 0 0 0 0 1 102.000 0 265.000 0 1 0 0 0 0 1 0 122.000 0 1 0 0   0.600 0 0.5 0   0.000 0 1 0 0 0 1 0
39.000 1 0 1 0 0 120.000 0 204.000 0 1 0 0 1 0 0 0 145.000 0 1 0 0   0.000 0 0.0 1 0 1 0 0 0 1 1 0
58.000 1 0 0 1 0 130.000 0 213.000 0 1 0 0 0 1 0 0 140.000 0 1 0 0   0.000 0 0.0 1 0 1 0 1 0 0 0 1
60.000 1 0 0 1 0 115.000 0 0 1 0 0 1 1 0 0 0 143.000 0 1 0 0   2.400 0 1.0 0 0 1 0 0 0 1 0 1
39.000 0 0 0 1 0 110.000 0 182.000 0 1 0 0 0 1 0 0 180.000 0 1 0 0   0.000 0 0.0 1 0 1 0 0 0 1 1 0
51.000 1 0 0 1 0  94.000 0 227.000 0 1 0 0 1 0 0 0 154.000 0 0 1 0   0.000 0 1.0 0   1.000 0 0 0 1 0 1 0
50.000 1 0 0 0 1 140.000 0 341.000 0 1 0 0 0 1 0 0 125.000 0 0 1 0   2.500 0 0.5 0 0 1 0 0 0 1 0 1
54.000 0 0 1 0 0 132.000 0 288.000 0 0 1 0 0 0 1 0 159.000 0 0 1 0   0.000 0 1.0 0   1.000 0 1 0 0 0 1 0
41.000 1 0 0 0 1 104.000 0 0 1 1 0 0 0 1 0 0 111.000 0 1 0 0   0.000 0 0.0 1 0 1 0 0 0 1 1 0
54.000 0 0 1 0 0 120.000 0 221.000 0 1 0 0 1 0 0 0 138.000 0 1 0 0   1.000 0 1.0 0 0 1 0 0 0 1 1 0
42.000 1 0 0 1 0 130.000 0 180.000 0 1 0 0 1 0 0 0 150.000 0 1 0 0   0.000 0 1.0 0   0.000 0 1 0 0 0 1 0
43.000 1 0 0 0 1 150.000 0 247.000 0 1 0 0 1 0 0 0 130.000 0 0 1 0   2.000 0 0.5 0 0 1 0 0 0 1 0 1
54.000 0 0 0 1 0 135.000 0 304.000 0 0 1 0 1 0 0 0 170.000 0 1 0 0   0.000 0 1.0 0   0.000 0 1 0 0 0 1 0
53.000 1 0 0 0 1 180.000 0 285.000 0 1 0 0 0 1 0 0 120.000 0 0 1 0   1.500 0 0.5 0 0 1 0 0 0 1 0 1
56.000 1 0 0 1 0 130.000 0 256.000 0 0 1 0 0 0 1 0 142.000 0 0 1 0   0.600 0 0.5 0   1.000 0 0 1 0 0 0 1
41.000 0 0 1 0 0 110.000 0 250.000 0 1 0 0 0 1 0 0 142.000 0 1 0 0   0.000 0 0.0 1 0 1 0 0 0 1 1 0
59.000 1 0 0 1 0 0 1 0 1 1 0 0 1 0 0 0 128.000 0 0 1 0   2.000 0 0.0 0 0 1 0 0 0 1 0 1
34.000 0 0 1 0 0 130.000 0 161.000 0 1 0 0 1 0 0 0 190.000 0 1 0 0   0.000 0 0.0 1 0 1 0 0 0 1 1 0
61.000 0 0 0 0 1 130.000 0 330.000 0 1 0 0 0 0 1 0 169.000 0 1 0 0   0.000 0 1.0 0   0.000 0 1 0 0 0 0 1
55.000 0 0 1 0 0 122.000 0 320.000 0 1 0 0 1 0 0 0 155.000 0 1 0 0   0.000 0 0.0 1 0 1 0 0 0 1 1 0
48.000 0 0 0 0 1 108.000 0 163.000 0 1 0 0 1 0 0 0 175.000 0 1 0 0   2.000 0 1.0 0 0 1 0 0 0 1 1 0
62.000 1 0 0 0 1 160.000 0 254.000 0 0 1 0 0 1 0 0 108.000 0 0 1 0   3.000 0 0.5 0 0 1 0 0 0 1 0 1
72.000 1 0 0 1 0 120.000 0 214.000 0 1 0 0 1 0 0 0 102.000 0 0 1 0   1.000 0 0.5 0 0 1 0 0 0 1 0 1
47.000 1 0 0 0 1 110.000 0 275.000 0 1 0 0 0 0 1 0 118.000 0 0 1 0   1.000 0 0.5 0   1.000 0 1 0 0 0 0 1
57.000 1 0 1 0 0 180.000 0 285.000 0 0 1 0 0 1 0 0 120.000 0 1 0 0   0.800 0 0.0 1 0 1 0 0 0 1 0 1
62.000 1 0 0 1 0 160.000 0 0 1 1 0 0 1 0 0 0  72.000 0 0 1 0   0.000 0 0.5 0 0 1 1 0 0 0 0 1
63.000 1 0 1 0 0 0 1 217.000 0 0 1 0 0 1 0 0 0 1 0 0 1 0 1 0.0 1 0 1 0 0 0 1 0 1
76.000 1 0 0 1 0 104.000 0 0 1 1 0 0 0 0 1 0 120.000 0 1 0 0   3.500 0 0.0 0 0 1 0 0 0 1 0 1
70.000 1 0 1 0 0 156.000 0 245.000 0 1 0 0 0 0 1 0 143.000 0 1 0 0   0.000 0 1.0 0   0.000 0 1 0 0 0 1 0
60.000 1 0 0 0 1 130.000 0 186.000 0 0 1 0 0 0 1 0 140.000 0 0 1 0   0.500 0 0.5 0 0 1 0 0 0 1 0 1
55.000 1 0 1 0 0 140.000 0 196.000 0 1 0 0 1 0 0 0 150.000 0 1 0 0   0.000 0 0.0 1 0 1 0 0 1 0 1 0
52.000 1 0 0 0 1 108.000 0 233.000 0 0 1 0 1 0 0 0 147.000 0 1 0 0   0.100 0 1.0 0   3.000 0 0 0 1 0 1 0
41.000 1 0 1 0 0 120.000 0 291.000 0 1 0 0 0 1 0 0 160.000 0 1 0 0   0.000 0 0.0 1 0 1 0 0 0 1 1 0
56.000 1 0 0 0 1 120.000 0 0 1 1 0 0 0 1 0 0 148.000 0 1 0 0   0.000 0 0.5 0 0 1 0 0 0 1 0 1
44.000 0 0 0 0 1 120.000 0 218.000 0 1 0 0 0 1 0 0 115.000 0 1 0 0   0.000 0 0.0 1 0 1 0 0 0 1 1 0
56.000 1 0 0 0 1 125.000 0 249.000 0 0 1 0 0 0 1 0 144.000 0 0 1 0   1.200 0 0.5 0   1.000 0 1 0 0 0 0 1
44.000 1 0 0 1 0 120.000 0 226.000 0 1 0 0 1 0 0 0 169.000 0 1 0 0   0.000 0 1.0 0   0.000 0 1 0 0 0 1 0
53.000 1 0 0 1 0 130.000 0 246.000 0 0 1 0 0 0 1 0 173.000 0 1 0 0   0.000 0 1.0 0   3.000 0 1 0 0 0 1 0
59.000 1 0 0 1 0 126.000 0 218.000 0 0 1 0 1 0 0 0 134.000 0 1 0 0   2.200 0 0.5 0   1.000 0 0 1 0 0 0 1
61.000 1 0 0 0 1 120.000 0 282.000 0 1 0 0 0 1 0 0 135.000 0 0 1 0   4.000 0 0.0 0 0 1 0 1 0 0 0 1
61.000 1 0 0 1 0 0 1 284.000 0 1 0 0 1 0 0 0 0 1 0 0 1 0 1 0.0 1 0 1 0 0 0 1 0 1
69.000 1 0 0 0 1 140.000 0 208.000 0 1 0 0 0 1 0 0 140.000 0 0 1 0   2.000 0 0.0 1 0 1 0 0 0 1 0 1
63.000 1 0 1 0 0 0 1 165.000 0 1 0 0 0 1 0 0 0 1 0 0 1 0 1 0.0 1 0 1 0 0 0 1 1 0
61.000 0 0 0 0 1 145.000 0 307.000 0 1 0 0 0 0 1 0 146.000 0 0 1 0   1.000 0 0.5 0   0.000 0 0 0 1 0 0 1
53.000 1 0 0 0 1 126.000 0 0 1 1 0 0 1 0 0 0 106.000 0 1 0 0   0.000 0 0.0 1 0 1 0 0 0 1 0 1
42.000 1 0 0 0 1 140.000 0 226.000 0 1 0 0 1 0 0 0 178.000 0 1 0 0   0.000 0 1.0 0   0.000 0 1 0 0 0 1 0
51.000 1 0 0 1 0 125.000 0 245.000 0 0 1 0 0 0 1 0 166.000 0 1 0 0   2.400 0 0.5 0   0.000 0 1 0 0 0 1 0
54.000 0 0 0 0 1 127.000 0 333.000 0 0 1 0 0 1 0 0 154.000 0 1 0 0   0.000 0 0.0 1 0 1 0 0 0 1 0 1
35.000 1 0 1 0 0 150.000 0 264.000 0 1 0 0 1 0 0 0 168.000 0 1 0 0   0.000 0 0.0 1 0 1 0 0 0 1 1 0
53.000 1 0 0 0 1 120.000 0 0 1 0 0 1 1 0 0 0 120.000 0 1 0 0   0.000 0 0.5 0 0 1 0 0 1 0 0 1
54.000 1 0 0 0 1 136.000 0 220.000 0 1 0 0 1 0 0 0 140.000 0 0 1 0   3.000 0 0.5 0 0 1 0 0 0 1 0 1
56.000 1 0 0 0 1 120.000 0 100.000 0 1 0 0 1 0 0 0 120.000 0 0 1 0   1.500 0 0.5 0   0.000 0 0 0 1 0 0 1
60.000 1 0 0 0 1 132.000 0 218.000 0 1 0 0 0 1 0 0 140.000 0 0 1 0   1.500 0 0.0 0 0 1 0 0 0 1 0 1
58.000 1 0 0 1 0 150.000 0 219.000 0 1 0 0 0 1 0 0 118.000 0 0 1 0   0.000 0 0.0 1 0 1 0 0 0 1 0 1
58.000 1 0 0 1 0 140.000 0 211.000 0 0 1 0 0 0 1 0 165.000 0 1 0 0   0.000 0 1.0 0   0.000 0 1 0 0 0 1 0
50.000 0 0 0 0 1 120.000 0 328.000 0 1 0 0 1 0 0 0 110.000 0 0 1 0   1.000 0 0.5 0 0 1 0 0 0 1 1 0
50.000 1 0 0 0 1 0 1 218.000 0 1 0 0 1 0 0 0 0 1 0 0 1 0 1 0.0 1 0 1 0 0 0 1 0 1
53.000 1 0 0 0 1 140.000 0 203.000 0 0 1 0 0 0 1 0 155.000 0 0 1 0   3.100 0 0.0 0   0.000 0 0 0 1 0 0 1
56.000 1 0 0 1 0 155.000 0 0 1 1 0 0 0 1 0 0  99.000 0 1 0 0   0.000 0 0.5 0 0 1 1 0 0 0 0 1
42.000 1 0 1 0 0 150.000 0 268.000 0 1 0 0 1 0 0 0 136.000 0 1 0 0   0.000 0 0.0 1 0 1 0 0 0 1 1 0
51.000 0 0 0 0 1 114.000 0 258.000 0 0 1 0 0 0 1 0  96.000 0 1 0 0   1.000 0 1.0 0 0 1 0 0 0 1 1 0
63.000 1 0 0 0 1 140.000 0 0 1 0 0 1 0 0 1 0 149.000 0 1 0 0   2.000 0 1.0 0 0 1 0 0 0 1 0 1
65.000 1 0 0 0 1 155.000 0 0 1 0 0 1 1 0 0 0 154.000 0 1 0 0   1.000 0 1.0 0 0 1 0 0 0 1 1 0
44.000 1 0 0 1 0 140.000 0 235.000 0 1 0 0 0 0 1 0 180.000 0 1 0 0   0.000 0 1.0 0   0.000 0 1 0 0 0 1 0
35.000 0 0 0 0 1 138.000 0 183.000 0 1 0 0 1 0 0 0 182.000 0 1 0 0   1.400 0 1.0 0   0.000 0 1 0 0 0 1 0
38.000 1 0 0 0 1 120.000 0 282.000 0 1 0 0 1 0 0 0 170.000 0 1 0 0   0.000 0 0.0 1 0 1 0 0 0 1 0 1
54.000 1 0 0 0 1 150.000 0 365.000 0 1 0 0 0 1 0 0 134.000 0 1 0 0   1.000 0 1.0 0 0 1 0 0 0 1 1 0
48.000 0 0 0 0 1 120.000 0 254.000 0 1 0 0 0 1 0 0 110.000 0 1 0 0   0.000 0 0.0 1 0 1 0 0 0 1 1 0
60.000 1 0 0 1 0 180.000 0 0 1 1 0 0 0 1 0 0 140.000 0 0 1 0   1.500 0 0.5 0 0 1 0 0 0 1 1 0
61.000 1 0 0 0 1 140.000 0 207.000 0 1 0 0 0 0 1 0 138.000 0 0 1 0   1.900 0 1.0 0   1.000 0 0 0 1 0 0 1
51.000 0 0 0 1 0 150.000 0 200.000 0 1 0 0 1 0 0 0 120.000 0 1 0 0   0.500 0 1.0 0 0 1 0 0 0 1 1 0
74.000 1 0 0 0 1 150.000 0 258.000 0 0 1 0 0 1 0 0 130.000 0 0 1 0   4.000 0 0.0 0 0 1 0 0 0 1 0 1
57.000 1 0 0 0 1 160.000 0 0 1 0 0 1 1 0 0 0  98.000 0 0 1 0   2.000 0 0.5 0 0 1 0 0 1 0 0 1
64.000 0 0 0 0 1 142.000 0 276.000 0 1 0 0 1 0 0 0 140.000 0 0 1 0   1.000 0 0.5 0 0 1 0 0 1 0 0 1
62.000 1 0 1 0 0 120.000 0 254.000 0 1 0 0 0 0 1 0  93.000 0 0 1 0   0.000 0 0.0 1 0 1 0 0 0 1 0 1
38.000 1 0 0 1 0 115.000 0 0 1 1 0 0 1 0 0 0 128.000 0 0 1 0   0.000 0 0.5 0 0 1 0 0 1 0 0 1
52.000 0 0 0 1 0 125.000 0 272.000 0 1 0 0 1 0 0 0 139.000 0 1 0 0   0.000 0 0.0 1 0 1 0 0 0 1 1 0
48.000 1 0 1 0 0 130.000 0 245.000 0 1 0 0 0 0 1 0 180.000 0 1 0 0   0.200 0 0.5 0   0.000 0 1 0 0 0 1 0
46.000 0 0 1 0 0 105.000 0 204.000 0 1 0 0 1 0 0 0 172.000 0 1 0 0   0.000 0 1.0 0   0.000 0 1 0 0 0 1 0
58.000 1 0 0 0 1 116.000 0 0 1 1 0 0 1 0 0 0 124.000 0 1 0 0   1.000 0 1.0 0 0 1 0 0 0 1 0 1
40.000 1 1 0 0 0 140.000 0 199.000 0 1 0 0 1 0 0 0 178.000 0 0 1 0   1.400 0 1.0 0   0.000 0 0 0 1 0 1 0
73.000 0 0 0 1 0 160.000 0 0 1 1 0 0 0 1 0 0 121.000 0 1 0 0   0.000 0 1.0 0 0 1 1 0 0 0 0 1
48.000 1 0 0 1 0 124.000 0 255.000 0 0 1 0 1 0 0 0 175.000 0 1 0 0   0.000 0 1.0 0   2.000 0 1 0 0 0 1 0
64.000 1 0 0 0 1 128.000 0 263.000 0 1 0 0 1 0 0 0 105.000 0 0 1 0   0.200 0 0.5 0   1.000 0 0 0 1 0 1 0
57.000 1 0 0 0 1 140.000 0 192.000 0 1 0 0 1 0 0 0 148.000 0 1 0 0   0.400 0 0.5 0   0.000 0 0 1 0 0 1 0
42.000 0 0 0 1 0 115.000 0 211.000 0 1 0 0 0 1 0 0 137.000 0 1 0 0   0.000 0 0.0 1 0 1 0 0 0 1 1 0
51.000 1 0 0 0 1 140.000 0 299.000 0 1 0 0 1 0 0 0 173.000 0 0 1 0   1.600 0 1.0 0   0.000 0 0 0 1 0 0 1
67.000 1 1 0 0 0 142.000 0 270.000 0 0 1 0 1 0 0 0 125.000 0 1 0 0   2.500 0 1.0 0 0 1 0 0 0 1 0 1
62.000 0 0 0 0 1 120.000 0 0 1 0 0 1 0 1 0 0 123.000 0 0 1 0   1.700 0 0.0 0 0 1 0 0 0 1 0 1
51.000 0 0 0 1 0 140.000 0 308.000 0 1 0 0 0 0 1 0 142.000 0 1 0 0   1.500 0 1.0 0   1.000 0 1 0 0 0 1 0
51.000 1 0 0 1 0 100.000 0 222.000 0 1 0 0 1 0 0 0 143.000 0 0 1 0   1.200 0 0.5 0   0.000 0 1 0 0 0 1 0
71.000 0 0 0 1 0 110.000 0 265.000 0 0 1 0 0 0 1 0 130.000 0 1 0 0   0.000 0 1.0 0   1.000 0 1 0 0 0 1 0
46.000 1 0 0 1 0 150.000 0 231.000 0 1 0 0 1 0 0 0 147.000 0 1 0 0   3.600 0 0.5 0   0.000 0 1 0 0 0 0 1
38.000 1 0 0 0 1 135.000 0 0 1 0 0 1 1 0 0 0 150.000 0 1 0 0   0.000 0 0.0 1 0 1 1 0 0 0 0 1
53.000 1 0 0 0 1 120.000 0 246.000 0 1 0 0 1 0 0 0 116.000 0 0 1 0   0.000 0 0.0 1 0 1 0 0 0 1 0 1
52.000 1 1 0 0 0 152.000 0 298.000 0 0 1 0 1 0 0 0 178.000 0 1 0 0   1.200 0 0.5 0   0.000 0 0 0 1 0 1 0
53.000 1 0 1 0 0 120.000 0 0 1 1 0 0 1 0 0 0  95.000 0 1 0 0   0.000 0 0.5 0 0 1 1 0 0 0 0 1
58.000 1 0 0 0 1 110.000 0 198.000 0 1 0 0 1 0 0 0 110.000 0 1 0 0   0.000 0 0.0 1 0 1 0 0 0 1 0 1
46.000 1 0 0 0 1 115.000 0 0 1 1 0 0 1 0 0 0 113.000 0 0 1 0   1.500 0 0.5 0 0 1 0 0 1 0 0 1
61.000 1 0 0 1 0 200.000 0 0 1 0 0 1 0 1 0 0  70.000 0 1 0 0   0.000 0 0.0 1 0 1 1 0 0 0 0 1
51.000 0 0 0 0 1 130.000 0 305.000 0 1 0 0 1 0 0 0 142.000 0 0 1 0   1.200 0 0.5 0   0.000 0 0 0 1 0 0 1
41.000 0 0 1 0 0 125.000 0 184.000 0 1 0 0 1 0 0 0 180.000 0 1 0 0   0.000 0 0.0 1 0 1 0 0 0 1 1 0
71.000 1 0 0 0 1 130.000 0 221.000 0 1 0 0 0 1 0 0 115.000 0 0 1 0   0.000 0 0.0 1 0 1 0 0 0 1 0 1
43.000 1 0 0 1 0 130.000 0 315.000 0 1 0 0 1 0 0 0 162.000 0 1 0 0   1.900 0 1.0 0   1.000 0 1 0 0 0 1 0
35.000 1 0 1 0 0 122.000 0 192.000 0 1 0 0 1 0 0 0 174.000 0 1 0 0   0.000 0 1.0 0   0.000 0 1 0 0 0 1 0
53.000 1 0 0 0 1 125.000 0 0 1 0 0 1 1 0 0 0 120.000 0 1 0 0   1.500 0 1.0 0 0 1 0 0 0 1 0 1
77.000 1 0 0 0 1 125.000 0 304.000 0 1 0 0 0 0 1 0 162.000 0 0 1 0   0.000 0 1.0 0   3.000 0 1 0 0 0 0 1
54.000 1 0 0 0 1 110.000 0 239.000 0 1 0 0 1 0 0 0 126.000 0 0 1 0   2.800 0 0.5 0   1.000 0 0 0 1 0 0 1
49.000 1 0 0 1 0 115.000 0 265.000 0 1 0 0 1 0 0 0 175.000 0 1 0 0   0.000 0 0.0 1 0 1 0 0 0 1 0 1
54.000 1 0 0 0 1 130.000 0 242.000 0 1 0 0 1 0 0 0  91.000 0 0 1 0   1.000 0 0.5 0 0 1 0 0 0 1 0 1
48.000 0 0 0 0 1 138.000 0 214.000 0 1 0 0 1 0 0 0 108.000 0 0 1 0   1.500 0 0.5 0 0 1 0 0 0 1 0 1
52.000 1 0 0 1 0 122.000 0 0 1 1 0 0 1 0 0 0 110.000 0 0 1 0   2.000 0 0.0 0 0 1 0 0 0 1 0 1
46.000 1 0 0 0 1 134.000 0 310.000 0 1 0 0 1 0 0 0 126.000 0 1 0 0   0.000 0 0.0 1 0 1 1 0 0 0 0 1
57.000 0 0 0 0 1 140.000 0 241.000 0 1 0 0 1 0 0 0 123.000 0 0 1 0   0.200 0 0.5 0   0.000 0 0 0 1 0 0 1
53.000 1 0 0 0 1 142.000 0 226.000 0 1 0 0 0 0 1 0 111.000 0 0 1 0   0.000 0 1.0 0   0.000 0 0 0 1 0 1 0
52.000 1 0 0 1 0 138.000 0 223.000 0 1 0 0 1 0 0 0 169.000 0 1 0 0   0.000 0 1.0 0 0 1 1 0 0 0 1 0
53.000 1 0 1 0 0 120.000 0 0 1 1 0 0 1 0 0 0 132.000 0 1 0 0   0.000 0 0.0 1 0 1 0 0 0 1 1 0
49.000 0 0 0 1 0 160.000 0 180.000 0 1 0 0 1 0 0 0 156.000 0 1 0 0   1.000 0 0.5 0 0 1 0 0 0 1 0 1
66.000 1 0 0 0 1 112.000 0 261.000 0 1 0 0 1 0 0 0 140.000 0 1 0 0   1.500 0 1.0 0 0 1 0 0 0 1 0 1
62.000 1 0 0 1 0 0 1 204.000 0 1 0 0 0 1 0 0 0 1 0 0 1 0 1 0.0 1 0 1 0 0 0 1 0 1
57.000 0 0 0 0 1 180.000 0 347.000 0 1 0 0 0 1 0 0 126.000 0 0 1 0   0.800 0 0.5 0 0 1 0 0 0 1 1 0
49.000 1 0 1 0 0 130.000 0 266.000 0 1 0 0 1 0 0 0 171.000 0 1 0 0   0.600 0 1.0 0   0.000 0 1 0 0 0 1 0
55.000 1 1 0 0 0 140.000 0 295.000 0 1 0 0 0 0 0 1 136.000 0 1 0 0   0.000 0 0.0 1 0 1 0 0 0 1 0 1
54.000 0 0 0 1 0 110.000 0 214.000 0 1 0 0 1 0 0 0 158.000 0 1 0 0   1.600 0 0.5 0   0.000 0 1 0 0 0 1 0
41.000 1 0 1 0 0 125.000 0 269.000 0 1 0 0 1 0 0 0 144.000 0 1 0 0   0.000 0 0.0 1 0 1 0 0 0 1 1 0
67.000 1 0 0 0 1 160.000 0 286.000 0 1 0 0 0 0 1 0 108.000 0 0 1 0   1.500 0 0.5 0   3.000 0 1 0 0 0 0 1
47.000 1 0 0 0 1 140.000 0 276.000 0 0 1 0 1 0 0 0 125.000 0 0 1 0   0.000 0 0.0 1 0 1 0 0 0 1 1 0
63.000 1 0 0 0 1 170.000 0 177.000 0 1 0 0 1 0 0 0  84.000 0 0 1 0   2.500 0 0.0 0 0 1 0 0 0 1 0 1
45.000 1 0 1 0 0 128.000 0 308.000 0 1 0 0 0 0 1 0 170.000 0 1 0 0   0.000 0 1.0 0   0.000 0 1 0 0 0 1 0
52.000 1 0 0 0 1 160.000 0 246.000 0 1 0 0 0 1 0 0  82.000 0 0 1 0   4.000 0 0.5 0 0 1 0 0 0 1 0 1
59.000 1 0 0 0 1 140.000 0 274.000 0 1 0 0 1 0 0 0 154.000 0 0 1 0   2.000 0 0.5 0 0 1 0 0 0 1 1 0
34.000 1 0 1 0 0  98.000 0 220.000 0 1 0 0 1 0 0 0 150.000 0 1 0 0   0.000 0 0.0 1 0 1 0 0 0 1 1 0
56.000 1 0 0 0 1 130.000 0 203.000 0 0 1 0 1 0 0 0  98.000 0 1 0 0   1.500 0 0.5 0 0 1 0 0 1 0 0 1
65.000 1 0 0 0 1 150.000 0 236.000 0 0 1 0 0 1 0 0 105.000 0 0 1 0   0.000 0 0.0 1 0 1 0 0 0 1 0 1
41.000 0 0 0 1 0 112.000 0 268.000 0 1 0 0 0 0 1 0 172.000 0 0 1 0   0.000 0 1.0 0   0.000 0 1 0 0 0 1 0
44.000 1 0 0 0 1 110.000 0 197.000 0 1 0 0 0 0 1 0 177.000 0 1 0 0   0.000 0 1.0 0   1.000 0 1 0 0 0 0 1
42.000 1 0 1 0 0 120.000 0 198.000 0 1 0 0 1 0 0 0 155.000 0 1 0 0   0.000 0 0.0 1 0 1 0 0 0 1 1 0
45.000 1 0 0 0 1 120.000 0 225.000 0 1 0 0 1 0 0 0 140.000 0 1 0 0   0.000 0 0.0 1 0 1 0 0 0 1 1 0
51.000 1 0 0 1 0 110.000 0 175.000 0 1 0 0 1 0 0 0 123.000 0 1 0 0   0.600 0 1.0 0   0.000 0 1 0 0 0 1 0
59.000 1 0 0 0 1 154.000 0 0 1 1 0 0 0 1 0 0 131.000 0 0 1 0   1.500 0 0.0 1   0.000 0 0 0 0 1 1 0
40.000 1 0 0 0 1  95.000 0 0 1 0 0 1 0 1 0 0 144.000 0 1 0 0   0.000 0 1.0 0 0 1 0 0 0 1 0 1
48.000 1 0 1 0 0 100.000 0 0 1 1 0 0 1 0 0 0 100.000 0 1 0 0   0.000 0 0.0 1 0 1 0 0 0 1 1 0
49.000 1 0 0 0 1 128.000 0 212.000 0 1 0 0 1 0 0 0  96.000 0 0 1 0   0.000 0 0.0 1 0 1 0 0 0 1 0 1
38.000 1 0 0 0 1 110.000 0 289.000 0 1 0 0 1 0 0 0 105.000 0 0 1 0   1.500 0 0.0 0 0 1 0 0 0 1 0 1
58.000 0 0 1 0 0 180.000 0 393.000 0 1 0 0 1 0 0 0 110.000 0 0 1 0   1.000 0 0.5 0 0 1 0 0 1 0 0 1
55.000 1 0 0 0 1 115.000 0 0 1 0 0 1 1 0 0 0 155.000 0 1 0 0   0.100 0 0.5 0 0 1 0 0 0 1 0 1
61.000 1 0 0 0 1 125.000 0 292.000 0 1 0 0 0 1 0 0 115.000 0 0 1 0   0.000 0 0.0 1 0 1 0 0 0 1 1 0
44.000 1 0 1 0 0 130.000 0 219.000 0 1 0 0 0 0 1 0 188.000 0 1 0 0   0.000 0 1.0 0   0.000 0 1 0 0 0 1 0
56.000 1 0 0 0 1 170.000 0 388.000 0 1 0 0 0 1 0 0 122.000 0 0 1 0   2.000 0 0.5 0 0 1 0 0 0 1 0 1
34.000 1 1 0 0 0 140.000 0 156.000 0 1 0 0 1 0 0 0 180.000 0 1 0 0   0.000 0 0.0 1 0 1 0 0 0 1 0 1
59.000 1 0 0 1 0 150.000 0 212.000 0 0 1 0 1 0 0 0 157.000 0 1 0 0   1.600 0 1.0 0   0.000 0 1 0 0 0 1 0
53.000 1 0 0 1 0 160.000 0 0 1 0 0 1 0 0 1 0 122.000 0 0 1 0   0.000 0 0.0 1 0 1 0 0 1 0 0 1
67.000 1 0 0 1 0 152.000 0 212.000 0 1 0 0 0 0 1 0 150.000 0 1 0 0   0.800 0 0.5 0   0.000 0 0 0 1 0 0 1
44.000 1 0 1 0 0 120.000 0 263.000 0 1 0 0 1 0 0 0 173.000 0 1 0 0   0.000 0 1.0 0   0.000 0 0 0 1 0 1 0
54.000 1 0 0 0 1 140.000 0 239.000 0 1 0 0 1 0 0 0 160.000 0 1 0 0   1.200 0 1.0 0   0.000 0 1 0 0 0 1 0
60.000 1 0 0 0 1 120.000 0 0 1 1 0 0 1 0 0 0 133.000 0 0 1 0   2.000 0 1.0 0 0 1 0 0 1 0 1 0
57.000 1 0 1 0 0 124.000 0 261.000 0 1 0 0 1 0 0 0 141.000 0 1 0 0   0.300 0 1.0 0   0.000 0 0 0 1 0 0 1
51.000 1 0 0 1 0 135.000 0 160.000 0 1 0 0 1 0 0 0 150.000 0 1 0 0   2.000 0 0.5 0 0 1 0 0 0 1 0 1
60.000 1 0 0 0 1 125.000 0 0 1 0 0 1 1 0 0 0 110.000 0 1 0 0   0.100 0 1.0 0   2.000 0 0 0 0 1 0 1
48.000 1 0 0 0 1 122.000 0 222.000 0 1 0 0 0 0 1 0 186.000 0 1 0 0   0.000 0 1.0 0   0.000 0 1 0 0 0 1 0
70.000 1 0 0 0 1 115.000 0 0 1 1 0 0 0 1 0 0  92.000 0 0 1 0   0.000 0 0.5 0 0 1 0 0 1 0 0 1
47.000 1 0 0 0 1 160.000 0 291.000 0 1 0 0 0 1 0 0 158.000 0 0 1 0   3.000 0 0.5 0 0 1 0 0 0 1 0 1
42.000 1 0 1 0 0 120.000 0 295.000 0 1 0 0 1 0 0 0 162.000 0 1 0 0   0.000 0 1.0 0   0.000 0 1 0 0 0 1 0
47.000 0 0 0 1 0 135.000 0 248.000 0 0 1 0 1 0 0 0 170.000 0 1 0 0   0.000 0 0.0 1 0 1 0 0 0 1 0 1
47.000 1 0 0 0 1 160.000 0 0 1 1 0 0 1 0 0 0 124.000 0 0 1 0   0.000 0 0.5 0 0 1 0 0 1 0 0 1
50.000 1 0 0 0 1 140.000 0 231.000 0 1 0 0 0 1 0 0 140.000 0 0 1 0   5.000 0 0.5 0 0 1 0 0 0 1 0 1
55.000 1 0 0 1 0 0 1 228.000 0 1 0 0 0 1 0 0 0 1 0 0 1 0 1 0.0 1 0 1 0 0 0 1 0 1
