;
205
;
4 106.000 6 2 1 2 4 2 1  96.500 167.500  65.200  53.300 2236.000 4 4 110.000 1   3.150   3.580   9.000  86.000 5800.000  27.000  33.000 7895.000
6  94.000 21 2 1 1 3 2 1  97.300 171.700  65.500  55.700 2212.000 4 4 109.000 6   3.190   3.400   9.000  85.000 5250.000  27.000  34.000 8195.000
4 X 21 2 1 1 2 2 1 100.400 183.100  66.900  55.100 2563.000 4 4 109.000 6   3.190   3.400   9.000  88.000 5500.000  25.000  31.000 12290.000
4 161.000 14 2 1 1 3 3 1 107.900 186.700  68.400  56.700 3075.000 3 4 120.000 6   3.460   2.190   8.400  95.000 5000.000  19.000  24.000 15580.000
3  65.000 20 2 1 1 3 2 1 102.400 175.600  66.500  54.900 2414.000 4 4 122.000 6   3.310   3.540   8.700  92.000 4200.000  27.000  32.000 10898.000
7 150.000 18 2 1 2 4 2 1  99.100 186.600  66.500  56.100 2658.000 4 4 121.000 6   3.540   3.070   9.310 110.000 5250.000  21.000  28.000 11850.000
3  93.000 10 1 2 1 3 3 1 110.000 190.900  70.300  56.500 3515.000 4 5 183.000 4   3.580   3.640  21.500 123.000 4350.000  22.000  25.000 25552.000
5  74.000 20 2 1 1 4 2 1  95.700 158.700  63.600  54.500 2015.000 4 4  92.000 2   3.050   3.030   9.000  62.000 4800.000  31.000  38.000 6488.000
5 113.000 9 2 1 1 3 2 1  93.100 166.800  64.200  54.100 1950.000 4 4  91.000 2   3.080   3.150   9.000  68.000 5000.000  31.000  38.000 7395.000
5  98.000 4 2 1 2 4 2 1  94.500 155.900  63.600  52.000 1874.000 4 4  90.000 2   3.030   3.110   9.600  70.000 5400.000  38.000  43.000 6295.000
4  81.000 4 2 1 1 3 2 1  94.500 158.800  63.600  52.000 1909.000 4 4  90.000 2   3.030   3.110   9.600  70.000 5400.000  38.000  43.000 6575.000
4 X 7 2 1 1 3 2 1  94.500 155.900  63.600  52.000 1909.000 4 4  90.000 2   3.030   3.110   9.600  70.000 5400.000  38.000  43.000   0.000
6  94.000 21 2 1 1 3 2 1  97.300 171.700  65.500  55.700 2275.000 4 4 109.000 6   3.190   3.400   9.000  85.000 5250.000  27.000  34.000 8495.000
3 X 10 2 1 1 3 3 1 115.600 202.600  71.700  56.500 3740.000 6 8 234.000 6   3.460   3.100   8.300 155.000 4750.000  16.000  18.000 34184.000
3  95.000 22 1 2 1 3 3 1 109.100 188.800  68.900  55.500 3217.000 4 6 145.000 4   3.010   3.400  23.000 106.000 4800.000  26.000  27.000 22470.000
7 X 1 2 1 2 5 3 1  88.600 168.800  64.100  48.800 2548.000 1 4 130.000 6   3.470   2.680   9.000 111.000 5000.000  21.000  27.000 13495.000
4 161.000 14 1 2 1 3 3 1 107.900 186.700  68.400  56.700 3252.000 3 4 152.000 4   3.700   3.520  21.000  95.000 4150.000  28.000  33.000 17950.000
7 142.000 10 2 1 2 5 3 1  96.600 180.300  70.500  50.800 3685.000 6 8 234.000 6   3.460   3.100   8.300 155.000 4750.000  16.000  18.000 35056.000
5 129.000 9 2 1 2 4 2 1  98.800 177.800  66.500  53.700 2385.000 4 4 122.000 2   3.390   3.390   8.600  84.000 4800.000  26.000  32.000 8845.000
5 101.000 6 2 1 2 4 2 1  93.700 150.000  64.000  52.600 1837.000 4 4  79.000 1   2.910   3.070  10.100  60.000 5500.000  38.000  42.000 5399.000
6 134.000 20 2 1 2 1 3 1  98.400 176.200  65.600  52.000 2679.000 4 4 146.000 6   3.620   3.500   9.300 116.000 4800.000  24.000  30.000 11199.000
6  83.000 19 2 1 2 4 2 1  93.700 157.900  63.600  53.700 2120.000 5 4 108.000 2   3.620   2.640   8.700  73.000 4400.000  26.000  31.000 7053.000
5 X 7 2 1 2 3 2 1  94.500 155.900  63.600  52.000 1874.000 4 4  90.000 2   3.030   3.110   9.600  70.000 5400.000  38.000  43.000   0.000
6 137.000 6 2 1 2 4 2 1  86.600 144.600  63.900  50.800 1713.000 4 4  92.000 1   2.910   3.410   9.600  58.000 4800.000  49.000  54.000 6479.000
4  91.000 20 2 1 1 3 2 1  95.700 166.300  64.400  53.000 2081.000 4 4  98.000 2   3.190   3.030   9.000  70.000 4800.000  30.000  37.000 6938.000
4  85.000 19 2 2 1 2 1 1  96.900 173.600  65.400  54.900 2650.000 5 4 108.000 6   3.620   2.640   7.700 111.000 4800.000  23.000  23.000 11694.000
5 128.000 13 2 1 2 4 2 1  94.500 165.600  63.800  53.300 2028.000 4 4  97.000 2   3.150   3.290   9.400  69.000 5200.000  31.000  37.000 7799.000
5 148.000 5 2 1 1 3 2 1  93.700 157.300  63.800  50.600 1989.000 4 4  90.000 2   2.970   3.230   9.400  68.000 5500.000  31.000  38.000 6692.000
5 X 2 2 1 1 2 2 1 105.800 192.700  71.400  55.700 2954.000 4 5 136.000 6   3.190   3.400   8.500 110.000 5500.000  19.000  25.000 18920.000
2 103.000 22 2 2 1 3 3 1 104.300 188.800  67.200  56.200 3045.000 4 4 130.000 6   3.620   3.150   7.500 162.000 5100.000  17.000  22.000 18420.000
5 118.000 5 2 1 2 4 2 1  93.700 157.300  63.800  50.800 1876.000 4 4  90.000 2   2.970   3.230   9.400  68.000 5500.000  31.000  38.000 6377.000
4 161.000 14 1 2 1 3 3 1 107.900 186.700  68.400  56.700 3252.000 3 4 152.000 4   3.700   3.520  21.000  95.000 4150.000  28.000  33.000 16900.000
5 148.000 5 2 1 1 3 2 1  93.700 157.300  63.800  50.600 1989.000 4 4  90.000 2   2.970   3.230   9.400  68.000 5500.000  31.000  38.000 7609.000
5 122.000 13 2 1 1 3 2 1  94.500 165.300  63.800  54.500 1971.000 4 4  97.000 2   3.150   3.290   9.400  69.000 5200.000  31.000  37.000 7499.000
4  85.000 6 2 1 1 3 2 1  96.500 175.400  62.500  54.100 2372.000 4 4 110.000 1   3.150   3.580   9.000  86.000 5800.000  27.000  33.000 10295.000
4  91.000 20 2 1 1 4 2 1  95.700 166.300  64.400  52.800 2122.000 4 4  98.000 2   3.190   3.030   9.000  70.000 4800.000  28.000  34.000 8358.000
4 X 21 2 1 1 3 2 1 100.400 180.200  66.900  55.100 2661.000 4 5 136.000 6   3.190   3.400   8.500 110.000 5500.000  19.000  24.000 13295.000
7 X 1 2 1 2 5 3 1  88.600 168.800  64.100  48.800 2548.000 1 4 130.000 6   3.470   2.680   9.000 111.000 5000.000  21.000  27.000 16500.000
6 X 7 2 1 2 4 3 1  96.000 172.600  65.200  51.400 2734.000 4 4 119.000 8   3.430   3.230   9.200  90.000 5000.000  24.000  29.000 11048.000
6  83.000 19 2 1 2 4 1 1  93.300 157.300  63.800  55.700 2240.000 5 4 108.000 2   3.620   2.640   8.700  73.000 4400.000  26.000  31.000 7603.000
4 X 17 2 1 1 2 2 1  96.100 181.500  66.500  55.200 2579.000 4 4 132.000 6   3.460   3.900   8.700 X X  23.000  31.000 9295.000
6 X 2 2 1 2 3 2 1  99.800 177.300  66.300  53.100 2507.000 4 5 136.000 6   3.190   3.400   8.500 110.000 5500.000  19.000  25.000 15250.000
7 150.000 18 2 2 2 4 2 1  99.100 186.600  66.500  56.100 2808.000 1 4 121.000 6   3.540   3.070   9.000 160.000 5500.000  19.000  26.000 18150.000
4 X 8 2 1 2 3 3 1 102.000 191.700  70.600  47.800 3950.000 6 12 326.000 6   3.540   2.760  11.500 262.000 5000.000  13.000  17.000 36000.000
3  74.000 22 2 2 1 2 3 1 104.300 188.800  67.200  57.500 3157.000 4 4 130.000 6   3.620   3.150   7.500 162.000 5100.000  17.000  22.000 18950.000
7 153.000 12 2 2 2 4 2 1  96.300 173.000  65.400  49.400 2370.000 4 4 110.000 7   3.170   3.460   7.500 116.000 5500.000  23.000  30.000 9959.000
5 168.000 20 2 1 2 3 3 1  94.500 168.700  64.000  52.600 2169.000 4 4  98.000 2   3.190   3.030   9.000  70.000 4800.000  29.000  34.000 8058.000
3 110.000 5 2 1 1 2 2 1 103.300 174.600  64.600  59.800 2535.000 4 4 122.000 2   3.340   3.460   8.500  88.000 5000.000  24.000  30.000 8921.000
7 150.000 9 2 1 2 4 3 1  95.300 169.000  65.700  49.600 2380.000 7 2  70.000 3 X X   9.400 101.000 6000.000  17.000  23.000 11845.000
6 137.000 6 2 1 2 4 2 1  86.600 144.600  63.900  50.800 1819.000 4 4  92.000 1   2.910   3.410   9.200  76.000 6000.000  31.000  38.000 6855.000
6 122.000 21 2 1 2 3 2 1  97.300 171.700  65.500  55.700 2209.000 4 4 109.000 6   3.190   3.400   9.000  85.000 5250.000  27.000  34.000 7975.000
5  87.000 20 2 1 2 4 2 1  95.700 158.700  63.600  54.500 1985.000 4 4  92.000 2   3.050   3.030   9.000  62.000 4800.000  35.000  39.000 5348.000
4  85.000 19 2 1 1 2 1 1  96.900 173.600  65.400  54.900 2420.000 5 4 108.000 2   3.620   2.640   9.000  82.000 4800.000  23.000  29.000 8013.000
3  95.000 22 2 1 1 3 3 1 109.100 188.800  68.900  55.500 3012.000 6 6 173.000 6   3.580   2.870   8.800 134.000 5500.000  18.000  23.000 21485.000
5 161.000 12 2 2 2 4 2 1  93.000 157.300  63.800  50.800 2145.000 4 4  98.000 7   3.030   3.390   7.600 102.000 5500.000  24.000  30.000 7689.000
4 115.000 9 2 1 1 4 2 1  98.800 177.800  66.500  55.500 2425.000 4 4 122.000 2   3.390   3.390   8.600  84.000 4800.000  26.000  32.000 11245.000
6 104.000 18 2 1 1 3 2 1  99.100 186.600  66.500  56.100 2758.000 4 4 121.000 6   3.540   3.070   9.300 110.000 5250.000  21.000  28.000 15510.000
5 X 3 2 1 1 3 3 1 103.500 189.000  66.900  55.700 3055.000 4 6 164.000 6   3.310   3.190   9.000 121.000 4250.000  20.000  25.000 24565.000
4 192.000 3 2 1 1 3 3 1 101.200 176.800  64.800  54.300 2395.000 4 4 108.000 6   3.500   2.800   8.800 101.000 5800.000  23.000  29.000 16925.000
5 168.000 20 2 1 2 3 3 1  94.500 168.700  64.000  52.600 2265.000 1 4  98.000 6   3.240   3.080   9.400 112.000 6600.000  26.000  29.000 9298.000
5 158.000 2 2 2 1 3 2 1 105.800 192.700  71.400  55.900 3086.000 4 5 131.000 6   3.130   3.400   8.300 140.000 5500.000  17.000  20.000 23875.000
5 119.000 15 2 1 2 4 2 1  93.700 157.300  63.800  50.800 1918.000 4 4  90.000 2   2.970   3.230   9.400  68.000 5500.000  37.000  41.000 5572.000
5 154.000 15 2 1 1 3 2 1  93.700 167.300  63.800  50.800 1989.000 4 4  90.000 2   2.970   3.230   9.400  68.000 5500.000  31.000  38.000 6692.000
4 X 10 2 1 1 3 3 1 120.900 208.100  71.700  56.700 3900.000 6 8 308.000 6   3.800   3.350   8.000 184.000 4500.000  14.000  16.000 40960.000
7 X 16 2 1 2 1 3 2  89.500 168.900  65.000  51.600 2756.000 5 6 194.000 6   3.740   2.900   9.500 207.000 5900.000  17.000  25.000 34028.000
4  91.000 20 2 1 1 4 2 1  95.700 166.300  64.400  52.800 2109.000 4 4  98.000 2   3.190   3.030   9.000  70.000 4800.000  30.000  37.000 7198.000
4 108.000 13 2 1 1 2 2 1 100.400 184.600  66.500  56.100 3296.000 6 6 181.000 6   3.430   3.270   9.000 152.000 5200.000  17.000  22.000 14399.000
4 X 14 1 2 1 2 3 1 114.200 198.900  68.400  58.700 3485.000 3 4 152.000 4   3.700   3.520  21.000  95.000 4150.000  25.000  25.000 17075.000
3 X 20 2 1 1 2 3 1 104.500 187.800  66.500  54.100 3151.000 1 6 161.000 6   3.270   3.350   9.200 156.000 5200.000  19.000  24.000 15750.000
6 192.000 3 2 1 2 3 3 1 101.200 176.800  64.800  54.300 2395.000 4 4 108.000 6   3.500   2.800   8.800 101.000 5800.000  23.000  29.000 16430.000
7 186.000 16 2 1 2 4 3 1  94.500 168.900  68.300  50.200 2778.000 4 4 151.000 6   3.940   3.110   9.500 143.000 5500.000  19.000  27.000 22018.000
5 231.000 13 2 1 2 4 3 1  99.200 178.500  67.900  49.700 3139.000 6 6 181.000 6   3.430   3.270   9.000 160.000 5200.000  19.000  25.000 18399.000
6 134.000 20 2 1 2 5 3 1  98.400 176.200  65.600  53.000 2975.000 4 4 146.000 6   3.620   3.500   9.300 116.000 4800.000  24.000  30.000 17669.000
7 X 16 2 1 2 5 3 2  89.500 168.900  65.000  51.600 2800.000 5 6 194.000 6   3.740   2.900   9.500 207.000 5900.000  17.000  25.000 37028.000
4 102.000 19 2 1 1 3 2 1  97.200 172.000  65.400  52.500 2190.000 5 4 108.000 2   3.620   2.640   9.500  82.000 4400.000  28.000  33.000 7775.000
5 104.000 9 2 1 2 4 2 1  93.100 159.100  64.200  54.100 1905.000 4 4  91.000 2   3.030   3.150   9.000  68.000 5000.000  31.000  38.000 6795.000
5 168.000 20 2 1 2 4 3 1  94.500 168.700  64.000  52.600 2300.000 1 4  98.000 6   3.240   3.080   9.400 112.000 6600.000  26.000  29.000 9538.000
6 134.000 20 2 1 2 1 3 1  98.400 176.200  65.600  52.000 2536.000 4 4 146.000 6   3.620   3.500   9.300 116.000 4800.000  24.000  30.000 9639.000
4 102.000 19 2 1 1 3 2 1  97.200 172.000  65.400  52.500 2145.000 5 4 108.000 2   3.620   2.640   9.500  82.000 4800.000  32.000  37.000 7126.000
5 119.000 15 2 2 2 4 2 1  93.700 157.300  63.800  50.800 2128.000 4 4  98.000 7   3.030   3.390   7.600 102.000 5500.000  24.000  30.000 7957.000
4 128.000 13 2 1 1 3 2 1 100.400 181.700  66.500  55.100 3095.000 6 6 181.000 6   3.430   3.270   9.000 152.000 5200.000  17.000  22.000 13499.000
3  65.000 20 2 1 1 3 2 1 102.400 175.600  66.500  54.900 2326.000 4 4 122.000 6   3.310   3.540   8.700  92.000 4200.000  29.000  34.000 8948.000
4  91.000 20 2 1 1 3 2 1  95.700 166.300  64.400  53.000 2094.000 4 4  98.000 2   3.190   3.030   9.000  70.000 4800.000  38.000  47.000 7738.000
5 158.000 2 2 1 1 3 2 1 105.800 192.700  71.400  55.700 2844.000 4 5 136.000 6   3.190   3.400   8.500 110.000 5500.000  19.000  25.000 17710.000
7 150.000 18 2 1 2 4 2 1  99.100 186.600  66.500  56.100 2707.000 4 4 121.000 6   2.540   2.070   9.300 110.000 5250.000  21.000  28.000 15040.000
4 X 21 1 2 1 3 2 1 100.400 180.200  66.900  55.100 2579.000 4 4  97.000 4   3.010   3.400  23.000  68.000 4500.000  33.000  38.000 13845.000
6 104.000 18 2 2 1 3 2 1  99.100 186.600  66.500  56.100 2847.000 1 4 121.000 6   3.540   3.070   9.000 160.000 5500.000  19.000  26.000 18620.000
7 X 16 2 1 2 1 3 2  89.500 168.900  65.000  51.600 2756.000 5 6 194.000 6   3.740   2.900   9.500 207.000 5900.000  17.000  25.000 32528.000
6 122.000 21 1 1 2 3 2 1  97.300 171.700  65.500  55.700 2261.000 4 4  97.000 4   3.010   3.400  23.000  52.000 4800.000  37.000  46.000 7775.000
4 115.000 9 2 1 1 3 2 1  98.800 177.800  66.500  55.500 2410.000 4 4 122.000 2   3.390   3.390   8.600  84.000 4800.000  26.000  32.000 8495.000
5 154.000 15 2 1 1 4 2 1  93.700 157.300  63.800  50.600 1967.000 4 4  90.000 2   2.970   3.230   9.400  68.000 5500.000  31.000  38.000 6229.000
4 188.000 3 2 1 1 3 3 1 101.200 176.800  64.800  54.300 2765.000 4 6 164.000 6   3.310   3.190   9.000 121.000 4250.000  21.000  28.000 21105.000
4 145.000 8 2 1 1 3 3 1 113.000 199.600  69.600  52.800 4066.000 1 6 258.000 6   3.630   4.170   8.100 176.000 4750.000  15.000  19.000 32250.000
4 X 3 2 1 1 3 3 1 110.000 197.000  70.900  56.300 3505.000 4 6 209.000 6   3.620   3.390   8.000 182.000 5400.000  15.000  20.000 36880.000
4  91.000 20 2 1 1 3 2 1  95.700 166.300  64.400  52.800 2140.000 4 4  98.000 2   3.190   3.030   9.000  70.000 4800.000  28.000  34.000 9258.000
3  65.000 20 2 1 1 4 2 1 102.400 175.600  66.500  53.900 2414.000 4 4 122.000 6   3.310   3.540   8.700  92.000 4200.000  27.000  32.000 9988.000
5 103.000 13 2 1 1 2 2 1  94.500 170.200  63.800  53.500 2024.000 4 4  97.000 2   3.150   3.290   9.400  69.000 5200.000  31.000  37.000 7349.000
5 X 11 2 2 2 4 3 1 102.700 178.400  68.000  54.800 2910.000 4 4 140.000 6   3.780   3.120   8.000 175.000 5000.000  19.000  24.000 16503.000
4 161.000 14 2 2 1 3 3 1 108.000 186.700  68.300  56.000 3130.000 3 4 134.000 6   3.610   3.210   7.000 142.000 5600.000  18.000  24.000 18150.000
5 128.000 13 1 1 2 3 2 1  94.500 165.300  63.800  54.500 2017.000 4 4 103.000 4   2.990   3.470  21.900  55.000 4800.000  45.000  50.000 7099.000
5 122.000 13 2 1 1 3 2 1  94.500 165.300  63.800  54.500 1938.000 4 4  97.000 2   3.150   3.290   9.400  69.000 5200.000  31.000  37.000 6849.000
7 150.000 9 2 1 2 4 3 1  95.300 169.000  65.700  49.600 2500.000 7 2  80.000 6 X X   9.400 135.000 6000.000  16.000  23.000 15645.000
4 X 14 1 2 1 2 3 1 114.200 198.900  68.400  58.700 3430.000 3 4 152.000 4   3.700   3.520  21.000  95.000 4150.000  25.000  25.000 13860.000
7 194.000 13 2 2 2 4 3 1  91.300 170.700  67.900  49.700 3139.000 6 6 181.000 6   3.430   3.270   7.800 200.000 5200.000  17.000  23.000 19699.000
4 106.000 13 2 1 1 4 2 1  97.200 173.400  65.200  54.700 2324.000 4 4 120.000 2   3.330   3.470   8.500  97.000 5200.000  27.000  34.000 8949.000
4 115.000 9 2 1 1 3 2 1  98.800 177.800  66.500  55.500 2410.000 4 4 122.000 2   3.390   3.390   8.600  84.000 4800.000  26.000  32.000 10245.000
6 161.000 12 2 1 2 4 2 1  93.700 157.300  64.400  50.800 1918.000 4 4  92.000 2   2.970   3.230   9.400  68.000 5500.000  37.000  41.000 5389.000
4  91.000 20 2 1 1 2 1 1  95.700 169.700  63.600  59.100 3110.000 4 4  92.000 2   3.050   3.030   9.000  62.000 4800.000  27.000  32.000 8778.000
4 X 9 1 1 X 3 2 1  98.800 177.800  66.500  55.500 2443.000 4 4 122.000 4   3.390   3.390  22.700  64.000 4650.000  36.000  42.000 10795.000
5 128.000 13 2 1 2 3 2 1  94.500 165.300  63.800  54.500 1889.000 4 4  97.000 2   3.150   3.290   9.400  69.000 5200.000  31.000  37.000 5499.000
6 134.000 20 2 1 2 4 3 1  98.400 176.200  65.600  52.000 2551.000 4 4 146.000 6   3.620   3.500   9.300 116.000 4800.000  24.000  30.000 9989.000
6 168.000 13 2 1 2 1 2 1  95.100 162.400  63.800  53.300 2008.000 4 4  97.000 2   3.150   3.290   9.400  69.000 5200.000  31.000  37.000 8249.000
7 150.000 9 2 1 2 4 3 1  95.300 169.000  65.700  49.600 2380.000 7 2  70.000 3 X X   9.400 101.000 6000.000  17.000  23.000 10945.000
4  91.000 20 1 1 1 4 2 1  95.700 166.300  64.400  52.800 2275.000 4 4 110.000 4   3.270   3.350  22.500  56.000 4500.000  38.000  47.000 7788.000
6 104.000 18 2 1 1 3 2 1  99.100 186.600  66.500  56.100 2695.000 4 4 121.000 6   3.540   3.070   9.300 110.000 5250.000  21.000  28.000 12170.000
5 148.000 5 2 2 X 3 2 1  93.700 157.300  63.800  50.600 2191.000 4 4  98.000 6   3.030   3.390   7.600 102.000 5500.000  24.000  30.000 8558.000
4  85.000 6 2 1 1 3 2 1  96.500 175.400  65.200  54.100 2304.000 4 4 110.000 1   3.150   3.580   9.000  86.000 5800.000  27.000  33.000 8845.000
5 128.000 13 2 1 2 3 2 1  94.500 165.300  63.800  54.500 1918.000 4 4  97.000 2   3.150   3.290   9.400  69.000 5200.000  31.000  37.000 6649.000
5 148.000 5 2 1 1 4 2 1  93.700 157.300  63.800  50.600 1967.000 4 4  90.000 2   2.970   3.230   9.400  68.000 5500.000  31.000  38.000 6229.000
4 X 8 2 1 1 3 3 1 113.000 199.600  69.600  52.800 4066.000 1 6 258.000 6   3.630   4.170   8.100 176.000 4750.000  15.000  19.000 35550.000
5 168.000 20 2 1 2 4 3 1  94.500 168.700  64.000  52.600 2204.000 4 4  98.000 2   3.190   3.030   9.000  70.000 4800.000  29.000  34.000 8238.000
4 X 7 2 1 1 3 3 1  94.300 170.700  61.800  53.500 2337.000 4 4 111.000 2   3.310   3.230   8.500  78.000 4800.000  24.000  29.000 6785.000
7 X 12 2 2 2 4 2 1  95.900 173.200  66.300  50.200 2926.000 4 4 156.000 7   3.590   3.860   7.000 145.000 5000.000  19.000  24.000 14489.000
6 161.000 12 2 1 2 4 2 1  93.700 157.300  64.400  50.800 2004.000 4 4  92.000 2   2.970   3.230   9.400  68.000 5500.000  31.000  38.000 6669.000
4 X 2 2 2 2 4 1 1  99.500 178.200  67.900  52.000 3053.000 4 5 131.000 6   3.130   3.400   7.000 160.000 5500.000  16.000  22.000   0.000
6 134.000 20 2 1 2 1 3 1  98.400 176.200  65.600  52.000 2540.000 4 4 146.000 6   3.620   3.500   9.300 116.000 4800.000  24.000  30.000 8449.000
3  90.000 20 2 1 1 3 3 1 104.500 187.800  66.500  54.100 3131.000 1 6 171.000 6   3.270   3.350   9.200 156.000 5200.000  20.000  24.000 15690.000
5 129.000 9 2 1 2 4 2 1  98.800 177.800  66.500  53.700 2385.000 4 4 122.000 2   3.390   3.390   8.600  84.000 4800.000  26.000  32.000 10595.000
3  95.000 22 2 1 1 3 3 1 109.100 188.800  68.900  55.500 2952.000 4 4 141.000 6   3.780   3.150   9.500 114.000 5400.000  23.000  28.000 16845.000
3  95.000 22 2 2 1 3 3 1 109.100 188.800  68.900  55.500 3062.000 4 4 141.000 6   3.780   3.150   9.500 114.000 5400.000  19.000  25.000 22625.000
4 106.000 6 2 1 2 4 2 1  96.500 167.500  65.200  53.300 2289.000 4 4 110.000 1   3.150   3.580   9.000  86.000 5800.000  27.000  33.000 9095.000
4  78.000 6 2 1 1 2 2 1  96.500 157.100  63.900  58.300 2024.000 4 4  92.000 1   2.920   3.410   9.200  76.000 6000.000  30.000  34.000 7295.000
5 X 16 2 1 2 4 3 1  98.400 175.700  72.300  50.500 3366.000 2 8 203.000 6   3.940   3.110  10.000 288.000 5750.000  17.000  28.000   0.000
6 121.000 4 2 1 2 4 2 1  88.400 141.100  60.300  53.200 1488.000 3 3  61.000 2   2.910   3.030   9.500  48.000 5100.000  47.000  53.000 5151.000
4  77.000 20 2 1 1 2 2 1  95.700 169.700  63.600  59.100 2280.000 4 4  92.000 2   3.050   3.030   9.000  62.000 4800.000  31.000  37.000 6918.000
4 118.000 9 2 1 1 3 3 1 104.900 175.000  66.100  54.400 2670.000 4 4 140.000 6   3.760   3.160   8.000 120.000 5000.000  19.000  27.000 18280.000
5 113.000 9 2 1 1 3 2 1  93.100 166.800  64.200  54.100 1945.000 4 4  91.000 2   3.030   3.150   9.000  68.000 5000.000  31.000  38.000 6695.000
4 X 3 2 1 2 3 3 1 103.500 193.800  67.900  53.700 3380.000 4 6 209.000 6   3.620   3.390   8.000 182.000 5400.000  16.000  22.000 41315.000
5 118.000 5 2 2 2 4 2 1  93.700 157.300  63.800  50.800 2128.000 4 4  98.000 6   3.030   3.390   7.600 102.000 5500.000  24.000  30.000 7957.000
3  74.000 22 2 1 1 2 3 1 104.300 188.800  67.200  57.500 3034.000 4 4 141.000 6   3.780   3.150   9.500 114.000 5400.000  23.000  28.000 13415.000
7 197.000 20 2 1 2 4 3 1 102.900 183.500  67.700  52.000 2976.000 1 6 171.000 6   3.270   3.350   9.300 161.000 5200.000  20.000  24.000 16558.000
7 X 12 2 2 2 4 2 1  95.900 173.200  66.300  50.200 2833.000 4 4 156.000 7   3.580   3.860   7.000 145.000 5000.000  19.000  24.000 12629.000
5 107.000 6 2 1 2 3 2 1  96.500 169.100  66.000  51.000 2293.000 4 4 110.000 2   3.150   3.580   9.100 100.000 5500.000  25.000  31.000 10345.000
4 X 9 1 1 1 3 3 1 104.900 175.000  66.100  54.400 2700.000 4 4 134.000 4   3.430   3.640  22.000  72.000 4200.000  31.000  39.000 18344.000
2 103.000 22 2 1 1 3 3 1 104.300 188.800  67.200  56.200 2912.000 4 4 141.000 6   3.780   3.150   9.500 114.000 5400.000  23.000  28.000 12940.000
3  74.000 15 2 1 1 2 2 1 103.300 174.600  64.600  59.800 2535.000 4 4 122.000 2   3.350   3.460   8.500  88.000 5000.000  24.000  30.000 8921.000
7 197.000 20 2 1 2 4 3 1 102.900 183.500  67.700  52.000 3016.000 1 6 171.000 6   3.270   3.350   9.300 161.000 5200.000  19.000  24.000 15998.000
4 102.000 19 2 2 1 3 1 1  97.000 172.000  65.400  54.300 2510.000 5 4 108.000 6   3.620   2.640   7.700 111.000 4800.000  24.000  29.000 11259.000
4 108.000 13 2 1 1 3 2 1 100.400 184.600  66.500  55.100 3060.000 6 6 181.000 6   3.430   3.270   9.000 152.000 5200.000  19.000  25.000 13499.000
6 X 17 2 1 2 4 2 1  96.100 176.800  66.600  50.500 2460.000 4 4 132.000 6   3.460   3.900   8.700 X X  23.000  31.000 9895.000
5 103.000 13 2 1 1 2 2 1  94.500 170.200  63.800  53.500 2037.000 4 4  97.000 2   3.150   3.290   9.400  69.000 5200.000  31.000  37.000 7999.000
2 103.000 22 2 1 1 3 3 1 104.300 188.800  67.200  56.200 2935.000 4 4 141.000 6   3.780   3.150   9.500 114.000 5400.000  24.000  28.000 15985.000
5 X 10 2 1 2 1 3 1 112.000 199.200  72.000  55.400 3715.000 6 8 304.000 6   3.800   3.350   8.000 184.000 4500.000  14.000  16.000 45400.000
4 X 14 2 1 1 2 3 1 114.200 198.900  68.400  58.700 3230.000 3 4 120.000 6   3.460   3.190   8.400  97.000 5000.000  19.000  24.000 12440.000
4 X 14 2 1 1 2 3 1 114.200 198.900  68.400  56.700 3285.000 3 4 120.000 6   3.460   2.190   8.400  95.000 5000.000  19.000  24.000 16695.000
4 188.000 3 2 1 2 3 3 1 101.200 176.800  64.800  54.300 2710.000 4 6 164.000 6   3.310   3.190   9.000 121.000 4250.000  21.000  28.000 20970.000
4 106.000 13 2 1 1 3 2 1  97.200 173.400  65.200  54.700 2302.000 4 4 120.000 2   3.330   3.470   8.500  97.000 5200.000  27.000  34.000 9549.000
5 125.000 12 2 1 1 3 2 1  96.300 172.400  65.400  51.600 2365.000 4 4 122.000 2   3.350   3.460   8.500  88.000 5000.000  25.000  32.000 6989.000
3  65.000 20 2 1 1 4 2 1 102.400 175.600  66.500  53.900 2458.000 4 4 122.000 6   3.310   3.540   8.700  92.000 4200.000  27.000  32.000 11248.000
7 X 12 2 2 2 4 2 1  95.900 173.200  66.300  50.200 2921.000 4 4 156.000 7   3.590   3.860   7.000 145.000 5000.000  19.000  24.000 14869.000
4  89.000 19 2 1 1 2 2 1  97.000 173.500  65.400  53.000 2290.000 5 4 108.000 2   3.620   2.640   9.000  82.000 4800.000  28.000  32.000 7463.000
5  87.000 20 2 1 2 4 2 1  95.700 158.700  63.600  54.500 2040.000 4 4  92.000 2   3.050   3.030   9.000  62.000 4800.000  31.000  38.000 6338.000
5 118.000 5 2 1 2 4 2 1  93.700 157.300  63.800  50.800 1876.000 4 4  90.000 2   2.970   3.230   9.410  68.000 5500.000  37.000  41.000 5572.000
5 101.000 6 2 1 2 4 2 1  93.700 150.000  64.000  52.600 1940.000 4 4  92.000 1   2.910   3.410   9.200  76.000 6000.000  30.000  34.000 6529.000
6  94.000 21 2 1 1 3 2 1  97.300 171.700  65.500  55.700 2300.000 4 4 109.000 6   3.190   3.400  10.000 100.000 5500.000  26.000  32.000 9995.000
3  74.000 22 2 1 1 2 3 1 104.300 188.800  67.200  57.500 3042.000 4 4 141.000 6   3.780   3.150   9.500 114.000 5400.000  24.000  28.000 16515.000
7 153.000 12 2 1 2 4 2 1  96.300 173.000  65.400  49.400 2328.000 4 4 122.000 2   3.350   3.460   8.500  88.000 5000.000  25.000  32.000 8499.000
4 161.000 14 2 1 1 3 3 1 107.900 186.700  68.400  56.700 3020.000 3 4 120.000 6   3.460   3.190   8.400  97.000 5000.000  19.000  24.000 11900.000
6 164.000 2 2 1 1 3 2 1  99.800 176.600  66.200  54.300 2337.000 4 4 109.000 6   3.190   3.400  10.000 102.000 5500.000  24.000  30.000 13950.000
5 104.000 9 2 1 2 4 2 1  93.100 159.100  64.200  54.100 1890.000 4 4  91.000 2   3.030   3.150   9.000  68.000 5000.000  30.000  31.000 5195.000
6  94.000 21 1 2 1 3 2 1  97.300 171.700  65.500  55.700 2319.000 4 4  97.000 4   3.010   3.400  23.000  68.000 4500.000  37.000  42.000 9495.000
5 128.000 13 2 1 2 3 2 1  94.500 165.300  63.800  54.500 1951.000 4 4  97.000 2   3.150   3.290   9.400  69.000 5200.000  31.000  37.000 7299.000
5 125.000 12 2 2 1 3 2 1  96.300 172.400  65.400  51.600 2403.000 4 4 110.000 7   3.170   3.460   7.500 116.000 5500.000  23.000  30.000 9279.000
4 161.000 14 2 1 1 3 3 1 107.900 186.700  68.400  56.700 3075.000 3 4 120.000 6   3.460   3.190   8.400  97.000 5000.000  19.000  24.000 16630.000
7 150.000 9 2 1 2 4 3 1  95.300 169.000  65.700  49.600 2385.000 7 2  70.000 3 X X   9.400 101.000 6000.000  17.000  23.000 13645.000
4 102.000 19 2 1 1 3 1 1  97.000 172.000  65.400  54.300 2385.000 5 4 108.000 2   3.620   2.640   9.000  82.000 4800.000  24.000  25.000 9233.000
7 X 15 2 2 2 4 3 1  95.900 173.200  66.300  50.200 2818.000 4 4 156.000 7   3.590   3.860   7.000 145.000 5000.000  19.000  24.000 12764.000
3  93.000 10 1 2 1 2 3 1 110.000 190.900  70.300  58.700 3750.000 4 5 183.000 4   3.580   3.640  21.500 123.000 4350.000  22.000  25.000 28248.000
4 161.000 14 1 2 1 3 3 1 107.900 186.700  68.400  56.700 3197.000 3 4 152.000 4   3.700   3.520  21.000  95.000 4150.000  28.000  33.000 13200.000
6 164.000 2 2 1 1 3 1 1  99.400 176.600  66.400  54.300 2824.000 4 5 136.000 6   3.190   3.400   8.000 115.000 5500.000  18.000  22.000 17450.000
7 145.000 5 2 2 2 4 2 1  95.900 173.200  66.300  50.200 2811.000 4 4 156.000 5   3.600   3.900   7.000 145.000 5000.000  19.000  24.000 12964.000
3  95.000 22 2 2 1 3 3 1 109.100 188.800  68.800  55.500 3049.000 4 4 141.000 6   3.780   3.150   8.700 160.000 5300.000  19.000  25.000 19045.000
5 X 1 2 1 2 4 3 1  94.500 171.200  65.500  52.400 2823.000 6 6 152.000 6   2.680   3.470   9.000 154.000 5000.000  19.000  26.000 16500.000
7 X 21 2 1 2 5 2 1  94.500 159.300  64.200  55.600 2254.000 4 4 109.000 6   3.190   3.400   8.500  90.000 5500.000  24.000  29.000 11595.000
5 101.000 6 2 1 2 4 2 1  93.700 150.000  64.000  52.600 1956.000 4 4  92.000 1   2.910   3.410   9.200  76.000 6000.000  30.000  34.000 7129.000
7 194.000 13 2 1 2 4 3 1  91.300 170.700  67.900  49.700 3071.000 6 6 181.000 6   3.430   3.270   9.000 160.000 5200.000  19.000  25.000 17199.000
3 137.000 12 2 1 1 3 2 1  96.300 172.400  65.400  51.600 2403.000 4 4 110.000 7   3.170   3.460   7.500 116.000 5500.000  23.000  30.000 9279.000
4  93.000 10 1 2 2 1 3 1 106.700 187.500  70.300  54.900 3495.000 4 5 183.000 4   3.580   3.640  21.500 123.000 4350.000  22.000  25.000 28176.000
3  65.000 20 1 2 1 3 2 1 102.400 175.600  66.500  54.900 2480.000 4 4 110.000 4   3.270   3.350  22.500  73.000 4500.000  30.000  33.000 10698.000
3  93.000 10 1 2 1 3 3 1 115.600 202.600  71.700  56.300 3770.000 4 5 183.000 4   3.580   3.640  21.500 123.000 4350.000  22.000  25.000 31600.000
4 X 3 2 1 1 3 3 1 103.500 189.000  66.900  55.700 3230.000 4 6 209.000 6   3.620   3.390   8.000 182.000 5400.000  16.000  22.000 30760.000
6 161.000 12 2 1 2 4 2 1  93.700 157.300  64.400  50.800 1944.000 4 4  92.000 2   2.970   3.230   9.400  68.000 5500.000  31.000  38.000 6189.000
4 110.000 6 2 1 1 3 2 1  96.500 163.400  64.000  54.500 2010.000 4 4  92.000 1   2.910   3.410   9.200  76.000 6000.000  30.000  34.000 7295.000
5 154.000 15 2 1 1 3 2 1  93.700 167.300  63.800  50.800 2191.000 4 4  98.000 2   2.970   3.230   9.400  68.000 5500.000  31.000  38.000 7609.000
6  83.000 19 2 1 2 4 2 1  93.700 156.900  63.400  53.700 2050.000 5 4  97.000 2   3.620   2.360   9.000  69.000 4900.000  31.000  36.000 5118.000
7 256.000 21 2 1 2 4 2 1  94.500 165.700  64.000  51.400 2221.000 4 4 109.000 6   3.190   3.400   8.500  90.000 5500.000  24.000  29.000 9980.000
5 104.000 9 2 1 2 4 2 1  93.100 159.100  64.200  54.100 1900.000 4 4  91.000 2   3.030   3.150   9.000  68.000 5000.000  31.000  38.000 6095.000
4  85.000 6 2 1 1 3 2 1  96.500 175.400  65.200  54.100 2465.000 4 4 110.000 6   3.150   3.580   9.000 101.000 5800.000  24.000  28.000 12945.000
6 134.000 20 2 1 2 4 3 1  98.400 176.200  65.600  52.000 2714.000 4 4 146.000 6   3.620   3.500   9.300 116.000 4800.000  24.000  30.000 11549.000
6  94.000 21 1 1 1 3 2 1  97.300 171.700  65.500  55.700 2264.000 4 4  97.000 4   3.010   3.400  23.000  52.000 4800.000  37.000  46.000 7995.000
4  81.000 20 2 1 1 2 1 1  95.700 169.700  63.600  59.100 2290.000 4 4  92.000 2   3.050   3.030   9.000  62.000 4800.000  27.000  32.000 7898.000
4  89.000 19 2 1 1 2 2 1  97.000 173.500  65.400  53.000 2455.000 5 4 108.000 6   3.620   2.640   9.000  94.000 5200.000  25.000  31.000 10198.000
4  91.000 20 1 1 1 3 2 1  95.700 166.300  64.400  53.000 2275.000 4 4 110.000 4   3.270   3.350  22.500  56.000 4500.000  34.000  36.000 7898.000
4 102.000 19 2 1 1 3 2 1  97.200 172.000  65.400  52.500 2340.000 5 4 108.000 6   3.620   2.640   9.000  94.000 5200.000  26.000  32.000 9960.000
5 125.000 12 2 1 1 3 2 1  96.300 172.400  65.400  51.600 2405.000 4 4 122.000 2   3.350   3.460   8.500  88.000 5000.000  25.000  32.000 8189.000
