;
205
;
0.500 106.000 0 0 0 0 0 0 1 0 0 0 0 0 0 0 0 0 0 0 0 0 0 0 0 0 1 1 0 0 1 0 0 0 0 1 0 0 1 0 1 0  96.500 167.500  65.200  53.300 2236.000 0 0 0 1 0 0 0 4 110.000 1 0 0 0 0 0 0 0   3.150 0   3.580 0   9.000  86.000 0 5800.000 0  27.000  33.000 7895.000
0.833  94.000 0 0 0 0 0 0 0 0 0 0 0 0 0 0 0 0 0 0 0 0 0 1 0 0 1 1 0 1 0 0 0 0 1 0 0 0 1 0 1 0  97.300 171.700  65.500  55.700 2212.000 0 0 0 1 0 0 0 4 109.000 0 0 0 0 0 1 0 0   3.190 0   3.400 0   9.000  85.000 0 5250.000 0  27.000  34.000 8195.000
0.500 0.0 1 0 0 0 0 0 0 0 0 0 0 0 0 0 0 0 0 0 0 0 0 1 0 0 1 1 0 1 0 0 0 1 0 0 0 0 1 0 1 0 100.400 183.100  66.900  55.100 2563.000 0 0 0 1 0 0 0 4 109.000 0 0 0 0 0 1 0 0   3.190 0   3.400 0   9.000  88.000 0 5500.000 0  25.000  31.000 12290.000
0.500 161.000 0 0 0 0 0 0 0 0 0 0 0 0 0 0 1 0 0 0 0 0 0 0 0 0 1 1 0 1 0 0 0 0 1 0 0 0 0 1 1 0 107.900 186.700  68.400  56.700 3075.000 0 0 1 0 0 0 0 4 120.000 0 0 0 0 0 1 0 0   3.460 0   2.190 0   8.400  95.000 0 5000.000 0  19.000  24.000 15580.000
0.333  65.000 0 0 0 0 0 0 0 0 0 0 0 0 0 0 0 0 0 0 0 0 1 0 0 0 1 1 0 1 0 0 0 0 1 0 0 0 1 0 1 0 102.400 175.600  66.500  54.900 2414.000 0 0 0 1 0 0 0 4 122.000 0 0 0 0 0 1 0 0   3.310 0   3.540 0   8.700  92.000 0 4200.000 0  27.000  32.000 10898.000
1.000 150.000 0 0 0 0 0 0 0 0 0 0 0 0 0 0 0 0 0 0 1 0 0 0 0 0 1 1 0 0 1 0 0 0 0 1 0 0 1 0 1 0  99.100 186.600  66.500  56.100 2658.000 0 0 0 1 0 0 0 4 121.000 0 0 0 0 0 1 0 0   3.540 0   3.070 0   9.310 110.000 0 5250.000 0  21.000  28.000 11850.000
0.333  93.000 0 0 0 0 0 0 0 0 0 0 1 0 0 0 0 0 0 0 0 0 0 0 0 1 0 0 1 1 0 0 0 0 1 0 0 0 0 1 1 0 110.000 190.900  70.300  56.500 3515.000 0 0 0 1 0 0 0 5 183.000 0 0 0 1 0 0 0 0   3.580 0   3.640 0  21.500 123.000 0 4350.000 0  22.000  25.000 25552.000
0.667  74.000 0 0 0 0 0 0 0 0 0 0 0 0 0 0 0 0 0 0 0 0 1 0 0 0 1 1 0 1 0 0 0 0 0 1 0 0 1 0 1 0  95.700 158.700  63.600  54.500 2015.000 0 0 0 1 0 0 0 4  92.000 0 1 0 0 0 0 0 0   3.050 0   3.030 0   9.000  62.000 0 4800.000 0  31.000  38.000 6488.000
0.667 113.000 0 0 0 0 0 0 0 0 0 1 0 0 0 0 0 0 0 0 0 0 0 0 0 0 1 1 0 1 0 0 0 0 1 0 0 0 1 0 1 0  93.100 166.800  64.200  54.100 1950.000 0 0 0 1 0 0 0 4  91.000 0 1 0 0 0 0 0 0   3.080 0   3.150 0   9.000  68.000 0 5000.000 0  31.000  38.000 7395.000
0.667  98.000 0 0 0 0 1 0 0 0 0 0 0 0 0 0 0 0 0 0 0 0 0 0 0 0 1 1 0 0 1 0 0 0 0 1 0 0 1 0 1 0  94.500 155.900  63.600  52.000 1874.000 0 0 0 1 0 0 0 4  90.000 0 1 0 0 0 0 0 0   3.030 0   3.110 0   9.600  70.000 0 5400.000 0  38.000  43.000 6295.000
0.500  81.000 0 0 0 0 1 0 0 0 0 0 0 0 0 0 0 0 0 0 0 0 0 0 0 0 1 1 0 1 0 0 0 0 1 0 0 0 1 0 1 0  94.500 158.800  63.600  52.000 1909.000 0 0 0 1 0 0 0 4  90.000 0 1 0 0 0 0 0 0   3.030 0   3.110 0   9.600  70.000 0 5400.000 0  38.000  43.000 6575.000
0.500 0.0 1 0 0 0 0 0 0 1 0 0 0 0 0 0 0 0 0 0 0 0 0 0 0 0 1 1 0 1 0 0 0 0 1 0 0 0 1 0 1 0  94.500 155.900  63.600  52.000 1909.000 0 0 0 1 0 0 0 4  90.000 0 1 0 0 0 0 0 0   3.030 0   3.110 0   9.600  70.000 0 5400.000 0  38.000  43.000   0.000
0.833  94.000 0 0 0 0 0 0 0 0 0 0 0 0 0 0 0 0 0 0 0 0 0 1 0 0 1 1 0 1 0 0 0 0 1 0 0 0 1 0 1 0  97.300 171.700  65.500  55.700 2275.000 0 0 0 1 0 0 0 4 109.000 0 0 0 0 0 1 0 0   3.190 0   3.400 0   9.000  85.000 0 5250.000 0  27.000  34.000 8495.000
0.333 0.0 1 0 0 0 0 0 0 0 0 0 1 0 0 0 0 0 0 0 0 0 0 0 0 0 1 1 0 1 0 0 0 0 1 0 0 0 0 1 1 0 115.600 202.600  71.700  56.500 3740.000 0 0 0 0 0 1 0 8 234.000 0 0 0 0 0 1 0 0   3.460 0   3.100 0   8.300 155.000 0 4750.000 0  16.000  18.000 34184.000
0.333  95.000 0 0 0 0 0 0 0 0 0 0 0 0 0 0 0 0 0 0 0 0 0 0 1 1 0 0 1 1 0 0 0 0 1 0 0 0 0 1 1 0 109.100 188.800  68.900  55.500 3217.000 0 0 0 1 0 0 0 6 145.000 0 0 0 1 0 0 0 0   3.010 0   3.400 0  23.000 106.000 0 4800.000 0  26.000  27.000 22470.000
1.000 0.0 1 1 0 0 0 0 0 0 0 0 0 0 0 0 0 0 0 0 0 0 0 0 0 0 1 1 0 0 1 0 0 0 0 0 1 0 0 1 1 0  88.600 168.800  64.100  48.800 2548.000 1 0 0 0 0 0 0 4 130.000 0 0 0 0 0 1 0 0   3.470 0   2.680 0   9.000 111.000 0 5000.000 0  21.000  27.000 13495.000
0.500 161.000 0 0 0 0 0 0 0 0 0 0 0 0 0 0 1 0 0 0 0 0 0 0 0 1 0 0 1 1 0 0 0 0 1 0 0 0 0 1 1 0 107.900 186.700  68.400  56.700 3252.000 0 0 1 0 0 0 0 4 152.000 0 0 0 1 0 0 0 0   3.700 0   3.520 0  21.000  95.000 0 4150.000 0  28.000  33.000 17950.000
1.000 142.000 0 0 0 0 0 0 0 0 0 0 1 0 0 0 0 0 0 0 0 0 0 0 0 0 1 1 0 0 1 0 0 0 0 0 1 0 0 1 1 0  96.600 180.300  70.500  50.800 3685.000 0 0 0 0 0 1 0 8 234.000 0 0 0 0 0 1 0 0   3.460 0   3.100 0   8.300 155.000 0 4750.000 0  16.000  18.000 35056.000
0.667 129.000 0 0 0 0 0 0 0 0 0 1 0 0 0 0 0 0 0 0 0 0 0 0 0 0 1 1 0 0 1 0 0 0 0 1 0 0 1 0 1 0  98.800 177.800  66.500  53.700 2385.000 0 0 0 1 0 0 0 4 122.000 0 1 0 0 0 0 0 0   3.390 0   3.390 0   8.600  84.000 0 4800.000 0  26.000  32.000 8845.000
0.667 101.000 0 0 0 0 0 0 1 0 0 0 0 0 0 0 0 0 0 0 0 0 0 0 0 0 1 1 0 0 1 0 0 0 0 1 0 0 1 0 1 0  93.700 150.000  64.000  52.600 1837.000 0 0 0 1 0 0 0 4  79.000 1 0 0 0 0 0 0 0   2.910 0   3.070 0  10.100  60.000 0 5500.000 0  38.000  42.000 5399.000
0.833 134.000 0 0 0 0 0 0 0 0 0 0 0 0 0 0 0 0 0 0 0 0 1 0 0 0 1 1 0 0 1 0 1 0 0 0 0 0 0 1 1 0  98.400 176.200  65.600  52.000 2679.000 0 0 0 1 0 0 0 4 146.000 0 0 0 0 0 1 0 0   3.620 0   3.500 0   9.300 116.000 0 4800.000 0  24.000  30.000 11199.000
0.833  83.000 0 0 0 0 0 0 0 0 0 0 0 0 0 0 0 0 0 0 0 1 0 0 0 0 1 1 0 0 1 0 0 0 0 1 0 0 1 0 1 0  93.700 157.900  63.600  53.700 2120.000 0 0 0 0 1 0 0 4 108.000 0 1 0 0 0 0 0 0   3.620 0   2.640 0   8.700  73.000 0 4400.000 0  26.000  31.000 7053.000
0.667 0.0 1 0 0 0 0 0 0 1 0 0 0 0 0 0 0 0 0 0 0 0 0 0 0 0 1 1 0 0 1 0 0 0 1 0 0 0 1 0 1 0  94.500 155.900  63.600  52.000 1874.000 0 0 0 1 0 0 0 4  90.000 0 1 0 0 0 0 0 0   3.030 0   3.110 0   9.600  70.000 0 5400.000 0  38.000  43.000   0.000
0.833 137.000 0 0 0 0 0 0 1 0 0 0 0 0 0 0 0 0 0 0 0 0 0 0 0 0 1 1 0 0 1 0 0 0 0 1 0 0 1 0 1 0  86.600 144.600  63.900  50.800 1713.000 0 0 0 1 0 0 0 4  92.000 1 0 0 0 0 0 0 0   2.910 0   3.410 0   9.600  58.000 0 4800.000 0  49.000  54.000 6479.000
0.500  91.000 0 0 0 0 0 0 0 0 0 0 0 0 0 0 0 0 0 0 0 0 1 0 0 0 1 1 0 1 0 0 0 0 1 0 0 0 1 0 1 0  95.700 166.300  64.400  53.000 2081.000 0 0 0 1 0 0 0 4  98.000 0 1 0 0 0 0 0 0   3.190 0   3.030 0   9.000  70.000 0 4800.000 0  30.000  37.000 6938.000
0.500  85.000 0 0 0 0 0 0 0 0 0 0 0 0 0 0 0 0 0 0 0 1 0 0 0 0 1 0 1 1 0 0 0 1 0 0 0 1 0 0 1 0  96.900 173.600  65.400  54.900 2650.000 0 0 0 0 1 0 0 4 108.000 0 0 0 0 0 1 0 0   3.620 0   2.640 0   7.700 111.000 0 4800.000 0  23.000  23.000 11694.000
0.667 128.000 0 0 0 0 0 0 0 0 0 0 0 0 0 1 0 0 0 0 0 0 0 0 0 0 1 1 0 0 1 0 0 0 0 1 0 0 1 0 1 0  94.500 165.600  63.800  53.300 2028.000 0 0 0 1 0 0 0 4  97.000 0 1 0 0 0 0 0 0   3.150 0   3.290 0   9.400  69.000 0 5200.000 0  31.000  37.000 7799.000
0.667 148.000 0 0 0 0 0 1 0 0 0 0 0 0 0 0 0 0 0 0 0 0 0 0 0 0 1 1 0 1 0 0 0 0 1 0 0 0 1 0 1 0  93.700 157.300  63.800  50.600 1989.000 0 0 0 1 0 0 0 4  90.000 0 1 0 0 0 0 0 0   2.970 0   3.230 0   9.400  68.000 0 5500.000 0  31.000  38.000 6692.000
0.667 0.0 1 0 1 0 0 0 0 0 0 0 0 0 0 0 0 0 0 0 0 0 0 0 0 0 1 1 0 1 0 0 0 1 0 0 0 0 1 0 1 0 105.800 192.700  71.400  55.700 2954.000 0 0 0 1 0 0 0 5 136.000 0 0 0 0 0 1 0 0   3.190 0   3.400 0   8.500 110.000 0 5500.000 0  19.000  25.000 18920.000
0.167 103.000 0 0 0 0 0 0 0 0 0 0 0 0 0 0 0 0 0 0 0 0 0 0 1 0 1 0 1 1 0 0 0 0 1 0 0 0 0 1 1 0 104.300 188.800  67.200  56.200 3045.000 0 0 0 1 0 0 0 4 130.000 0 0 0 0 0 1 0 0   3.620 0   3.150 0   7.500 162.000 0 5100.000 0  17.000  22.000 18420.000
0.667 118.000 0 0 0 0 0 1 0 0 0 0 0 0 0 0 0 0 0 0 0 0 0 0 0 0 1 1 0 0 1 0 0 0 0 1 0 0 1 0 1 0  93.700 157.300  63.800  50.800 1876.000 0 0 0 1 0 0 0 4  90.000 0 1 0 0 0 0 0 0   2.970 0   3.230 0   9.400  68.000 0 5500.000 0  31.000  38.000 6377.000
0.500 161.000 0 0 0 0 0 0 0 0 0 0 0 0 0 0 1 0 0 0 0 0 0 0 0 1 0 0 1 1 0 0 0 0 1 0 0 0 0 1 1 0 107.900 186.700  68.400  56.700 3252.000 0 0 1 0 0 0 0 4 152.000 0 0 0 1 0 0 0 0   3.700 0   3.520 0  21.000  95.000 0 4150.000 0  28.000  33.000 16900.000
0.667 148.000 0 0 0 0 0 1 0 0 0 0 0 0 0 0 0 0 0 0 0 0 0 0 0 0 1 1 0 1 0 0 0 0 1 0 0 0 1 0 1 0  93.700 157.300  63.800  50.600 1989.000 0 0 0 1 0 0 0 4  90.000 0 1 0 0 0 0 0 0   2.970 0   3.230 0   9.400  68.000 0 5500.000 0  31.000  38.000 7609.000
0.667 122.000 0 0 0 0 0 0 0 0 0 0 0 0 0 1 0 0 0 0 0 0 0 0 0 0 1 1 0 1 0 0 0 0 1 0 0 0 1 0 1 0  94.500 165.300  63.800  54.500 1971.000 0 0 0 1 0 0 0 4  97.000 0 1 0 0 0 0 0 0   3.150 0   3.290 0   9.400  69.000 0 5200.000 0  31.000  37.000 7499.000
0.500  85.000 0 0 0 0 0 0 1 0 0 0 0 0 0 0 0 0 0 0 0 0 0 0 0 0 1 1 0 1 0 0 0 0 1 0 0 0 1 0 1 0  96.500 175.400  62.500  54.100 2372.000 0 0 0 1 0 0 0 4 110.000 1 0 0 0 0 0 0 0   3.150 0   3.580 0   9.000  86.000 0 5800.000 0  27.000  33.000 10295.000
0.500  91.000 0 0 0 0 0 0 0 0 0 0 0 0 0 0 0 0 0 0 0 0 1 0 0 0 1 1 0 1 0 0 0 0 0 1 0 0 1 0 1 0  95.700 166.300  64.400  52.800 2122.000 0 0 0 1 0 0 0 4  98.000 0 1 0 0 0 0 0 0   3.190 0   3.030 0   9.000  70.000 0 4800.000 0  28.000  34.000 8358.000
0.500 0.0 1 0 0 0 0 0 0 0 0 0 0 0 0 0 0 0 0 0 0 0 0 1 0 0 1 1 0 1 0 0 0 0 1 0 0 0 1 0 1 0 100.400 180.200  66.900  55.100 2661.000 0 0 0 1 0 0 0 5 136.000 0 0 0 0 0 1 0 0   3.190 0   3.400 0   8.500 110.000 0 5500.000 0  19.000  24.000 13295.000
1.000 0.0 1 1 0 0 0 0 0 0 0 0 0 0 0 0 0 0 0 0 0 0 0 0 0 0 1 1 0 0 1 0 0 0 0 0 1 0 0 1 1 0  88.600 168.800  64.100  48.800 2548.000 1 0 0 0 0 0 0 4 130.000 0 0 0 0 0 1 0 0   3.470 0   2.680 0   9.000 111.000 0 5000.000 0  21.000  27.000 16500.000
0.833 0.0 1 0 0 0 0 0 0 1 0 0 0 0 0 0 0 0 0 0 0 0 0 0 0 0 1 1 0 0 1 0 0 0 0 1 0 0 0 1 1 0  96.000 172.600  65.200  51.400 2734.000 0 0 0 1 0 0 0 4 119.000 0 0 0 0 0 0 0 1   3.430 0   3.230 0   9.200  90.000 0 5000.000 0  24.000  29.000 11048.000
0.833  83.000 0 0 0 0 0 0 0 0 0 0 0 0 0 0 0 0 0 0 0 1 0 0 0 0 1 1 0 0 1 0 0 0 0 1 0 1 0 0 1 0  93.300 157.300  63.800  55.700 2240.000 0 0 0 0 1 0 0 4 108.000 0 1 0 0 0 0 0 0   3.620 0   2.640 0   8.700  73.000 0 4400.000 0  26.000  31.000 7603.000
0.500 0.0 1 0 0 0 0 0 0 0 0 0 0 0 0 0 0 0 0 1 0 0 0 0 0 0 1 1 0 1 0 0 0 1 0 0 0 0 1 0 1 0  96.100 181.500  66.500  55.200 2579.000 0 0 0 1 0 0 0 4 132.000 0 0 0 0 0 1 0 0   3.460 0   3.900 0   8.700 0.0 1 0.0 1  23.000  31.000 9295.000
0.833 0.0 1 0 1 0 0 0 0 0 0 0 0 0 0 0 0 0 0 0 0 0 0 0 0 0 1 1 0 0 1 0 0 0 1 0 0 0 1 0 1 0  99.800 177.300  66.300  53.100 2507.000 0 0 0 1 0 0 0 5 136.000 0 0 0 0 0 1 0 0   3.190 0   3.400 0   8.500 110.000 0 5500.000 0  19.000  25.000 15250.000
1.000 150.000 0 0 0 0 0 0 0 0 0 0 0 0 0 0 0 0 0 0 1 0 0 0 0 0 1 0 1 0 1 0 0 0 0 1 0 0 1 0 1 0  99.100 186.600  66.500  56.100 2808.000 1 0 0 0 0 0 0 4 121.000 0 0 0 0 0 1 0 0   3.540 0   3.070 0   9.000 160.000 0 5500.000 0  19.000  26.000 18150.000
0.500 0.0 1 0 0 0 0 0 0 0 1 0 0 0 0 0 0 0 0 0 0 0 0 0 0 0 1 1 0 0 1 0 0 0 1 0 0 0 0 1 1 0 102.000 191.700  70.600  47.800 3950.000 0 0 0 0 0 1 0 12 326.000 0 0 0 0 0 1 0 0   3.540 0   2.760 0  11.500 262.000 0 5000.000 0  13.000  17.000 36000.000
0.333  74.000 0 0 0 0 0 0 0 0 0 0 0 0 0 0 0 0 0 0 0 0 0 0 1 0 1 0 1 1 0 0 0 1 0 0 0 0 0 1 1 0 104.300 188.800  67.200  57.500 3157.000 0 0 0 1 0 0 0 4 130.000 0 0 0 0 0 1 0 0   3.620 0   3.150 0   7.500 162.000 0 5100.000 0  17.000  22.000 18950.000
1.000 153.000 0 0 0 0 0 0 0 0 0 0 0 0 1 0 0 0 0 0 0 0 0 0 0 0 1 0 1 0 1 0 0 0 0 1 0 0 1 0 1 0  96.300 173.000  65.400  49.400 2370.000 0 0 0 1 0 0 0 4 110.000 0 0 0 0 0 0 1 0   3.170 0   3.460 0   7.500 116.000 0 5500.000 0  23.000  30.000 9959.000
0.667 168.000 0 0 0 0 0 0 0 0 0 0 0 0 0 0 0 0 0 0 0 0 1 0 0 0 1 1 0 0 1 0 0 0 1 0 0 0 0 1 1 0  94.500 168.700  64.000  52.600 2169.000 0 0 0 1 0 0 0 4  98.000 0 1 0 0 0 0 0 0   3.190 0   3.030 0   9.000  70.000 0 4800.000 0  29.000  34.000 8058.000
0.333 110.000 0 0 0 0 0 1 0 0 0 0 0 0 0 0 0 0 0 0 0 0 0 0 0 0 1 1 0 1 0 0 0 1 0 0 0 0 1 0 1 0 103.300 174.600  64.600  59.800 2535.000 0 0 0 1 0 0 0 4 122.000 0 1 0 0 0 0 0 0   3.340 0   3.460 0   8.500  88.000 0 5000.000 0  24.000  30.000 8921.000
1.000 150.000 0 0 0 0 0 0 0 0 0 1 0 0 0 0 0 0 0 0 0 0 0 0 0 0 1 1 0 0 1 0 0 0 0 1 0 0 0 1 1 0  95.300 169.000  65.700  49.600 2380.000 0 0 0 0 0 0 1 2  70.000 0 0 1 0 0 0 0 0 0.0 1 0.0 1   9.400 101.000 0 6000.000 0  17.000  23.000 11845.000
0.833 137.000 0 0 0 0 0 0 1 0 0 0 0 0 0 0 0 0 0 0 0 0 0 0 0 0 1 1 0 0 1 0 0 0 0 1 0 0 1 0 1 0  86.600 144.600  63.900  50.800 1819.000 0 0 0 1 0 0 0 4  92.000 1 0 0 0 0 0 0 0   2.910 0   3.410 0   9.200  76.000 0 6000.000 0  31.000  38.000 6855.000
0.833 122.000 0 0 0 0 0 0 0 0 0 0 0 0 0 0 0 0 0 0 0 0 0 1 0 0 1 1 0 0 1 0 0 0 1 0 0 0 1 0 1 0  97.300 171.700  65.500  55.700 2209.000 0 0 0 1 0 0 0 4 109.000 0 0 0 0 0 1 0 0   3.190 0   3.400 0   9.000  85.000 0 5250.000 0  27.000  34.000 7975.000
0.667  87.000 0 0 0 0 0 0 0 0 0 0 0 0 0 0 0 0 0 0 0 0 1 0 0 0 1 1 0 0 1 0 0 0 0 1 0 0 1 0 1 0  95.700 158.700  63.600  54.500 1985.000 0 0 0 1 0 0 0 4  92.000 0 1 0 0 0 0 0 0   3.050 0   3.030 0   9.000  62.000 0 4800.000 0  35.000  39.000 5348.000
0.500  85.000 0 0 0 0 0 0 0 0 0 0 0 0 0 0 0 0 0 0 0 1 0 0 0 0 1 1 0 1 0 0 0 1 0 0 0 1 0 0 1 0  96.900 173.600  65.400  54.900 2420.000 0 0 0 0 1 0 0 4 108.000 0 1 0 0 0 0 0 0   3.620 0   2.640 0   9.000  82.000 0 4800.000 0  23.000  29.000 8013.000
0.333  95.000 0 0 0 0 0 0 0 0 0 0 0 0 0 0 0 0 0 0 0 0 0 0 1 0 1 1 0 1 0 0 0 0 1 0 0 0 0 1 1 0 109.100 188.800  68.900  55.500 3012.000 0 0 0 0 0 1 0 6 173.000 0 0 0 0 0 1 0 0   3.580 0   2.870 0   8.800 134.000 0 5500.000 0  18.000  23.000 21485.000
0.667 161.000 0 0 0 0 0 0 0 0 0 0 0 0 1 0 0 0 0 0 0 0 0 0 0 0 1 0 1 0 1 0 0 0 0 1 0 0 1 0 1 0  93.000 157.300  63.800  50.800 2145.000 0 0 0 1 0 0 0 4  98.000 0 0 0 0 0 0 1 0   3.030 0   3.390 0   7.600 102.000 0 5500.000 0  24.000  30.000 7689.000
0.500 115.000 0 0 0 0 0 0 0 0 0 1 0 0 0 0 0 0 0 0 0 0 0 0 0 0 1 1 0 1 0 0 0 0 0 1 0 0 1 0 1 0  98.800 177.800  66.500  55.500 2425.000 0 0 0 1 0 0 0 4 122.000 0 1 0 0 0 0 0 0   3.390 0   3.390 0   8.600  84.000 0 4800.000 0  26.000  32.000 11245.000
0.833 104.000 0 0 0 0 0 0 0 0 0 0 0 0 0 0 0 0 0 0 1 0 0 0 0 0 1 1 0 1 0 0 0 0 1 0 0 0 1 0 1 0  99.100 186.600  66.500  56.100 2758.000 0 0 0 1 0 0 0 4 121.000 0 0 0 0 0 1 0 0   3.540 0   3.070 0   9.300 110.000 0 5250.000 0  21.000  28.000 15510.000
0.667 0.0 1 0 0 1 0 0 0 0 0 0 0 0 0 0 0 0 0 0 0 0 0 0 0 0 1 1 0 1 0 0 0 0 1 0 0 0 0 1 1 0 103.500 189.000  66.900  55.700 3055.000 0 0 0 1 0 0 0 6 164.000 0 0 0 0 0 1 0 0   3.310 0   3.190 0   9.000 121.000 0 4250.000 0  20.000  25.000 24565.000
0.500 192.000 0 0 0 1 0 0 0 0 0 0 0 0 0 0 0 0 0 0 0 0 0 0 0 0 1 1 0 1 0 0 0 0 1 0 0 0 0 1 1 0 101.200 176.800  64.800  54.300 2395.000 0 0 0 1 0 0 0 4 108.000 0 0 0 0 0 1 0 0   3.500 0   2.800 0   8.800 101.000 0 5800.000 0  23.000  29.000 16925.000
0.667 168.000 0 0 0 0 0 0 0 0 0 0 0 0 0 0 0 0 0 0 0 0 1 0 0 0 1 1 0 0 1 0 0 0 1 0 0 0 0 1 1 0  94.500 168.700  64.000  52.600 2265.000 1 0 0 0 0 0 0 4  98.000 0 0 0 0 0 1 0 0   3.240 0   3.080 0   9.400 112.000 0 6600.000 0  26.000  29.000 9298.000
0.667 158.000 0 0 1 0 0 0 0 0 0 0 0 0 0 0 0 0 0 0 0 0 0 0 0 0 1 0 1 1 0 0 0 0 1 0 0 0 1 0 1 0 105.800 192.700  71.400  55.900 3086.000 0 0 0 1 0 0 0 5 131.000 0 0 0 0 0 1 0 0   3.130 0   3.400 0   8.300 140.000 0 5500.000 0  17.000  20.000 23875.000
0.667 119.000 0 0 0 0 0 0 0 0 0 0 0 0 0 0 0 1 0 0 0 0 0 0 0 0 1 1 0 0 1 0 0 0 0 1 0 0 1 0 1 0  93.700 157.300  63.800  50.800 1918.000 0 0 0 1 0 0 0 4  90.000 0 1 0 0 0 0 0 0   2.970 0   3.230 0   9.400  68.000 0 5500.000 0  37.000  41.000 5572.000
0.667 154.000 0 0 0 0 0 0 0 0 0 0 0 0 0 0 0 1 0 0 0 0 0 0 0 0 1 1 0 1 0 0 0 0 1 0 0 0 1 0 1 0  93.700 167.300  63.800  50.800 1989.000 0 0 0 1 0 0 0 4  90.000 0 1 0 0 0 0 0 0   2.970 0   3.230 0   9.400  68.000 0 5500.000 0  31.000  38.000 6692.000
0.500 0.0 1 0 0 0 0 0 0 0 0 0 1 0 0 0 0 0 0 0 0 0 0 0 0 0 1 1 0 1 0 0 0 0 1 0 0 0 0 1 1 0 120.900 208.100  71.700  56.700 3900.000 0 0 0 0 0 1 0 8 308.000 0 0 0 0 0 1 0 0   3.800 0   3.350 0   8.000 184.000 0 4500.000 0  14.000  16.000 40960.000
1.000 0.0 1 0 0 0 0 0 0 0 0 0 0 0 0 0 0 0 1 0 0 0 0 0 0 0 1 1 0 0 1 0 1 0 0 0 0 0 0 1 0 1  89.500 168.900  65.000  51.600 2756.000 0 0 0 0 1 0 0 6 194.000 0 0 0 0 0 1 0 0   3.740 0   2.900 0   9.500 207.000 0 5900.000 0  17.000  25.000 34028.000
0.500  91.000 0 0 0 0 0 0 0 0 0 0 0 0 0 0 0 0 0 0 0 0 1 0 0 0 1 1 0 1 0 0 0 0 0 1 0 0 1 0 1 0  95.700 166.300  64.400  52.800 2109.000 0 0 0 1 0 0 0 4  98.000 0 1 0 0 0 0 0 0   3.190 0   3.030 0   9.000  70.000 0 4800.000 0  30.000  37.000 7198.000
0.500 108.000 0 0 0 0 0 0 0 0 0 0 0 0 0 1 0 0 0 0 0 0 0 0 0 0 1 1 0 1 0 0 0 1 0 0 0 0 1 0 1 0 100.400 184.600  66.500  56.100 3296.000 0 0 0 0 0 1 0 6 181.000 0 0 0 0 0 1 0 0   3.430 0   3.270 0   9.000 152.000 0 5200.000 0  17.000  22.000 14399.000
0.500 0.0 1 0 0 0 0 0 0 0 0 0 0 0 0 0 1 0 0 0 0 0 0 0 0 1 0 0 1 1 0 0 0 1 0 0 0 0 0 1 1 0 114.200 198.900  68.400  58.700 3485.000 0 0 1 0 0 0 0 4 152.000 0 0 0 1 0 0 0 0   3.700 0   3.520 0  21.000  95.000 0 4150.000 0  25.000  25.000 17075.000
0.333 0.0 1 0 0 0 0 0 0 0 0 0 0 0 0 0 0 0 0 0 0 0 1 0 0 0 1 1 0 1 0 0 0 1 0 0 0 0 0 1 1 0 104.500 187.800  66.500  54.100 3151.000 1 0 0 0 0 0 0 6 161.000 0 0 0 0 0 1 0 0   3.270 0   3.350 0   9.200 156.000 0 5200.000 0  19.000  24.000 15750.000
0.833 192.000 0 0 0 1 0 0 0 0 0 0 0 0 0 0 0 0 0 0 0 0 0 0 0 0 1 1 0 0 1 0 0 0 1 0 0 0 0 1 1 0 101.200 176.800  64.800  54.300 2395.000 0 0 0 1 0 0 0 4 108.000 0 0 0 0 0 1 0 0   3.500 0   2.800 0   8.800 101.000 0 5800.000 0  23.000  29.000 16430.000
1.000 186.000 0 0 0 0 0 0 0 0 0 0 0 0 0 0 0 0 1 0 0 0 0 0 0 0 1 1 0 0 1 0 0 0 0 1 0 0 0 1 1 0  94.500 168.900  68.300  50.200 2778.000 0 0 0 1 0 0 0 4 151.000 0 0 0 0 0 1 0 0   3.940 0   3.110 0   9.500 143.000 0 5500.000 0  19.000  27.000 22018.000
0.667 231.000 0 0 0 0 0 0 0 0 0 0 0 0 0 1 0 0 0 0 0 0 0 0 0 0 1 1 0 0 1 0 0 0 0 1 0 0 0 1 1 0  99.200 178.500  67.900  49.700 3139.000 0 0 0 0 0 1 0 6 181.000 0 0 0 0 0 1 0 0   3.430 0   3.270 0   9.000 160.000 0 5200.000 0  19.000  25.000 18399.000
0.833 134.000 0 0 0 0 0 0 0 0 0 0 0 0 0 0 0 0 0 0 0 0 1 0 0 0 1 1 0 0 1 0 0 0 0 0 1 0 0 1 1 0  98.400 176.200  65.600  53.000 2975.000 0 0 0 1 0 0 0 4 146.000 0 0 0 0 0 1 0 0   3.620 0   3.500 0   9.300 116.000 0 4800.000 0  24.000  30.000 17669.000
1.000 0.0 1 0 0 0 0 0 0 0 0 0 0 0 0 0 0 0 1 0 0 0 0 0 0 0 1 1 0 0 1 0 0 0 0 0 1 0 0 1 0 1  89.500 168.900  65.000  51.600 2800.000 0 0 0 0 1 0 0 6 194.000 0 0 0 0 0 1 0 0   3.740 0   2.900 0   9.500 207.000 0 5900.000 0  17.000  25.000 37028.000
0.500 102.000 0 0 0 0 0 0 0 0 0 0 0 0 0 0 0 0 0 0 0 1 0 0 0 0 1 1 0 1 0 0 0 0 1 0 0 0 1 0 1 0  97.200 172.000  65.400  52.500 2190.000 0 0 0 0 1 0 0 4 108.000 0 1 0 0 0 0 0 0   3.620 0   2.640 0   9.500  82.000 0 4400.000 0  28.000  33.000 7775.000
0.667 104.000 0 0 0 0 0 0 0 0 0 1 0 0 0 0 0 0 0 0 0 0 0 0 0 0 1 1 0 0 1 0 0 0 0 1 0 0 1 0 1 0  93.100 159.100  64.200  54.100 1905.000 0 0 0 1 0 0 0 4  91.000 0 1 0 0 0 0 0 0   3.030 0   3.150 0   9.000  68.000 0 5000.000 0  31.000  38.000 6795.000
0.667 168.000 0 0 0 0 0 0 0 0 0 0 0 0 0 0 0 0 0 0 0 0 1 0 0 0 1 1 0 0 1 0 0 0 0 1 0 0 0 1 1 0  94.500 168.700  64.000  52.600 2300.000 1 0 0 0 0 0 0 4  98.000 0 0 0 0 0 1 0 0   3.240 0   3.080 0   9.400 112.000 0 6600.000 0  26.000  29.000 9538.000
0.833 134.000 0 0 0 0 0 0 0 0 0 0 0 0 0 0 0 0 0 0 0 0 1 0 0 0 1 1 0 0 1 0 1 0 0 0 0 0 0 1 1 0  98.400 176.200  65.600  52.000 2536.000 0 0 0 1 0 0 0 4 146.000 0 0 0 0 0 1 0 0   3.620 0   3.500 0   9.300 116.000 0 4800.000 0  24.000  30.000 9639.000
0.500 102.000 0 0 0 0 0 0 0 0 0 0 0 0 0 0 0 0 0 0 0 1 0 0 0 0 1 1 0 1 0 0 0 0 1 0 0 0 1 0 1 0  97.200 172.000  65.400  52.500 2145.000 0 0 0 0 1 0 0 4 108.000 0 1 0 0 0 0 0 0   3.620 0   2.640 0   9.500  82.000 0 4800.000 0  32.000  37.000 7126.000
0.667 119.000 0 0 0 0 0 0 0 0 0 0 0 0 0 0 0 1 0 0 0 0 0 0 0 0 1 0 1 0 1 0 0 0 0 1 0 0 1 0 1 0  93.700 157.300  63.800  50.800 2128.000 0 0 0 1 0 0 0 4  98.000 0 0 0 0 0 0 1 0   3.030 0   3.390 0   7.600 102.000 0 5500.000 0  24.000  30.000 7957.000
0.500 128.000 0 0 0 0 0 0 0 0 0 0 0 0 0 1 0 0 0 0 0 0 0 0 0 0 1 1 0 1 0 0 0 0 1 0 0 0 1 0 1 0 100.400 181.700  66.500  55.100 3095.000 0 0 0 0 0 1 0 6 181.000 0 0 0 0 0 1 0 0   3.430 0   3.270 0   9.000 152.000 0 5200.000 0  17.000  22.000 13499.000
0.333  65.000 0 0 0 0 0 0 0 0 0 0 0 0 0 0 0 0 0 0 0 0 1 0 0 0 1 1 0 1 0 0 0 0 1 0 0 0 1 0 1 0 102.400 175.600  66.500  54.900 2326.000 0 0 0 1 0 0 0 4 122.000 0 0 0 0 0 1 0 0   3.310 0   3.540 0   8.700  92.000 0 4200.000 0  29.000  34.000 8948.000
0.500  91.000 0 0 0 0 0 0 0 0 0 0 0 0 0 0 0 0 0 0 0 0 1 0 0 0 1 1 0 1 0 0 0 0 1 0 0 0 1 0 1 0  95.700 166.300  64.400  53.000 2094.000 0 0 0 1 0 0 0 4  98.000 0 1 0 0 0 0 0 0   3.190 0   3.030 0   9.000  70.000 0 4800.000 0  38.000  47.000 7738.000
0.667 158.000 0 0 1 0 0 0 0 0 0 0 0 0 0 0 0 0 0 0 0 0 0 0 0 0 1 1 0 1 0 0 0 0 1 0 0 0 1 0 1 0 105.800 192.700  71.400  55.700 2844.000 0 0 0 1 0 0 0 5 136.000 0 0 0 0 0 1 0 0   3.190 0   3.400 0   8.500 110.000 0 5500.000 0  19.000  25.000 17710.000
1.000 150.000 0 0 0 0 0 0 0 0 0 0 0 0 0 0 0 0 0 0 1 0 0 0 0 0 1 1 0 0 1 0 0 0 0 1 0 0 1 0 1 0  99.100 186.600  66.500  56.100 2707.000 0 0 0 1 0 0 0 4 121.000 0 0 0 0 0 1 0 0   2.540 0   2.070 0   9.300 110.000 0 5250.000 0  21.000  28.000 15040.000
0.500 0.0 1 0 0 0 0 0 0 0 0 0 0 0 0 0 0 0 0 0 0 0 0 1 0 1 0 0 1 1 0 0 0 0 1 0 0 0 1 0 1 0 100.400 180.200  66.900  55.100 2579.000 0 0 0 1 0 0 0 4  97.000 0 0 0 1 0 0 0 0   3.010 0   3.400 0  23.000  68.000 0 4500.000 0  33.000  38.000 13845.000
0.833 104.000 0 0 0 0 0 0 0 0 0 0 0 0 0 0 0 0 0 0 1 0 0 0 0 0 1 0 1 1 0 0 0 0 1 0 0 0 1 0 1 0  99.100 186.600  66.500  56.100 2847.000 1 0 0 0 0 0 0 4 121.000 0 0 0 0 0 1 0 0   3.540 0   3.070 0   9.000 160.000 0 5500.000 0  19.000  26.000 18620.000
1.000 0.0 1 0 0 0 0 0 0 0 0 0 0 0 0 0 0 0 1 0 0 0 0 0 0 0 1 1 0 0 1 0 1 0 0 0 0 0 0 1 0 1  89.500 168.900  65.000  51.600 2756.000 0 0 0 0 1 0 0 6 194.000 0 0 0 0 0 1 0 0   3.740 0   2.900 0   9.500 207.000 0 5900.000 0  17.000  25.000 32528.000
0.833 122.000 0 0 0 0 0 0 0 0 0 0 0 0 0 0 0 0 0 0 0 0 0 1 0 1 0 1 0 0 1 0 0 0 1 0 0 0 1 0 1 0  97.300 171.700  65.500  55.700 2261.000 0 0 0 1 0 0 0 4  97.000 0 0 0 1 0 0 0 0   3.010 0   3.400 0  23.000  52.000 0 4800.000 0  37.000  46.000 7775.000
0.500 115.000 0 0 0 0 0 0 0 0 0 1 0 0 0 0 0 0 0 0 0 0 0 0 0 0 1 1 0 1 0 0 0 0 1 0 0 0 1 0 1 0  98.800 177.800  66.500  55.500 2410.000 0 0 0 1 0 0 0 4 122.000 0 1 0 0 0 0 0 0   3.390 0   3.390 0   8.600  84.000 0 4800.000 0  26.000  32.000 8495.000
0.667 154.000 0 0 0 0 0 0 0 0 0 0 0 0 0 0 0 1 0 0 0 0 0 0 0 0 1 1 0 1 0 0 0 0 0 1 0 0 1 0 1 0  93.700 157.300  63.800  50.600 1967.000 0 0 0 1 0 0 0 4  90.000 0 1 0 0 0 0 0 0   2.970 0   3.230 0   9.400  68.000 0 5500.000 0  31.000  38.000 6229.000
0.500 188.000 0 0 0 1 0 0 0 0 0 0 0 0 0 0 0 0 0 0 0 0 0 0 0 0 1 1 0 1 0 0 0 0 1 0 0 0 0 1 1 0 101.200 176.800  64.800  54.300 2765.000 0 0 0 1 0 0 0 6 164.000 0 0 0 0 0 1 0 0   3.310 0   3.190 0   9.000 121.000 0 4250.000 0  21.000  28.000 21105.000
0.500 145.000 0 0 0 0 0 0 0 0 1 0 0 0 0 0 0 0 0 0 0 0 0 0 0 0 1 1 0 1 0 0 0 0 1 0 0 0 0 1 1 0 113.000 199.600  69.600  52.800 4066.000 1 0 0 0 0 0 0 6 258.000 0 0 0 0 0 1 0 0   3.630 0   4.170 0   8.100 176.000 0 4750.000 0  15.000  19.000 32250.000
0.500 0.0 1 0 0 1 0 0 0 0 0 0 0 0 0 0 0 0 0 0 0 0 0 0 0 0 1 1 0 1 0 0 0 0 1 0 0 0 0 1 1 0 110.000 197.000  70.900  56.300 3505.000 0 0 0 1 0 0 0 6 209.000 0 0 0 0 0 1 0 0   3.620 0   3.390 0   8.000 182.000 0 5400.000 0  15.000  20.000 36880.000
0.500  91.000 0 0 0 0 0 0 0 0 0 0 0 0 0 0 0 0 0 0 0 0 1 0 0 0 1 1 0 1 0 0 0 0 1 0 0 0 1 0 1 0  95.700 166.300  64.400  52.800 2140.000 0 0 0 1 0 0 0 4  98.000 0 1 0 0 0 0 0 0   3.190 0   3.030 0   9.000  70.000 0 4800.000 0  28.000  34.000 9258.000
0.333  65.000 0 0 0 0 0 0 0 0 0 0 0 0 0 0 0 0 0 0 0 0 1 0 0 0 1 1 0 1 0 0 0 0 0 1 0 0 1 0 1 0 102.400 175.600  66.500  53.900 2414.000 0 0 0 1 0 0 0 4 122.000 0 0 0 0 0 1 0 0   3.310 0   3.540 0   8.700  92.000 0 4200.000 0  27.000  32.000 9988.000
0.667 103.000 0 0 0 0 0 0 0 0 0 0 0 0 0 1 0 0 0 0 0 0 0 0 0 0 1 1 0 1 0 0 0 1 0 0 0 0 1 0 1 0  94.500 170.200  63.800  53.500 2024.000 0 0 0 1 0 0 0 4  97.000 0 1 0 0 0 0 0 0   3.150 0   3.290 0   9.400  69.000 0 5200.000 0  31.000  37.000 7349.000
0.667 0.0 1 0 0 0 0 0 0 0 0 0 0 1 0 0 0 0 0 0 0 0 0 0 0 0 1 0 1 0 1 0 0 0 0 1 0 0 0 1 1 0 102.700 178.400  68.000  54.800 2910.000 0 0 0 1 0 0 0 4 140.000 0 0 0 0 0 1 0 0   3.780 0   3.120 0   8.000 175.000 0 5000.000 0  19.000  24.000 16503.000
0.500 161.000 0 0 0 0 0 0 0 0 0 0 0 0 0 0 1 0 0 0 0 0 0 0 0 0 1 0 1 1 0 0 0 0 1 0 0 0 0 1 1 0 108.000 186.700  68.300  56.000 3130.000 0 0 1 0 0 0 0 4 134.000 0 0 0 0 0 1 0 0   3.610 0   3.210 0   7.000 142.000 0 5600.000 0  18.000  24.000 18150.000
0.667 128.000 0 0 0 0 0 0 0 0 0 0 0 0 0 1 0 0 0 0 0 0 0 0 0 1 0 1 0 0 1 0 0 0 1 0 0 0 1 0 1 0  94.500 165.300  63.800  54.500 2017.000 0 0 0 1 0 0 0 4 103.000 0 0 0 1 0 0 0 0   2.990 0   3.470 0  21.900  55.000 0 4800.000 0  45.000  50.000 7099.000
0.667 122.000 0 0 0 0 0 0 0 0 0 0 0 0 0 1 0 0 0 0 0 0 0 0 0 0 1 1 0 1 0 0 0 0 1 0 0 0 1 0 1 0  94.500 165.300  63.800  54.500 1938.000 0 0 0 1 0 0 0 4  97.000 0 1 0 0 0 0 0 0   3.150 0   3.290 0   9.400  69.000 0 5200.000 0  31.000  37.000 6849.000
1.000 150.000 0 0 0 0 0 0 0 0 0 1 0 0 0 0 0 0 0 0 0 0 0 0 0 0 1 1 0 0 1 0 0 0 0 1 0 0 0 1 1 0  95.300 169.000  65.700  49.600 2500.000 0 0 0 0 0 0 1 2  80.000 0 0 0 0 0 1 0 0 0.0 1 0.0 1   9.400 135.000 0 6000.000 0  16.000  23.000 15645.000
0.500 0.0 1 0 0 0 0 0 0 0 0 0 0 0 0 0 1 0 0 0 0 0 0 0 0 1 0 0 1 1 0 0 0 1 0 0 0 0 0 1 1 0 114.200 198.900  68.400  58.700 3430.000 0 0 1 0 0 0 0 4 152.000 0 0 0 1 0 0 0 0   3.700 0   3.520 0  21.000  95.000 0 4150.000 0  25.000  25.000 13860.000
1.000 194.000 0 0 0 0 0 0 0 0 0 0 0 0 0 1 0 0 0 0 0 0 0 0 0 0 1 0 1 0 1 0 0 0 0 1 0 0 0 1 1 0  91.300 170.700  67.900  49.700 3139.000 0 0 0 0 0 1 0 6 181.000 0 0 0 0 0 1 0 0   3.430 0   3.270 0   7.800 200.000 0 5200.000 0  17.000  23.000 19699.000
0.500 106.000 0 0 0 0 0 0 0 0 0 0 0 0 0 1 0 0 0 0 0 0 0 0 0 0 1 1 0 1 0 0 0 0 0 1 0 0 1 0 1 0  97.200 173.400  65.200  54.700 2324.000 0 0 0 1 0 0 0 4 120.000 0 1 0 0 0 0 0 0   3.330 0   3.470 0   8.500  97.000 0 5200.000 0  27.000  34.000 8949.000
0.500 115.000 0 0 0 0 0 0 0 0 0 1 0 0 0 0 0 0 0 0 0 0 0 0 0 0 1 1 0 1 0 0 0 0 1 0 0 0 1 0 1 0  98.800 177.800  66.500  55.500 2410.000 0 0 0 1 0 0 0 4 122.000 0 1 0 0 0 0 0 0   3.390 0   3.390 0   8.600  84.000 0 4800.000 0  26.000  32.000 10245.000
0.833 161.000 0 0 0 0 0 0 0 0 0 0 0 0 1 0 0 0 0 0 0 0 0 0 0 0 1 1 0 0 1 0 0 0 0 1 0 0 1 0 1 0  93.700 157.300  64.400  50.800 1918.000 0 0 0 1 0 0 0 4  92.000 0 1 0 0 0 0 0 0   2.970 0   3.230 0   9.400  68.000 0 5500.000 0  37.000  41.000 5389.000
0.500  91.000 0 0 0 0 0 0 0 0 0 0 0 0 0 0 0 0 0 0 0 0 1 0 0 0 1 1 0 1 0 0 0 1 0 0 0 1 0 0 1 0  95.700 169.700  63.600  59.100 3110.000 0 0 0 1 0 0 0 4  92.000 0 1 0 0 0 0 0 0   3.050 0   3.030 0   9.000  62.000 0 4800.000 0  27.000  32.000 8778.000
0.500 0.0 1 0 0 0 0 0 0 0 0 1 0 0 0 0 0 0 0 0 0 0 0 0 0 1 0 1 0 0 0 1 0 0 1 0 0 0 1 0 1 0  98.800 177.800  66.500  55.500 2443.000 0 0 0 1 0 0 0 4 122.000 0 0 0 1 0 0 0 0   3.390 0   3.390 0  22.700  64.000 0 4650.000 0  36.000  42.000 10795.000
0.667 128.000 0 0 0 0 0 0 0 0 0 0 0 0 0 1 0 0 0 0 0 0 0 0 0 0 1 1 0 0 1 0 0 0 1 0 0 0 1 0 1 0  94.500 165.300  63.800  54.500 1889.000 0 0 0 1 0 0 0 4  97.000 0 1 0 0 0 0 0 0   3.150 0   3.290 0   9.400  69.000 0 5200.000 0  31.000  37.000 5499.000
0.833 134.000 0 0 0 0 0 0 0 0 0 0 0 0 0 0 0 0 0 0 0 0 1 0 0 0 1 1 0 0 1 0 0 0 0 1 0 0 0 1 1 0  98.400 176.200  65.600  52.000 2551.000 0 0 0 1 0 0 0 4 146.000 0 0 0 0 0 1 0 0   3.620 0   3.500 0   9.300 116.000 0 4800.000 0  24.000  30.000 9989.000
0.833 168.000 0 0 0 0 0 0 0 0 0 0 0 0 0 1 0 0 0 0 0 0 0 0 0 0 1 1 0 0 1 0 1 0 0 0 0 0 1 0 1 0  95.100 162.400  63.800  53.300 2008.000 0 0 0 1 0 0 0 4  97.000 0 1 0 0 0 0 0 0   3.150 0   3.290 0   9.400  69.000 0 5200.000 0  31.000  37.000 8249.000
1.000 150.000 0 0 0 0 0 0 0 0 0 1 0 0 0 0 0 0 0 0 0 0 0 0 0 0 1 1 0 0 1 0 0 0 0 1 0 0 0 1 1 0  95.300 169.000  65.700  49.600 2380.000 0 0 0 0 0 0 1 2  70.000 0 0 1 0 0 0 0 0 0.0 1 0.0 1   9.400 101.000 0 6000.000 0  17.000  23.000 10945.000
0.500  91.000 0 0 0 0 0 0 0 0 0 0 0 0 0 0 0 0 0 0 0 0 1 0 0 1 0 1 0 1 0 0 0 0 0 1 0 0 1 0 1 0  95.700 166.300  64.400  52.800 2275.000 0 0 0 1 0 0 0 4 110.000 0 0 0 1 0 0 0 0   3.270 0   3.350 0  22.500  56.000 0 4500.000 0  38.000  47.000 7788.000
0.833 104.000 0 0 0 0 0 0 0 0 0 0 0 0 0 0 0 0 0 0 1 0 0 0 0 0 1 1 0 1 0 0 0 0 1 0 0 0 1 0 1 0  99.100 186.600  66.500  56.100 2695.000 0 0 0 1 0 0 0 4 121.000 0 0 0 0 0 1 0 0   3.540 0   3.070 0   9.300 110.000 0 5250.000 0  21.000  28.000 12170.000
0.667 148.000 0 0 0 0 0 1 0 0 0 0 0 0 0 0 0 0 0 0 0 0 0 0 0 0 1 0 1 0 0 1 0 0 1 0 0 0 1 0 1 0  93.700 157.300  63.800  50.600 2191.000 0 0 0 1 0 0 0 4  98.000 0 0 0 0 0 1 0 0   3.030 0   3.390 0   7.600 102.000 0 5500.000 0  24.000  30.000 8558.000
0.500  85.000 0 0 0 0 0 0 1 0 0 0 0 0 0 0 0 0 0 0 0 0 0 0 0 0 1 1 0 1 0 0 0 0 1 0 0 0 1 0 1 0  96.500 175.400  65.200  54.100 2304.000 0 0 0 1 0 0 0 4 110.000 1 0 0 0 0 0 0 0   3.150 0   3.580 0   9.000  86.000 0 5800.000 0  27.000  33.000 8845.000
0.667 128.000 0 0 0 0 0 0 0 0 0 0 0 0 0 1 0 0 0 0 0 0 0 0 0 0 1 1 0 0 1 0 0 0 1 0 0 0 1 0 1 0  94.500 165.300  63.800  54.500 1918.000 0 0 0 1 0 0 0 4  97.000 0 1 0 0 0 0 0 0   3.150 0   3.290 0   9.400  69.000 0 5200.000 0  31.000  37.000 6649.000
0.667 148.000 0 0 0 0 0 1 0 0 0 0 0 0 0 0 0 0 0 0 0 0 0 0 0 0 1 1 0 1 0 0 0 0 0 1 0 0 1 0 1 0  93.700 157.300  63.800  50.600 1967.000 0 0 0 1 0 0 0 4  90.000 0 1 0 0 0 0 0 0   2.970 0   3.230 0   9.400  68.000 0 5500.000 0  31.000  38.000 6229.000
0.500 0.0 1 0 0 0 0 0 0 0 1 0 0 0 0 0 0 0 0 0 0 0 0 0 0 0 1 1 0 1 0 0 0 0 1 0 0 0 0 1 1 0 113.000 199.600  69.600  52.800 4066.000 1 0 0 0 0 0 0 6 258.000 0 0 0 0 0 1 0 0   3.630 0   4.170 0   8.100 176.000 0 4750.000 0  15.000  19.000 35550.000
0.667 168.000 0 0 0 0 0 0 0 0 0 0 0 0 0 0 0 0 0 0 0 0 1 0 0 0 1 1 0 0 1 0 0 0 0 1 0 0 0 1 1 0  94.500 168.700  64.000  52.600 2204.000 0 0 0 1 0 0 0 4  98.000 0 1 0 0 0 0 0 0   3.190 0   3.030 0   9.000  70.000 0 4800.000 0  29.000  34.000 8238.000
0.500 0.0 1 0 0 0 0 0 0 1 0 0 0 0 0 0 0 0 0 0 0 0 0 0 0 0 1 1 0 1 0 0 0 0 1 0 0 0 0 1 1 0  94.300 170.700  61.800  53.500 2337.000 0 0 0 1 0 0 0 4 111.000 0 1 0 0 0 0 0 0   3.310 0   3.230 0   8.500  78.000 0 4800.000 0  24.000  29.000 6785.000
1.000 0.0 1 0 0 0 0 0 0 0 0 0 0 0 1 0 0 0 0 0 0 0 0 0 0 0 1 0 1 0 1 0 0 0 0 1 0 0 1 0 1 0  95.900 173.200  66.300  50.200 2926.000 0 0 0 1 0 0 0 4 156.000 0 0 0 0 0 0 1 0   3.590 0   3.860 0   7.000 145.000 0 5000.000 0  19.000  24.000 14489.000
0.833 161.000 0 0 0 0 0 0 0 0 0 0 0 0 1 0 0 0 0 0 0 0 0 0 0 0 1 1 0 0 1 0 0 0 0 1 0 0 1 0 1 0  93.700 157.300  64.400  50.800 2004.000 0 0 0 1 0 0 0 4  92.000 0 1 0 0 0 0 0 0   2.970 0   3.230 0   9.400  68.000 0 5500.000 0  31.000  38.000 6669.000
0.500 0.0 1 0 1 0 0 0 0 0 0 0 0 0 0 0 0 0 0 0 0 0 0 0 0 0 1 0 1 0 1 0 0 0 0 1 0 1 0 0 1 0  99.500 178.200  67.900  52.000 3053.000 0 0 0 1 0 0 0 5 131.000 0 0 0 0 0 1 0 0   3.130 0   3.400 0   7.000 160.000 0 5500.000 0  16.000  22.000   0.000
0.833 134.000 0 0 0 0 0 0 0 0 0 0 0 0 0 0 0 0 0 0 0 0 1 0 0 0 1 1 0 0 1 0 1 0 0 0 0 0 0 1 1 0  98.400 176.200  65.600  52.000 2540.000 0 0 0 1 0 0 0 4 146.000 0 0 0 0 0 1 0 0   3.620 0   3.500 0   9.300 116.000 0 4800.000 0  24.000  30.000 8449.000
0.333  90.000 0 0 0 0 0 0 0 0 0 0 0 0 0 0 0 0 0 0 0 0 1 0 0 0 1 1 0 1 0 0 0 0 1 0 0 0 0 1 1 0 104.500 187.800  66.500  54.100 3131.000 1 0 0 0 0 0 0 6 171.000 0 0 0 0 0 1 0 0   3.270 0   3.350 0   9.200 156.000 0 5200.000 0  20.000  24.000 15690.000
0.667 129.000 0 0 0 0 0 0 0 0 0 1 0 0 0 0 0 0 0 0 0 0 0 0 0 0 1 1 0 0 1 0 0 0 0 1 0 0 1 0 1 0  98.800 177.800  66.500  53.700 2385.000 0 0 0 1 0 0 0 4 122.000 0 1 0 0 0 0 0 0   3.390 0   3.390 0   8.600  84.000 0 4800.000 0  26.000  32.000 10595.000
0.333  95.000 0 0 0 0 0 0 0 0 0 0 0 0 0 0 0 0 0 0 0 0 0 0 1 0 1 1 0 1 0 0 0 0 1 0 0 0 0 1 1 0 109.100 188.800  68.900  55.500 2952.000 0 0 0 1 0 0 0 4 141.000 0 0 0 0 0 1 0 0   3.780 0   3.150 0   9.500 114.000 0 5400.000 0  23.000  28.000 16845.000
0.333  95.000 0 0 0 0 0 0 0 0 0 0 0 0 0 0 0 0 0 0 0 0 0 0 1 0 1 0 1 1 0 0 0 0 1 0 0 0 0 1 1 0 109.100 188.800  68.900  55.500 3062.000 0 0 0 1 0 0 0 4 141.000 0 0 0 0 0 1 0 0   3.780 0   3.150 0   9.500 114.000 0 5400.000 0  19.000  25.000 22625.000
0.500 106.000 0 0 0 0 0 0 1 0 0 0 0 0 0 0 0 0 0 0 0 0 0 0 0 0 1 1 0 0 1 0 0 0 0 1 0 0 1 0 1 0  96.500 167.500  65.200  53.300 2289.000 0 0 0 1 0 0 0 4 110.000 1 0 0 0 0 0 0 0   3.150 0   3.580 0   9.000  86.000 0 5800.000 0  27.000  33.000 9095.000
0.500  78.000 0 0 0 0 0 0 1 0 0 0 0 0 0 0 0 0 0 0 0 0 0 0 0 0 1 1 0 1 0 0 0 1 0 0 0 0 1 0 1 0  96.500 157.100  63.900  58.300 2024.000 0 0 0 1 0 0 0 4  92.000 1 0 0 0 0 0 0 0   2.920 0   3.410 0   9.200  76.000 0 6000.000 0  30.000  34.000 7295.000
0.667 0.0 1 0 0 0 0 0 0 0 0 0 0 0 0 0 0 0 1 0 0 0 0 0 0 0 1 1 0 0 1 0 0 0 0 1 0 0 0 1 1 0  98.400 175.700  72.300  50.500 3366.000 0 1 0 0 0 0 0 8 203.000 0 0 0 0 0 1 0 0   3.940 0   3.110 0  10.000 288.000 0 5750.000 0  17.000  28.000   0.000
0.833 121.000 0 0 0 0 1 0 0 0 0 0 0 0 0 0 0 0 0 0 0 0 0 0 0 0 1 1 0 0 1 0 0 0 0 1 0 0 1 0 1 0  88.400 141.100  60.300  53.200 1488.000 0 0 1 0 0 0 0 3  61.000 0 1 0 0 0 0 0 0   2.910 0   3.030 0   9.500  48.000 0 5100.000 0  47.000  53.000 5151.000
0.500  77.000 0 0 0 0 0 0 0 0 0 0 0 0 0 0 0 0 0 0 0 0 1 0 0 0 1 1 0 1 0 0 0 1 0 0 0 0 1 0 1 0  95.700 169.700  63.600  59.100 2280.000 0 0 0 1 0 0 0 4  92.000 0 1 0 0 0 0 0 0   3.050 0   3.030 0   9.000  62.000 0 4800.000 0  31.000  37.000 6918.000
0.500 118.000 0 0 0 0 0 0 0 0 0 1 0 0 0 0 0 0 0 0 0 0 0 0 0 0 1 1 0 1 0 0 0 0 1 0 0 0 0 1 1 0 104.900 175.000  66.100  54.400 2670.000 0 0 0 1 0 0 0 4 140.000 0 0 0 0 0 1 0 0   3.760 0   3.160 0   8.000 120.000 0 5000.000 0  19.000  27.000 18280.000
0.667 113.000 0 0 0 0 0 0 0 0 0 1 0 0 0 0 0 0 0 0 0 0 0 0 0 0 1 1 0 1 0 0 0 0 1 0 0 0 1 0 1 0  93.100 166.800  64.200  54.100 1945.000 0 0 0 1 0 0 0 4  91.000 0 1 0 0 0 0 0 0   3.030 0   3.150 0   9.000  68.000 0 5000.000 0  31.000  38.000 6695.000
0.500 0.0 1 0 0 1 0 0 0 0 0 0 0 0 0 0 0 0 0 0 0 0 0 0 0 0 1 1 0 0 1 0 0 0 1 0 0 0 0 1 1 0 103.500 193.800  67.900  53.700 3380.000 0 0 0 1 0 0 0 6 209.000 0 0 0 0 0 1 0 0   3.620 0   3.390 0   8.000 182.000 0 5400.000 0  16.000  22.000 41315.000
0.667 118.000 0 0 0 0 0 1 0 0 0 0 0 0 0 0 0 0 0 0 0 0 0 0 0 0 1 0 1 0 1 0 0 0 0 1 0 0 1 0 1 0  93.700 157.300  63.800  50.800 2128.000 0 0 0 1 0 0 0 4  98.000 0 0 0 0 0 1 0 0   3.030 0   3.390 0   7.600 102.000 0 5500.000 0  24.000  30.000 7957.000
0.333  74.000 0 0 0 0 0 0 0 0 0 0 0 0 0 0 0 0 0 0 0 0 0 0 1 0 1 1 0 1 0 0 0 1 0 0 0 0 0 1 1 0 104.300 188.800  67.200  57.500 3034.000 0 0 0 1 0 0 0 4 141.000 0 0 0 0 0 1 0 0   3.780 0   3.150 0   9.500 114.000 0 5400.000 0  23.000  28.000 13415.000
1.000 197.000 0 0 0 0 0 0 0 0 0 0 0 0 0 0 0 0 0 0 0 0 1 0 0 0 1 1 0 0 1 0 0 0 0 1 0 0 0 1 1 0 102.900 183.500  67.700  52.000 2976.000 1 0 0 0 0 0 0 6 171.000 0 0 0 0 0 1 0 0   3.270 0   3.350 0   9.300 161.000 0 5200.000 0  20.000  24.000 16558.000
1.000 0.0 1 0 0 0 0 0 0 0 0 0 0 0 1 0 0 0 0 0 0 0 0 0 0 0 1 0 1 0 1 0 0 0 0 1 0 0 1 0 1 0  95.900 173.200  66.300  50.200 2833.000 0 0 0 1 0 0 0 4 156.000 0 0 0 0 0 0 1 0   3.580 0   3.860 0   7.000 145.000 0 5000.000 0  19.000  24.000 12629.000
0.667 107.000 0 0 0 0 0 0 1 0 0 0 0 0 0 0 0 0 0 0 0 0 0 0 0 0 1 1 0 0 1 0 0 0 1 0 0 0 1 0 1 0  96.500 169.100  66.000  51.000 2293.000 0 0 0 1 0 0 0 4 110.000 0 1 0 0 0 0 0 0   3.150 0   3.580 0   9.100 100.000 0 5500.000 0  25.000  31.000 10345.000
0.500 0.0 1 0 0 0 0 0 0 0 0 1 0 0 0 0 0 0 0 0 0 0 0 0 0 1 0 1 0 1 0 0 0 0 1 0 0 0 0 1 1 0 104.900 175.000  66.100  54.400 2700.000 0 0 0 1 0 0 0 4 134.000 0 0 0 1 0 0 0 0   3.430 0   3.640 0  22.000  72.000 0 4200.000 0  31.000  39.000 18344.000
0.167 103.000 0 0 0 0 0 0 0 0 0 0 0 0 0 0 0 0 0 0 0 0 0 0 1 0 1 1 0 1 0 0 0 0 1 0 0 0 0 1 1 0 104.300 188.800  67.200  56.200 2912.000 0 0 0 1 0 0 0 4 141.000 0 0 0 0 0 1 0 0   3.780 0   3.150 0   9.500 114.000 0 5400.000 0  23.000  28.000 12940.000
0.333  74.000 0 0 0 0 0 0 0 0 0 0 0 0 0 0 0 1 0 0 0 0 0 0 0 0 1 1 0 1 0 0 0 1 0 0 0 0 1 0 1 0 103.300 174.600  64.600  59.800 2535.000 0 0 0 1 0 0 0 4 122.000 0 1 0 0 0 0 0 0   3.350 0   3.460 0   8.500  88.000 0 5000.000 0  24.000  30.000 8921.000
1.000 197.000 0 0 0 0 0 0 0 0 0 0 0 0 0 0 0 0 0 0 0 0 1 0 0 0 1 1 0 0 1 0 0 0 0 1 0 0 0 1 1 0 102.900 183.500  67.700  52.000 3016.000 1 0 0 0 0 0 0 6 171.000 0 0 0 0 0 1 0 0   3.270 0   3.350 0   9.300 161.000 0 5200.000 0  19.000  24.000 15998.000
0.500 102.000 0 0 0 0 0 0 0 0 0 0 0 0 0 0 0 0 0 0 0 1 0 0 0 0 1 0 1 1 0 0 0 0 1 0 0 1 0 0 1 0  97.000 172.000  65.400  54.300 2510.000 0 0 0 0 1 0 0 4 108.000 0 0 0 0 0 1 0 0   3.620 0   2.640 0   7.700 111.000 0 4800.000 0  24.000  29.000 11259.000
0.500 108.000 0 0 0 0 0 0 0 0 0 0 0 0 0 1 0 0 0 0 0 0 0 0 0 0 1 1 0 1 0 0 0 0 1 0 0 0 1 0 1 0 100.400 184.600  66.500  55.100 3060.000 0 0 0 0 0 1 0 6 181.000 0 0 0 0 0 1 0 0   3.430 0   3.270 0   9.000 152.000 0 5200.000 0  19.000  25.000 13499.000
0.833 0.0 1 0 0 0 0 0 0 0 0 0 0 0 0 0 0 0 0 1 0 0 0 0 0 0 1 1 0 0 1 0 0 0 0 1 0 0 1 0 1 0  96.100 176.800  66.600  50.500 2460.000 0 0 0 1 0 0 0 4 132.000 0 0 0 0 0 1 0 0   3.460 0   3.900 0   8.700 0.0 1 0.0 1  23.000  31.000 9895.000
0.667 103.000 0 0 0 0 0 0 0 0 0 0 0 0 0 1 0 0 0 0 0 0 0 0 0 0 1 1 0 1 0 0 0 1 0 0 0 0 1 0 1 0  94.500 170.200  63.800  53.500 2037.000 0 0 0 1 0 0 0 4  97.000 0 1 0 0 0 0 0 0   3.150 0   3.290 0   9.400  69.000 0 5200.000 0  31.000  37.000 7999.000
0.167 103.000 0 0 0 0 0 0 0 0 0 0 0 0 0 0 0 0 0 0 0 0 0 0 1 0 1 1 0 1 0 0 0 0 1 0 0 0 0 1 1 0 104.300 188.800  67.200  56.200 2935.000 0 0 0 1 0 0 0 4 141.000 0 0 0 0 0 1 0 0   3.780 0   3.150 0   9.500 114.000 0 5400.000 0  24.000  28.000 15985.000
0.667 0.0 1 0 0 0 0 0 0 0 0 0 1 0 0 0 0 0 0 0 0 0 0 0 0 0 1 1 0 0 1 0 1 0 0 0 0 0 0 1 1 0 112.000 199.200  72.000  55.400 3715.000 0 0 0 0 0 1 0 8 304.000 0 0 0 0 0 1 0 0   3.800 0   3.350 0   8.000 184.000 0 4500.000 0  14.000  16.000 45400.000
0.500 0.0 1 0 0 0 0 0 0 0 0 0 0 0 0 0 1 0 0 0 0 0 0 0 0 0 1 1 0 1 0 0 0 1 0 0 0 0 0 1 1 0 114.200 198.900  68.400  58.700 3230.000 0 0 1 0 0 0 0 4 120.000 0 0 0 0 0 1 0 0   3.460 0   3.190 0   8.400  97.000 0 5000.000 0  19.000  24.000 12440.000
0.500 0.0 1 0 0 0 0 0 0 0 0 0 0 0 0 0 1 0 0 0 0 0 0 0 0 0 1 1 0 1 0 0 0 1 0 0 0 0 0 1 1 0 114.200 198.900  68.400  56.700 3285.000 0 0 1 0 0 0 0 4 120.000 0 0 0 0 0 1 0 0   3.460 0   2.190 0   8.400  95.000 0 5000.000 0  19.000  24.000 16695.000
0.500 188.000 0 0 0 1 0 0 0 0 0 0 0 0 0 0 0 0 0 0 0 0 0 0 0 0 1 1 0 0 1 0 0 0 1 0 0 0 0 1 1 0 101.200 176.800  64.800  54.300 2710.000 0 0 0 1 0 0 0 6 164.000 0 0 0 0 0 1 0 0   3.310 0   3.190 0   9.000 121.000 0 4250.000 0  21.000  28.000 20970.000
0.500 106.000 0 0 0 0 0 0 0 0 0 0 0 0 0 1 0 0 0 0 0 0 0 0 0 0 1 1 0 1 0 0 0 0 1 0 0 0 1 0 1 0  97.200 173.400  65.200  54.700 2302.000 0 0 0 1 0 0 0 4 120.000 0 1 0 0 0 0 0 0   3.330 0   3.470 0   8.500  97.000 0 5200.000 0  27.000  34.000 9549.000
0.667 125.000 0 0 0 0 0 0 0 0 0 0 0 0 1 0 0 0 0 0 0 0 0 0 0 0 1 1 0 1 0 0 0 0 1 0 0 0 1 0 1 0  96.300 172.400  65.400  51.600 2365.000 0 0 0 1 0 0 0 4 122.000 0 1 0 0 0 0 0 0   3.350 0   3.460 0   8.500  88.000 0 5000.000 0  25.000  32.000 6989.000
0.333  65.000 0 0 0 0 0 0 0 0 0 0 0 0 0 0 0 0 0 0 0 0 1 0 0 0 1 1 0 1 0 0 0 0 0 1 0 0 1 0 1 0 102.400 175.600  66.500  53.900 2458.000 0 0 0 1 0 0 0 4 122.000 0 0 0 0 0 1 0 0   3.310 0   3.540 0   8.700  92.000 0 4200.000 0  27.000  32.000 11248.000
1.000 0.0 1 0 0 0 0 0 0 0 0 0 0 0 1 0 0 0 0 0 0 0 0 0 0 0 1 0 1 0 1 0 0 0 0 1 0 0 1 0 1 0  95.900 173.200  66.300  50.200 2921.000 0 0 0 1 0 0 0 4 156.000 0 0 0 0 0 0 1 0   3.590 0   3.860 0   7.000 145.000 0 5000.000 0  19.000  24.000 14869.000
0.500  89.000 0 0 0 0 0 0 0 0 0 0 0 0 0 0 0 0 0 0 0 1 0 0 0 0 1 1 0 1 0 0 0 1 0 0 0 0 1 0 1 0  97.000 173.500  65.400  53.000 2290.000 0 0 0 0 1 0 0 4 108.000 0 1 0 0 0 0 0 0   3.620 0   2.640 0   9.000  82.000 0 4800.000 0  28.000  32.000 7463.000
0.667  87.000 0 0 0 0 0 0 0 0 0 0 0 0 0 0 0 0 0 0 0 0 1 0 0 0 1 1 0 0 1 0 0 0 0 1 0 0 1 0 1 0  95.700 158.700  63.600  54.500 2040.000 0 0 0 1 0 0 0 4  92.000 0 1 0 0 0 0 0 0   3.050 0   3.030 0   9.000  62.000 0 4800.000 0  31.000  38.000 6338.000
0.667 118.000 0 0 0 0 0 1 0 0 0 0 0 0 0 0 0 0 0 0 0 0 0 0 0 0 1 1 0 0 1 0 0 0 0 1 0 0 1 0 1 0  93.700 157.300  63.800  50.800 1876.000 0 0 0 1 0 0 0 4  90.000 0 1 0 0 0 0 0 0   2.970 0   3.230 0   9.410  68.000 0 5500.000 0  37.000  41.000 5572.000
0.667 101.000 0 0 0 0 0 0 1 0 0 0 0 0 0 0 0 0 0 0 0 0 0 0 0 0 1 1 0 0 1 0 0 0 0 1 0 0 1 0 1 0  93.700 150.000  64.000  52.600 1940.000 0 0 0 1 0 0 0 4  92.000 1 0 0 0 0 0 0 0   2.910 0   3.410 0   9.200  76.000 0 6000.000 0  30.000  34.000 6529.000
0.833  94.000 0 0 0 0 0 0 0 0 0 0 0 0 0 0 0 0 0 0 0 0 0 1 0 0 1 1 0 1 0 0 0 0 1 0 0 0 1 0 1 0  97.300 171.700  65.500  55.700 2300.000 0 0 0 1 0 0 0 4 109.000 0 0 0 0 0 1 0 0   3.190 0   3.400 0  10.000 100.000 0 5500.000 0  26.000  32.000 9995.000
0.333  74.000 0 0 0 0 0 0 0 0 0 0 0 0 0 0 0 0 0 0 0 0 0 0 1 0 1 1 0 1 0 0 0 1 0 0 0 0 0 1 1 0 104.300 188.800  67.200  57.500 3042.000 0 0 0 1 0 0 0 4 141.000 0 0 0 0 0 1 0 0   3.780 0   3.150 0   9.500 114.000 0 5400.000 0  24.000  28.000 16515.000
1.000 153.000 0 0 0 0 0 0 0 0 0 0 0 0 1 0 0 0 0 0 0 0 0 0 0 0 1 1 0 0 1 0 0 0 0 1 0 0 1 0 1 0  96.300 173.000  65.400  49.400 2328.000 0 0 0 1 0 0 0 4 122.000 0 1 0 0 0 0 0 0   3.350 0   3.460 0   8.500  88.000 0 5000.000 0  25.000  32.000 8499.000
0.500 161.000 0 0 0 0 0 0 0 0 0 0 0 0 0 0 1 0 0 0 0 0 0 0 0 0 1 1 0 1 0 0 0 0 1 0 0 0 0 1 1 0 107.900 186.700  68.400  56.700 3020.000 0 0 1 0 0 0 0 4 120.000 0 0 0 0 0 1 0 0   3.460 0   3.190 0   8.400  97.000 0 5000.000 0  19.000  24.000 11900.000
0.833 164.000 0 0 1 0 0 0 0 0 0 0 0 0 0 0 0 0 0 0 0 0 0 0 0 0 1 1 0 1 0 0 0 0 1 0 0 0 1 0 1 0  99.800 176.600  66.200  54.300 2337.000 0 0 0 1 0 0 0 4 109.000 0 0 0 0 0 1 0 0   3.190 0   3.400 0  10.000 102.000 0 5500.000 0  24.000  30.000 13950.000
0.667 104.000 0 0 0 0 0 0 0 0 0 1 0 0 0 0 0 0 0 0 0 0 0 0 0 0 1 1 0 0 1 0 0 0 0 1 0 0 1 0 1 0  93.100 159.100  64.200  54.100 1890.000 0 0 0 1 0 0 0 4  91.000 0 1 0 0 0 0 0 0   3.030 0   3.150 0   9.000  68.000 0 5000.000 0  30.000  31.000 5195.000
0.833  94.000 0 0 0 0 0 0 0 0 0 0 0 0 0 0 0 0 0 0 0 0 0 1 0 1 0 0 1 1 0 0 0 0 1 0 0 0 1 0 1 0  97.300 171.700  65.500  55.700 2319.000 0 0 0 1 0 0 0 4  97.000 0 0 0 1 0 0 0 0   3.010 0   3.400 0  23.000  68.000 0 4500.000 0  37.000  42.000 9495.000
0.667 128.000 0 0 0 0 0 0 0 0 0 0 0 0 0 1 0 0 0 0 0 0 0 0 0 0 1 1 0 0 1 0 0 0 1 0 0 0 1 0 1 0  94.500 165.300  63.800  54.500 1951.000 0 0 0 1 0 0 0 4  97.000 0 1 0 0 0 0 0 0   3.150 0   3.290 0   9.400  69.000 0 5200.000 0  31.000  37.000 7299.000
0.667 125.000 0 0 0 0 0 0 0 0 0 0 0 0 1 0 0 0 0 0 0 0 0 0 0 0 1 0 1 1 0 0 0 0 1 0 0 0 1 0 1 0  96.300 172.400  65.400  51.600 2403.000 0 0 0 1 0 0 0 4 110.000 0 0 0 0 0 0 1 0   3.170 0   3.460 0   7.500 116.000 0 5500.000 0  23.000  30.000 9279.000
0.500 161.000 0 0 0 0 0 0 0 0 0 0 0 0 0 0 1 0 0 0 0 0 0 0 0 0 1 1 0 1 0 0 0 0 1 0 0 0 0 1 1 0 107.900 186.700  68.400  56.700 3075.000 0 0 1 0 0 0 0 4 120.000 0 0 0 0 0 1 0 0   3.460 0   3.190 0   8.400  97.000 0 5000.000 0  19.000  24.000 16630.000
1.000 150.000 0 0 0 0 0 0 0 0 0 1 0 0 0 0 0 0 0 0 0 0 0 0 0 0 1 1 0 0 1 0 0 0 0 1 0 0 0 1 1 0  95.300 169.000  65.700  49.600 2385.000 0 0 0 0 0 0 1 2  70.000 0 0 1 0 0 0 0 0 0.0 1 0.0 1   9.400 101.000 0 6000.000 0  17.000  23.000 13645.000
0.500 102.000 0 0 0 0 0 0 0 0 0 0 0 0 0 0 0 0 0 0 0 1 0 0 0 0 1 1 0 1 0 0 0 0 1 0 0 1 0 0 1 0  97.000 172.000  65.400  54.300 2385.000 0 0 0 0 1 0 0 4 108.000 0 1 0 0 0 0 0 0   3.620 0   2.640 0   9.000  82.000 0 4800.000 0  24.000  25.000 9233.000
1.000 0.0 1 0 0 0 0 0 0 0 0 0 0 0 0 0 0 1 0 0 0 0 0 0 0 0 1 0 1 0 1 0 0 0 0 1 0 0 0 1 1 0  95.900 173.200  66.300  50.200 2818.000 0 0 0 1 0 0 0 4 156.000 0 0 0 0 0 0 1 0   3.590 0   3.860 0   7.000 145.000 0 5000.000 0  19.000  24.000 12764.000
0.333  93.000 0 0 0 0 0 0 0 0 0 0 1 0 0 0 0 0 0 0 0 0 0 0 0 1 0 0 1 1 0 0 0 1 0 0 0 0 0 1 1 0 110.000 190.900  70.300  58.700 3750.000 0 0 0 1 0 0 0 5 183.000 0 0 0 1 0 0 0 0   3.580 0   3.640 0  21.500 123.000 0 4350.000 0  22.000  25.000 28248.000
0.500 161.000 0 0 0 0 0 0 0 0 0 0 0 0 0 0 1 0 0 0 0 0 0 0 0 1 0 0 1 1 0 0 0 0 1 0 0 0 0 1 1 0 107.900 186.700  68.400  56.700 3197.000 0 0 1 0 0 0 0 4 152.000 0 0 0 1 0 0 0 0   3.700 0   3.520 0  21.000  95.000 0 4150.000 0  28.000  33.000 13200.000
0.833 164.000 0 0 1 0 0 0 0 0 0 0 0 0 0 0 0 0 0 0 0 0 0 0 0 0 1 1 0 1 0 0 0 0 1 0 0 1 0 0 1 0  99.400 176.600  66.400  54.300 2824.000 0 0 0 1 0 0 0 5 136.000 0 0 0 0 0 1 0 0   3.190 0   3.400 0   8.000 115.000 0 5500.000 0  18.000  22.000 17450.000
1.000 145.000 0 0 0 0 0 1 0 0 0 0 0 0 0 0 0 0 0 0 0 0 0 0 0 0 1 0 1 0 1 0 0 0 0 1 0 0 1 0 1 0  95.900 173.200  66.300  50.200 2811.000 0 0 0 1 0 0 0 4 156.000 0 0 0 0 1 0 0 0   3.600 0   3.900 0   7.000 145.000 0 5000.000 0  19.000  24.000 12964.000
0.333  95.000 0 0 0 0 0 0 0 0 0 0 0 0 0 0 0 0 0 0 0 0 0 0 1 0 1 0 1 1 0 0 0 0 1 0 0 0 0 1 1 0 109.100 188.800  68.800  55.500 3049.000 0 0 0 1 0 0 0 4 141.000 0 0 0 0 0 1 0 0   3.780 0   3.150 0   8.700 160.000 0 5300.000 0  19.000  25.000 19045.000
0.667 0.0 1 1 0 0 0 0 0 0 0 0 0 0 0 0 0 0 0 0 0 0 0 0 0 0 1 1 0 0 1 0 0 0 0 1 0 0 0 1 1 0  94.500 171.200  65.500  52.400 2823.000 0 0 0 0 0 1 0 6 152.000 0 0 0 0 0 1 0 0   2.680 0   3.470 0   9.000 154.000 0 5000.000 0  19.000  26.000 16500.000
1.000 0.0 1 0 0 0 0 0 0 0 0 0 0 0 0 0 0 0 0 0 0 0 0 1 0 0 1 1 0 0 1 0 0 0 0 0 1 0 1 0 1 0  94.500 159.300  64.200  55.600 2254.000 0 0 0 1 0 0 0 4 109.000 0 0 0 0 0 1 0 0   3.190 0   3.400 0   8.500  90.000 0 5500.000 0  24.000  29.000 11595.000
0.667 101.000 0 0 0 0 0 0 1 0 0 0 0 0 0 0 0 0 0 0 0 0 0 0 0 0 1 1 0 0 1 0 0 0 0 1 0 0 1 0 1 0  93.700 150.000  64.000  52.600 1956.000 0 0 0 1 0 0 0 4  92.000 1 0 0 0 0 0 0 0   2.910 0   3.410 0   9.200  76.000 0 6000.000 0  30.000  34.000 7129.000
1.000 194.000 0 0 0 0 0 0 0 0 0 0 0 0 0 1 0 0 0 0 0 0 0 0 0 0 1 1 0 0 1 0 0 0 0 1 0 0 0 1 1 0  91.300 170.700  67.900  49.700 3071.000 0 0 0 0 0 1 0 6 181.000 0 0 0 0 0 1 0 0   3.430 0   3.270 0   9.000 160.000 0 5200.000 0  19.000  25.000 17199.000
0.333 137.000 0 0 0 0 0 0 0 0 0 0 0 0 1 0 0 0 0 0 0 0 0 0 0 0 1 1 0 1 0 0 0 0 1 0 0 0 1 0 1 0  96.300 172.400  65.400  51.600 2403.000 0 0 0 1 0 0 0 4 110.000 0 0 0 0 0 0 1 0   3.170 0   3.460 0   7.500 116.000 0 5500.000 0  23.000  30.000 9279.000
0.500  93.000 0 0 0 0 0 0 0 0 0 0 1 0 0 0 0 0 0 0 0 0 0 0 0 1 0 0 1 0 1 0 1 0 0 0 0 0 0 1 1 0 106.700 187.500  70.300  54.900 3495.000 0 0 0 1 0 0 0 5 183.000 0 0 0 1 0 0 0 0   3.580 0   3.640 0  21.500 123.000 0 4350.000 0  22.000  25.000 28176.000
0.333  65.000 0 0 0 0 0 0 0 0 0 0 0 0 0 0 0 0 0 0 0 0 1 0 0 1 0 0 1 1 0 0 0 0 1 0 0 0 1 0 1 0 102.400 175.600  66.500  54.900 2480.000 0 0 0 1 0 0 0 4 110.000 0 0 0 1 0 0 0 0   3.270 0   3.350 0  22.500  73.000 0 4500.000 0  30.000  33.000 10698.000
0.333  93.000 0 0 0 0 0 0 0 0 0 0 1 0 0 0 0 0 0 0 0 0 0 0 0 1 0 0 1 1 0 0 0 0 1 0 0 0 0 1 1 0 115.600 202.600  71.700  56.300 3770.000 0 0 0 1 0 0 0 5 183.000 0 0 0 1 0 0 0 0   3.580 0   3.640 0  21.500 123.000 0 4350.000 0  22.000  25.000 31600.000
0.500 0.0 1 0 0 1 0 0 0 0 0 0 0 0 0 0 0 0 0 0 0 0 0 0 0 0 1 1 0 1 0 0 0 0 1 0 0 0 0 1 1 0 103.500 189.000  66.900  55.700 3230.000 0 0 0 1 0 0 0 6 209.000 0 0 0 0 0 1 0 0   3.620 0   3.390 0   8.000 182.000 0 5400.000 0  16.000  22.000 30760.000
0.833 161.000 0 0 0 0 0 0 0 0 0 0 0 0 1 0 0 0 0 0 0 0 0 0 0 0 1 1 0 0 1 0 0 0 0 1 0 0 1 0 1 0  93.700 157.300  64.400  50.800 1944.000 0 0 0 1 0 0 0 4  92.000 0 1 0 0 0 0 0 0   2.970 0   3.230 0   9.400  68.000 0 5500.000 0  31.000  38.000 6189.000
0.500 110.000 0 0 0 0 0 0 1 0 0 0 0 0 0 0 0 0 0 0 0 0 0 0 0 0 1 1 0 1 0 0 0 0 1 0 0 0 1 0 1 0  96.500 163.400  64.000  54.500 2010.000 0 0 0 1 0 0 0 4  92.000 1 0 0 0 0 0 0 0   2.910 0   3.410 0   9.200  76.000 0 6000.000 0  30.000  34.000 7295.000
0.667 154.000 0 0 0 0 0 0 0 0 0 0 0 0 0 0 0 1 0 0 0 0 0 0 0 0 1 1 0 1 0 0 0 0 1 0 0 0 1 0 1 0  93.700 167.300  63.800  50.800 2191.000 0 0 0 1 0 0 0 4  98.000 0 1 0 0 0 0 0 0   2.970 0   3.230 0   9.400  68.000 0 5500.000 0  31.000  38.000 7609.000
0.833  83.000 0 0 0 0 0 0 0 0 0 0 0 0 0 0 0 0 0 0 0 1 0 0 0 0 1 1 0 0 1 0 0 0 0 1 0 0 1 0 1 0  93.700 156.900  63.400  53.700 2050.000 0 0 0 0 1 0 0 4  97.000 0 1 0 0 0 0 0 0   3.620 0   2.360 0   9.000  69.000 0 4900.000 0  31.000  36.000 5118.000
1.000 256.000 0 0 0 0 0 0 0 0 0 0 0 0 0 0 0 0 0 0 0 0 0 1 0 0 1 1 0 0 1 0 0 0 0 1 0 0 1 0 1 0  94.500 165.700  64.000  51.400 2221.000 0 0 0 1 0 0 0 4 109.000 0 0 0 0 0 1 0 0   3.190 0   3.400 0   8.500  90.000 0 5500.000 0  24.000  29.000 9980.000
0.667 104.000 0 0 0 0 0 0 0 0 0 1 0 0 0 0 0 0 0 0 0 0 0 0 0 0 1 1 0 0 1 0 0 0 0 1 0 0 1 0 1 0  93.100 159.100  64.200  54.100 1900.000 0 0 0 1 0 0 0 4  91.000 0 1 0 0 0 0 0 0   3.030 0   3.150 0   9.000  68.000 0 5000.000 0  31.000  38.000 6095.000
0.500  85.000 0 0 0 0 0 0 1 0 0 0 0 0 0 0 0 0 0 0 0 0 0 0 0 0 1 1 0 1 0 0 0 0 1 0 0 0 1 0 1 0  96.500 175.400  65.200  54.100 2465.000 0 0 0 1 0 0 0 4 110.000 0 0 0 0 0 1 0 0   3.150 0   3.580 0   9.000 101.000 0 5800.000 0  24.000  28.000 12945.000
0.833 134.000 0 0 0 0 0 0 0 0 0 0 0 0 0 0 0 0 0 0 0 0 1 0 0 0 1 1 0 0 1 0 0 0 0 1 0 0 0 1 1 0  98.400 176.200  65.600  52.000 2714.000 0 0 0 1 0 0 0 4 146.000 0 0 0 0 0 1 0 0   3.620 0   3.500 0   9.300 116.000 0 4800.000 0  24.000  30.000 11549.000
0.833  94.000 0 0 0 0 0 0 0 0 0 0 0 0 0 0 0 0 0 0 0 0 0 1 0 1 0 1 0 1 0 0 0 0 1 0 0 0 1 0 1 0  97.300 171.700  65.500  55.700 2264.000 0 0 0 1 0 0 0 4  97.000 0 0 0 1 0 0 0 0   3.010 0   3.400 0  23.000  52.000 0 4800.000 0  37.000  46.000 7995.000
0.500  81.000 0 0 0 0 0 0 0 0 0 0 0 0 0 0 0 0 0 0 0 0 1 0 0 0 1 1 0 1 0 0 0 1 0 0 0 1 0 0 1 0  95.700 169.700  63.600  59.100 2290.000 0 0 0 1 0 0 0 4  92.000 0 1 0 0 0 0 0 0   3.050 0   3.030 0   9.000  62.000 0 4800.000 0  27.000  32.000 7898.000
0.500  89.000 0 0 0 0 0 0 0 0 0 0 0 0 0 0 0 0 0 0 0 1 0 0 0 0 1 1 0 1 0 0 0 1 0 0 0 0 1 0 1 0  97.000 173.500  65.400  53.000 2455.000 0 0 0 0 1 0 0 4 108.000 0 0 0 0 0 1 0 0   3.620 0   2.640 0   9.000  94.000 0 5200.000 0  25.000  31.000 10198.000
0.500  91.000 0 0 0 0 0 0 0 0 0 0 0 0 0 0 0 0 0 0 0 0 1 0 0 1 0 1 0 1 0 0 0 0 1 0 0 0 1 0 1 0  95.700 166.300  64.400  53.000 2275.000 0 0 0 1 0 0 0 4 110.000 0 0 0 1 0 0 0 0   3.270 0   3.350 0  22.500  56.000 0 4500.000 0  34.000  36.000 7898.000
0.500 102.000 0 0 0 0 0 0 0 0 0 0 0 0 0 0 0 0 0 0 0 1 0 0 0 0 1 1 0 1 0 0 0 0 1 0 0 0 1 0 1 0  97.200 172.000  65.400  52.500 2340.000 0 0 0 0 1 0 0 4 108.000 0 0 0 0 0 1 0 0   3.620 0   2.640 0   9.000  94.000 0 5200.000 0  26.000  32.000 9960.000
0.667 125.000 0 0 0 0 0 0 0 0 0 0 0 0 1 0 0 0 0 0 0 0 0 0 0 0 1 1 0 1 0 0 0 0 1 0 0 0 1 0 1 0  96.300 172.400  65.400  51.600 2405.000 0 0 0 1 0 0 0 4 122.000 0 1 0 0 0 0 0 0   3.350 0   3.460 0   8.500  88.000 0 5000.000 0  25.000  32.000 8189.000
