; Pima per heterog (TOTES les dades)
;
768
;
  7 148.0  72.0  35.0   X    33.600   0.627 30 1 0
  2  85.0  66.0  29.0   X    26.600   0.351 11 0 1
  9 183.0  64.0   X     X    23.300   0.672 12 1 0
  2  89.0  66.0  23.0  94.0  28.100   0.167  1 0 1
  1 137.0  40.0  35.0 168.0  43.100   2.288 13 1 0
  6 116.0  74.0   X     X    25.600   0.201 10 0 1
  4  78.0  50.0  32.0  88.0  31.0     0.248  6 1 0
 11 115.0   X     X     X    35.300   0.134  9 0 1
  3 197.0  70.0  45.0 543.0  30.500   0.158 33 1 0
  9 125.0  96.0   X     X     X       0.232 34 1 0
  5 110.0  92.0   X     X    37.600   0.191 10 0 1
 11 168.0  74.0   X     X    38.0     0.537 14 1 0
 11 139.0  80.0   X     X    27.100   1.441 37 0 1
  2 189.0  60.0  23.0 846.0  30.100   0.398 39 1 0
  6 166.0  72.0  19.0 175.0  25.800   0.587 31 1 0
  8 100.0   X     X     X    30.0     0.484 12 1 0
  1 118.0  84.0  47.0 230.0  45.800   0.551 11 1 0
  8 107.0  74.0   X     X    29.600   0.254 11 1 0
  2 103.0  30.0  38.0  83.0  43.300   0.183 13 0 1
  2 115.0  70.0  30.0  96.0  34.600   0.529 12 1 0
  4 126.0  88.0  41.0 235.0  39.300   0.704  7 0 1
  9  99.0  84.0   X     X    35.400   0.388 30 0 1
  8 196.0  90.0   X     X    39.800   0.451 21 1 0
 10 119.0  80.0  35.0   X    29.0     0.263  9 1 0
 12 143.0  94.0  33.0 146.0  36.600   0.254 31 1 0
 11 125.0  70.0  26.0 115.0  31.100   0.205 21 1 0
  8 147.0  76.0   X     X    39.400   0.257 23 1 0
  2  97.0  66.0  15.0 140.0  23.200   0.487  2 0 1
 14 145.0  82.0  19.0 110.0  22.200   0.245 37 0 1
  6 117.0  92.0   X     X    34.100   0.337 18 0 1
  6 109.0  75.0  26.0   X    36.0     0.546 40 0 1
  4 158.0  76.0  36.0 245.0  31.600   0.851  8 1 0
  4  88.0  58.0  11.0  54.0  24.800   0.267  2 0 1
  7  92.0  92.0   X     X    19.900   0.188  8 0 1
 11 122.0  78.0  31.0   X    27.600   0.512 25 0 1
  5 103.0  60.0  33.0 192.0  24.0     0.966 13 0 1
 12 138.0  76.0   X     X    33.200   0.420 15 0 1
 10 102.0  76.0  37.0   X    32.900   0.665 26 1 0
  3  90.0  68.0  42.0   X    38.200   0.503  7 1 0
  5 111.0  72.0  47.0 207.0  37.100   1.390 36 1 0
  4 180.0  64.0  25.0  70.0  34.0     0.271  6 0 1
  8 133.0  84.0   X     X    40.200   0.696 17 0 1
  8 106.0  92.0  18.0   X    22.700   0.235 28 0 1
 10 171.0 110.0  24.0 240.0  45.400   0.721 34 1 0
  8 159.0  64.0   X     X    27.400   0.294 20 0 1
  1 180.0  66.0  39.0   X    42.0     1.893  5 1 0
  2 146.0  56.0   X     X    29.700   0.564  9 0 1
  3  71.0  70.0  27.0   X    28.0     0.586  2 0 1
  8 103.0  66.0  32.0   X    39.100   0.344 11 1 0
  8 105.0   X     X     X     X       0.305  4 0 1
  2 103.0  80.0  11.0  82.0  19.400   0.491  2 0 1
  2 101.0  50.0  15.0  36.0  24.200   0.526  6 0 1
  6  88.0  66.0  21.0  23.0  24.400   0.342 10 0 1
  9 176.0  90.0  34.0 300.0  33.700   0.467 38 1 0
  8 150.0  66.0  42.0 342.0  34.700   0.718 22 0 1
  2  73.0  50.0  10.0   X    23.0     0.248  1 0 1
  8 187.0  68.0  39.0 304.0  37.700   0.254 21 1 0
  1 100.0  88.0  60.0 110.0  46.800   0.962 11 0 1
  1 146.0  82.0   X     X    40.500   1.781 24 0 1
  1 105.0  64.0  41.0 142.0  41.500   0.173  2 0 1
  3  84.0   X     X     X     X       0.304  1 0 1
  9 133.0  72.0   X     X    32.900   0.270 19 1 0
  6  44.0  62.0   X     X    25.0     0.587 16 0 1
  3 141.0  58.0  34.0 128.0  25.400   0.699  4 0 1
  8 114.0  66.0   X     X    32.800   0.258 22 1 0
  6  99.0  74.0  27.0   X    29.0     0.203 12 0 1
  1 109.0  88.0  30.0   X    32.500   0.855 18 1 0
  3 109.0  92.0   X     X    42.700   0.845 34 0 1
  2  95.0  66.0  13.0  38.0  19.600   0.334  5 0 1
  5 146.0  85.0  27.0 100.0  28.900   0.189  7 0 1
  3 100.0  66.0  20.0  90.0  32.900   0.867  8 1 0
  6 139.0  64.0  35.0 140.0  28.600   0.411  6 0 1
 14 126.0  90.0   X     X    43.400   0.583 22 1 0
  5 129.0  86.0  20.0 270.0  35.100   0.231  3 0 1
  2  79.0  75.0  30.0   X    32.0     0.396  2 0 1
  2   X    48.0  20.0   X    24.700   0.140  2 0 1
  8  62.0  78.0   X     X    32.600   0.391 21 0 1
  6  95.0  72.0  33.0   X    37.700   0.370  7 0 1
  1 131.0   X     X     X    43.200   0.270  6 1 0
  3 112.0  66.0  22.0   X    25.0     0.307  4 0 1
  4 113.0  44.0  13.0   X    22.400   0.140  2 0 1
  3  74.0   X     X     X     X       0.102  2 0 1
  8  83.0  78.0  26.0  71.0  29.300   0.767 16 0 1
  1 101.0  65.0  28.0   X    24.600   0.237  2 0 1
  6 137.0 108.0   X     X    48.800   0.227 17 1 0
  3 110.0  74.0  29.0 125.0  32.400   0.698  7 0 1
 14 106.0  72.0  54.0   X    36.600   0.178 25 0 1
  3 100.0  68.0  25.0  71.0  38.500   0.324  6 0 1
 16 136.0  70.0  32.0 110.0  37.100   0.153 23 1 0
  2 107.0  68.0  19.0   X    26.500   0.165  4 0 1
  2  80.0  55.0   X     X    19.100   0.258  1 0 1
  5 123.0  80.0  15.0 176.0  32.0     0.443 14 0 1
  8  81.0  78.0  40.0  48.0  46.700   0.261 22 0 1
  5 134.0  72.0   X     X    23.800   0.277 40 1 0
  3 142.0  82.0  18.0  64.0  24.700   0.761  1 0 1
  7 144.0  72.0  27.0 228.0  33.900   0.255 20 0 1
  3  92.0  62.0  28.0   X    31.600   0.130  4 0 1
  2  71.0  48.0  18.0  76.0  20.400   0.323  2 0 1
  7  93.0  50.0  30.0  64.0  28.700   0.356  3 0 1
  2 122.0  90.0  51.0 220.0  49.700   0.325 11 1 0
  2 163.0  72.0   X     X    39.0     1.222 13 1 0
  2 151.0  60.0   X     X    26.100   0.179  2 0 1
  1 125.0  96.0   X     X    22.500   0.262  1 0 1
  2  81.0  72.0  18.0  40.0  26.600   0.283  4 0 1
  3  85.0  65.0   X     X    39.600   0.930  7 0 1
  2 126.0  56.0  29.0 152.0  28.700   0.801  1 0 1
  2  96.0 122.0   X     X    22.400   0.207  7 0 1
  5 144.0  58.0  28.0 140.0  29.500   0.287 17 0 1
  4  83.0  58.0  31.0  18.0  34.300   0.336  5 0 1
  1  95.0  85.0  25.0  36.0  37.400   0.247  4 1 0
  4 171.0  72.0  33.0 135.0  33.300   0.199  4 1 0
  9 155.0  62.0  26.0 495.0  34.0     0.543 26 1 0
  2  89.0  76.0  34.0  37.0  31.200   0.192  3 0 1
  5  76.0  62.0   X     X    34.0     0.391  5 0 1
  8 160.0  54.0  32.0 175.0  30.500   0.588 19 1 0
  5 146.0  92.0   X     X    31.200   0.539 41 1 0
  6 124.0  74.0   X     X    34.0     0.220 18 1 0
  6  78.0  48.0   X     X    33.700   0.654  5 0 1
  5  97.0  60.0  23.0   X    28.200   0.443  2 0 1
  5  99.0  76.0  15.0  51.0  23.200   0.223  1 0 1
  1 162.0  76.0  56.0 100.0  53.200   0.759  5 1 0
  7 111.0  64.0  39.0   X    34.200   0.260  4 0 1
  3 107.0  74.0  30.0 100.0  33.600   0.404  3 0 1
  6 132.0  80.0   X     X    26.800   0.186 49 0 1
  1 113.0  76.0   X     X    33.300   0.278  3 1 0
  2  88.0  30.0  42.0  99.0  55.0     0.496  6 1 0
  4 120.0  70.0  30.0 135.0  42.900   0.452 10 0 1
  2 118.0  58.0  36.0  94.0  33.300   0.261  3 0 1
  2 117.0  88.0  24.0 145.0  34.500   0.403 20 1 0
  1 105.0  84.0   X     X    27.900   0.741 42 1 0
  5 173.0  70.0  14.0 168.0  29.700   0.361 13 1 0
 10 122.0  56.0   X     X    33.300   1.114 13 1 0
  4 170.0  64.0  37.0 225.0  34.500   0.356 10 1 0
  9  84.0  74.0  31.0   X    38.300   0.457 19 0 1
  3  96.0  68.0  13.0  49.0  21.100   0.647  6 0 1
  3 125.0  60.0  20.0 140.0  33.800   0.088 11 0 1
  1 100.0  70.0  26.0  50.0  30.800   0.597  1 0 1
  1  93.0  60.0  25.0  92.0  28.700   0.532  2 0 1
  1 129.0  80.0   X     X    31.200   0.703  9 0 1
  6 105.0  72.0  29.0 325.0  36.900   0.159  8 0 1
  4 128.0  78.0   X     X    21.100   0.268 35 0 1
  6 106.0  82.0  30.0   X    39.500   0.286 18 0 1
  3 108.0  52.0  26.0  63.0  32.500   0.318  2 0 1
 11 108.0  66.0   X     X    32.400   0.272 22 1 0
  5 154.0  62.0  31.0 284.0  32.800   0.237  3 0 1
  1 102.0  75.0  23.0   X     X       0.572  1 0 1
 10  57.0  80.0  37.0   X    32.800   0.096 21 0 1
  3 106.0  64.0  35.0 119.0  30.500   1.400 14 0 1
  6 147.0  78.0   X     X    33.700   0.218 45 0 1
  3  90.0  70.0  17.0   X    27.300   0.085  2 0 1
  2 136.0  74.0  50.0 204.0  37.400   0.399  4 0 1
  5 114.0  65.0   X     X    21.900   0.432 17 0 1
 10 156.0  86.0  28.0 155.0  34.300   1.189 22 1 0
  2 153.0  82.0  42.0 485.0  40.600   0.687  3 0 1
  9 188.0  78.0   X     X    47.900   0.137 23 1 0
  8 152.0  88.0  44.0   X    50.0     0.337 16 1 0
  3  99.0  52.0  15.0  94.0  24.600   0.637  1 0 1
  2 109.0  56.0  21.0 135.0  25.200   0.833  3 0 1
  3  88.0  74.0  19.0  53.0  29.0     0.229  2 0 1
 18 163.0  72.0  41.0 114.0  40.900   0.817 27 1 0
  5 151.0  90.0  38.0   X    29.700   0.294 16 0 1
  8 102.0  74.0  40.0 105.0  37.200   0.204 25 0 1
  1 114.0  80.0  34.0 285.0  44.200   0.167  7 0 1
  3 100.0  64.0  23.0   X    29.700   0.368  1 0 1
  1 131.0  88.0   X     X    31.600   0.743 12 1 0
  7 104.0  74.0  18.0 156.0  29.900   0.722 21 1 0
  4 148.0  66.0  25.0   X    32.500   0.256  2 0 1
  5 120.0  68.0   X     X    29.600   0.709 14 0 1
  5 110.0  66.0   X     X    31.900   0.471  9 0 1
  4 111.0  90.0  12.0  78.0  28.400   0.495  9 0 1
  7 102.0  82.0   X     X    30.800   0.180 16 1 0
  7 134.0  70.0  23.0 130.0  35.400   0.542  9 1 0
  3  87.0   X    23.0   X    28.900   0.773  5 0 1
  2  79.0  60.0  42.0  48.0  43.500   0.678  3 0 1
  3  75.0  64.0  24.0  55.0  29.700   0.370 13 0 1
  9 179.0  72.0  42.0 130.0  32.700   0.719 16 1 0
  7  85.0  78.0   X     X    31.200   0.382 22 0 1
  1 129.0 110.0  46.0 130.0  67.100   0.319  6 1 0
  6 143.0  78.0   X     X    45.0     0.190 27 0 1
  6 130.0  82.0   X     X    39.100   0.956 17 1 0
  7  87.0  80.0   X     X    23.200   0.084 12 0 1
  1 119.0  64.0  18.0  92.0  34.900   0.725  3 0 1
  2   X    74.0  20.0  23.0  27.700   0.299  1 0 1
  6  73.0  60.0   X     X    26.800   0.268  7 0 1
  5 141.0  74.0   X     X    27.600   0.244 20 0 1
  8 194.0  68.0  28.0   X    35.900   0.745 21 1 0
  9 181.0  68.0  36.0 495.0  30.100   0.615 40 1 0
  2 128.0  98.0  41.0  58.0  32.0     1.321 13 1 0
  9 109.0  76.0  39.0 114.0  27.900   0.640 11 1 0
  6 139.0  80.0  35.0 160.0  31.600   0.361  5 1 0
  4 111.0  62.0   X     X    22.600   0.142  1 0 1
 10 123.0  70.0  44.0  94.0  33.100   0.374 20 0 1
  8 159.0  66.0   X     X    30.400   0.383 16 1 0
 12 135.0   X     X     X    52.300   0.578 20 1 0
  9  85.0  55.0  20.0   X    24.400   0.136 22 0 1
  6 158.0  84.0  41.0 210.0  39.400   0.395  9 1 0
  2 105.0  58.0   X     X    24.300   0.187  1 0 1
  4 107.0  62.0  13.0  48.0  22.900   0.678  3 1 0
  5 109.0  64.0  44.0  99.0  34.800   0.905  6 1 0
  5 148.0  60.0  27.0 318.0  30.900   0.150  9 1 0
  1 113.0  80.0  16.0   X    31.0     0.874  1 0 1
  2 138.0  82.0   X     X    40.100   0.236  8 0 1
  1 108.0  68.0  20.0   X    27.300   0.787 12 0 1
  3  99.0  70.0  16.0  44.0  20.400   0.235  7 0 1
  7 103.0  72.0  32.0 190.0  37.700   0.324 35 0 1
  6 111.0  72.0  28.0   X    23.900   0.407  7 0 1
  9 196.0  76.0  29.0 280.0  37.500   0.605 37 1 0
  6 162.0 104.0   X     X    37.700   0.151 32 1 0
  2  96.0  64.0  27.0  87.0  33.200   0.289  1 0 1
  8 184.0  84.0  33.0   X    35.500   0.355 21 1 0
  3  81.0  60.0  22.0   X    27.700   0.290  5 0 1
  1 147.0  85.0  54.0   X    42.800   0.375  4 0 1
  8 179.0  95.0  31.0   X    34.200   0.164 40 0 1
  1 140.0  65.0  26.0 130.0  42.600   0.431  4 1 0
 10 112.0  82.0  32.0 175.0  34.200   0.260 16 1 0
 13 151.0  70.0  40.0 271.0  41.800   0.742 18 1 0
  6 109.0  62.0  41.0 129.0  35.800   0.514  5 1 0
  7 125.0  68.0  30.0 120.0  30.0     0.464 12 0 1
  6  85.0  74.0  22.0   X    29.0     1.224 12 1 0
  6 112.0  66.0   X     X    37.800   0.261 21 1 0
  1 177.0  60.0  29.0 478.0  34.600   1.072  1 1 0
  3 158.0  90.0   X     X    31.600   0.805 46 1 0
  8 119.0   X     X     X    25.200   0.209 17 0 1
  8 142.0  60.0  33.0 190.0  28.800   0.687 41 0 1
  2 100.0  66.0  15.0  56.0  23.600   0.666  6 0 1
  2  87.0  78.0  27.0  32.0  34.600   0.101  2 0 1
  1 101.0  76.0   X     X    35.700   0.198  6 0 1
  4 162.0  52.0  38.0   X    37.200   0.652  4 1 0
  5 197.0  70.0  39.0 744.0  36.700   2.329 11 0 1
  1 117.0  80.0  31.0  53.0  45.200   0.089  4 0 1
  5 142.0  86.0   X     X    44.0     0.645  2 1 0
  7 134.0  80.0  37.0 370.0  46.200   0.238 26 1 0
  2  79.0  80.0  25.0  37.0  25.400   0.583  2 0 1
  5 122.0  68.0   X     X    35.0     0.394  9 0 1
  4  74.0  68.0  28.0  45.0  29.700   0.293  3 0 1
  5 171.0  72.0   X     X    43.600   0.479  6 1 0
  8 181.0  84.0  21.0 192.0  35.900   0.586 31 1 0
  1 179.0  90.0  27.0   X    44.100   0.686  3 1 0
 10 164.0  84.0  21.0   X    30.800   0.831 12 1 0
  1 104.0  76.0   X     X    18.400   0.582  7 0 1
  2  91.0  64.0  24.0   X    29.200   0.192  1 0 1
  5  91.0  70.0  32.0  88.0  33.100   0.446  2 0 1
  4 139.0  54.0   X     X    25.600   0.402  2 1 0
  7 119.0  50.0  22.0 176.0  27.100   1.318 13 1 0
  3 146.0  76.0  35.0 194.0  38.200   0.329  9 0 1
 10 184.0  85.0  15.0   X    30.0     1.213 29 1 0
 11 122.0  68.0   X     X    31.200   0.258 21 0 1
  1 165.0  90.0  33.0 680.0  52.300   0.427  3 0 1
 10 124.0  70.0  33.0 402.0  35.400   0.282 14 0 1
  2 111.0  86.0  19.0   X    30.100   0.143  3 0 1
 10 106.0  52.0   X     X    31.200   0.380 22 0 1
  3 129.0  84.0   X     X    28.0     0.284  7 0 1
  3  90.0  80.0  14.0  55.0  24.400   0.249  4 0 1
  1  86.0  68.0  32.0   X    35.800   0.238  5 0 1
 13  92.0  62.0   7.0 258.0  27.600   0.926 24 1 0
  2 113.0  64.0  35.0   X    33.600   0.543  1 1 0
  4 111.0  56.0  39.0   X    30.100   0.557 10 0 1
  3 114.0  68.0  22.0   X    28.700   0.092  5 0 1
  2 193.0  50.0  16.0 375.0  25.900   0.655  4 0 1
 12 155.0  76.0  28.0 150.0  33.300   1.353 31 1 0
  4 191.0  68.0  15.0 130.0  30.900   0.299 14 0 1
  4 141.0   X     X     X    30.0     0.761  7 1 0
  5  95.0  70.0  32.0   X    32.100   0.612  4 0 1
  4 142.0  80.0  15.0   X    32.400   0.200 43 0 1
  5 123.0  62.0   X     X    32.0     0.226 15 1 0
  6  96.0  74.0  18.0  67.0  33.600   0.997 23 0 1
  1 138.0   X     X     X    36.300   0.933  5 1 0
  3 128.0  64.0  42.0   X    40.0     1.101  4 0 1
  1 102.0  52.0   X     X    25.100   0.078  1 0 1
  3 146.0   X     X     X    27.500   0.240  8 1 0
 11 101.0  86.0  37.0   X    45.600   1.136 18 1 0
  3 108.0  62.0  32.0  56.0  25.200   0.128  1 0 1
  4 122.0  78.0   X     X    23.0     0.254 20 0 1
  2  71.0  78.0  50.0  45.0  33.200   0.422  1 0 1
 14 106.0  70.0   X     X    34.200   0.251 32 0 1
  3 100.0  70.0  52.0  57.0  40.500   0.677  5 0 1
  8 106.0  60.0  24.0   X    26.500   0.296  9 1 0
  1 104.0  64.0  23.0 116.0  27.800   0.454  3 0 1
  6 114.0  74.0   X     X    24.900   0.744 37 0 1
  3 108.0  62.0  10.0 278.0  25.300   0.881  2 0 1
  1 146.0  70.0   X     X    37.900   0.334  8 1 0
 11 129.0  76.0  28.0 122.0  35.900   0.280 19 0 1
  8 133.0  88.0  15.0 155.0  32.400   0.262 17 0 1
  8 161.0  86.0   X     X    30.400   0.165 27 1 0
  3 108.0  80.0   X     X    27.0     0.259 32 1 0
  8 136.0  74.0  26.0 135.0  26.0     0.647 31 0 1
  6 155.0  84.0  44.0 545.0  38.700   0.619 14 0 1
  2 119.0  86.0  39.0 220.0  45.600   0.808  9 1 0
  5  96.0  56.0  17.0  49.0  20.800   0.340  6 0 1
  6 108.0  72.0  43.0  75.0  36.100   0.263 13 0 1
  1  78.0  88.0  29.0  40.0  36.900   0.434  1 0 1
  1 107.0  62.0  30.0  74.0  36.600   0.757  5 1 0
  3 128.0  78.0  37.0 182.0  43.300   1.224 11 1 0
  2 128.0  48.0  45.0 194.0  40.500   0.613  4 1 0
  1 161.0  50.0   X     X    21.900   0.254 45 0 1
  7 151.0  62.0  31.0 120.0  35.500   0.692  8 0 1
  3 146.0  70.0  38.0 360.0  28.0     0.337  9 1 0
  1 126.0  84.0  29.0 215.0  30.700   0.520  4 0 1
 15 100.0  78.0  25.0 184.0  36.600   0.412 26 1 0
  9 112.0  72.0   X     X    23.600   0.840 38 0 1
  1 167.0   X     X     X    32.300   0.839 10 1 0
  3 144.0  58.0  33.0 135.0  31.600   0.422  5 1 0
  6  77.0  82.0  41.0  42.0  35.800   0.156 15 0 1
  6 115.0  98.0   X     X    52.900   0.209  8 1 0
  4 150.0  76.0   X     X    21.0     0.207 17 0 1
  3 120.0  76.0  37.0 105.0  39.700   0.215  9 0 1
 11 161.0  68.0  23.0 132.0  25.500   0.326 27 1 0
  1 137.0  68.0  14.0 148.0  24.800   0.143  1 0 1
  1 128.0  68.0  19.0 180.0  30.500   1.391  5 1 0
  3 124.0  68.0  28.0 205.0  32.900   0.875 10 1 0
  7  80.0  66.0  30.0   X    26.200   0.313 21 0 1
  1 106.0  70.0  37.0 148.0  39.400   0.605  2 0 1
  3 155.0  74.0  17.0  96.0  26.600   0.433  7 1 0
  4 113.0  50.0  10.0  85.0  29.500   0.626  5 0 1
  8 109.0  80.0  31.0   X    35.900   1.127 23 1 0
  3 112.0  68.0  22.0  94.0  34.100   0.315  6 0 1
  4  99.0  80.0  11.0  64.0  19.300   0.284 10 0 1
  4 182.0  74.0   X     X    30.500   0.345  9 1 0
  4 115.0  66.0  39.0 140.0  38.100   0.150  8 0 1
  7 194.0  78.0   X     X    23.500   0.129 39 1 0
  5 129.0  60.0  12.0 231.0  27.500   0.527 11 0 1
  4 112.0  74.0  30.0   X    31.600   0.197  5 1 0
  1 124.0  70.0  20.0   X    27.400   0.254 16 1 0
 14 152.0  90.0  33.0  29.0  26.800   0.731 23 1 0
  3 112.0  75.0  32.0   X    35.700   0.148  1 0 1
  2 157.0  72.0  21.0 168.0  25.600   0.123  4 0 1
  2 122.0  64.0  32.0 156.0  35.100   0.692 10 1 0
 11 179.0  70.0   X     X    35.100   0.200 17 0 1
  3 102.0  86.0  36.0 120.0  45.500   0.127  3 1 0
  7 105.0  70.0  32.0  68.0  30.800   0.122 17 0 1
  9 118.0  72.0  19.0   X    23.100   1.476 26 0 1
  3  87.0  58.0  16.0  52.0  32.700   0.166  5 0 1
  2 180.0   X     X     X    43.300   0.282 21 1 0
 13 106.0  80.0   X     X    23.600   0.137 24 0 1
  2  95.0  60.0  18.0  58.0  23.900   0.260  2 0 1
  1 165.0  76.0  43.0 255.0  47.900   0.259  6 0 1
  1 117.0   X     X     X    33.800   0.932 24 0 1
  6 115.0  76.0   X     X    31.200   0.343 24 1 0
 10 152.0  78.0  34.0 171.0  34.200   0.893 13 1 0
  8 178.0  84.0   X     X    39.900   0.331 21 1 0
  2 130.0  70.0  13.0 105.0  25.900   0.472  2 0 1
  2  95.0  74.0  21.0  73.0  25.900   0.673 16 0 1
  2   X    68.0  35.0   X    32.0     0.389  2 0 1
  6 122.0  86.0   X     X    34.700   0.290 13 0 1
  9  95.0  72.0   X     X    36.800   0.485 37 0 1
  9 126.0  88.0  36.0 108.0  38.500   0.349 29 0 1
  2 139.0  46.0  19.0  83.0  28.700   0.654  2 0 1
  4 116.0   X     X     X    23.500   0.187  3 0 1
  4  99.0  62.0  19.0  74.0  21.800   0.279  6 0 1
  6   X    80.0  32.0   X    41.0     0.346 17 1 0
  5  92.0  80.0   X     X    42.200   0.237  9 0 1
  5 137.0  84.0   X     X    31.200   0.252 10 0 1
  4  61.0  82.0  28.0   X    34.400   0.243 26 0 1
  2  90.0  62.0  12.0  43.0  27.200   0.580  4 0 1
  4  90.0  78.0   X     X    42.700   0.559  1 0 1
 10 165.0  88.0   X     X    30.400   0.302 29 1 0
  2 125.0  50.0  40.0 167.0  33.300   0.962  8 1 0
 14 129.0   X    30.0   X    39.900   0.569 24 1 0
 13  88.0  74.0  40.0  54.0  35.300   0.378 28 0 1
  2 196.0  76.0  36.0 249.0  36.500   0.875  9 1 0
  6 189.0  64.0  33.0 325.0  31.200   0.583  9 1 0
  6 158.0  70.0   X     X    29.800   0.207 43 0 1
  6 103.0 108.0  37.0   X    39.200   0.305 45 0 1
  5 146.0  78.0   X     X    38.500   0.520 47 1 0
  5 147.0  74.0  25.0 293.0  34.900   0.385 10 0 1
  6  99.0  54.0  28.0  83.0  34.0     0.499 10 0 1
  7 124.0  72.0   X     X    27.600   0.368  9 1 0
  1 101.0  64.0  17.0   X    21.0     0.252  1 0 1
  4  81.0  86.0  16.0  66.0  27.500   0.306  2 0 1
  2 133.0 102.0  28.0 140.0  32.800   0.234 25 1 0
  4 173.0  82.0  48.0 465.0  38.400   2.137  5 1 0
  1 118.0  64.0  23.0  89.0   X       1.731  1 0 1
  1  84.0  64.0  22.0  66.0  35.800   0.545  1 0 1
  3 105.0  58.0  40.0  94.0  34.900   0.225  5 0 1
  3 122.0  52.0  43.0 158.0  36.200   0.816  8 0 1
 13 140.0  82.0  43.0 325.0  39.200   0.528 38 1 0
  1  98.0  82.0  15.0  84.0  25.200   0.299  2 0 1
  2  87.0  60.0  37.0  75.0  37.200   0.509  2 0 1
  5 156.0  75.0   X     X    48.300   0.238 12 1 0
  1  93.0 100.0  39.0  72.0  43.400   1.021 15 0 1
  2 107.0  72.0  30.0  82.0  30.800   0.821  4 0 1
  1 105.0  68.0  22.0   X    20.0     0.236  2 0 1
  2 109.0  60.0   8.0 182.0  25.400   0.947  1 0 1
  2  90.0  62.0  18.0  59.0  25.100   1.268  5 0 1
  2 125.0  70.0  24.0 110.0  24.300   0.221  5 0 1
  2 119.0  54.0  13.0  50.0  22.300   0.205  4 0 1
  6 116.0  74.0  29.0   X    32.300   0.660 15 1 0
  9 105.0 100.0  36.0   X    43.300   0.239 25 1 0
  6 144.0  82.0  26.0 285.0  32.0     0.452 38 1 0
  4 100.0  68.0  23.0  81.0  31.600   0.949  8 0 1
  2 100.0  66.0  29.0 196.0  32.0     0.444 22 0 1
  6 166.0  76.0   X     X    45.700   0.340  7 1 0
  2 131.0  64.0  14.0 415.0  23.700   0.389  1 0 1
  5 116.0  72.0  12.0  87.0  22.100   0.463 17 0 1
  5 158.0  78.0   X     X    32.900   0.803 11 1 0
  3 127.0  58.0  24.0 275.0  27.700   1.600  5 0 1
  4  96.0  56.0  34.0 115.0  24.700   0.944 19 0 1
  1 131.0  66.0  40.0   X    34.300   0.196  2 1 0
  4  82.0  70.0   X     X    21.100   0.389  5 0 1
  4 193.0  70.0  31.0   X    34.900   0.241  5 1 0
  5  95.0  64.0   X     X    32.0     0.161 11 1 0
  7 137.0  61.0   X     X    24.200   0.151 35 0 1
  6 136.0  84.0  41.0  88.0  35.0     0.286 15 1 0
 10  72.0  78.0  25.0   X    31.600   0.280 18 0 1
  6 168.0  64.0   X     X    32.900   0.135 21 1 0
  3 123.0  48.0  32.0 165.0  42.100   0.520  6 0 1
  5 115.0  72.0   X     X    28.900   0.376 26 1 0
  1 101.0  62.0   X     X    21.900   0.336  5 0 1
  9 197.0  74.0   X     X    25.900   1.191 19 1 0
  2 172.0  68.0  49.0 579.0  42.400   0.702  8 1 0
  7 102.0  90.0  39.0   X    35.700   0.674  8 0 1
  2 112.0  72.0  30.0 176.0  34.400   0.528  5 0 1
  2 143.0  84.0  23.0 310.0  42.400   1.076  2 0 1
  2 143.0  74.0  22.0  61.0  26.200   0.256  1 0 1
  1 138.0  60.0  35.0 167.0  34.600   0.534  1 1 0
  4 173.0  84.0  33.0 474.0  35.700   0.258  2 1 0
  2  97.0  68.0  21.0   X    27.200   1.095  2 0 1
  5 144.0  82.0  32.0   X    38.500   0.554 17 1 0
  2  83.0  68.0   X     X    18.200   0.624  7 0 1
  4 129.0  64.0  29.0 115.0  26.400   0.219  8 1 0
  2 119.0  88.0  41.0 170.0  45.300   0.507  6 0 1
  3  94.0  68.0  18.0  76.0  26.0     0.561  1 0 1
  1 102.0  64.0  46.0  78.0  40.600   0.496  1 0 1
  3 115.0  64.0  22.0   X    30.800   0.421  1 0 1
  9 151.0  78.0  32.0 210.0  42.900   0.516 16 1 0
  5 184.0  78.0  39.0 277.0  37.0     0.264 11 1 0
  1  94.0   X     X     X     X       0.256  5 0 1
  2 181.0  64.0  30.0 180.0  34.100   0.328 18 1 0
  1 135.0  94.0  46.0 145.0  40.600   0.284  6 0 1
  2  95.0  82.0  25.0 180.0  35.0     0.233 23 1 0
  3  99.0   X     X     X    22.200   0.108  3 0 1
  4  89.0  74.0  16.0  85.0  30.400   0.551 18 0 1
  2  80.0  74.0  11.0  60.0  30.0     0.527  2 0 1
  3 139.0  75.0   X     X    25.600   0.167  9 0 1
  2  90.0  68.0   8.0   X    24.500   1.138 16 0 1
  1 141.0   X     X     X    42.400   0.205  9 1 0
 13 140.0  85.0  33.0   X    37.400   0.244 21 0 1
  6 147.0  75.0   X     X    29.900   0.434  8 0 1
  2  97.0  70.0  15.0   X    18.200   0.147  1 0 1
  7 107.0  88.0   X     X    36.800   0.727 11 0 1
  1 189.0 104.0  25.0   X    34.300   0.435 21 1 0
  3  83.0  66.0  23.0  50.0  32.200   0.497  2 0 1
  5 117.0  64.0  27.0 120.0  33.200   0.230  4 0 1
  9 108.0  70.0   X     X    30.500   0.955 13 1 0
  5 117.0  62.0  12.0   X    29.700   0.380 10 1 0
  1 180.0  78.0  63.0  14.0  59.400   2.420  5 1 0
  2 100.0  72.0  12.0  70.0  25.300   0.658  8 0 1
  1  95.0  80.0  45.0  92.0  36.500   0.330  6 0 1
  1 104.0  64.0  37.0  64.0  33.600   0.510  2 1 0
  1 120.0  74.0  18.0  63.0  30.500   0.285  6 0 1
  2  82.0  64.0  13.0  95.0  21.200   0.415  3 0 1
  3 134.0  70.0   X     X    28.900   0.542  3 1 0
  1  91.0  68.0  32.0 210.0  39.900   0.381  5 0 1
  3 119.0   X     X     X    19.600   0.832 52 0 1
  3 100.0  54.0  28.0 105.0  37.800   0.498  4 0 1
 15 175.0  62.0  30.0   X    33.600   0.212 18 1 0
  2 135.0  54.0   X     X    26.700   0.687 42 0 1
  6  86.0  68.0  28.0  71.0  30.200   0.364  4 0 1
 11 148.0  84.0  48.0 237.0  37.600   1.001 31 1 0
 10 134.0  74.0  33.0  60.0  25.900   0.460 61 0 1
 10 120.0  72.0  22.0  56.0  20.800   0.733 28 0 1
  2  71.0  62.0   X     X    21.800   0.416  6 0 1
  9  74.0  70.0  40.0  49.0  35.300   0.705 19 0 1
  6  88.0  78.0  30.0   X    27.600   0.258 17 0 1
 11 115.0  98.0   X     X    24.0     1.022 14 0 1
  1 124.0  56.0  13.0 105.0  21.800   0.452  1 0 1
  1  74.0  52.0  10.0  36.0  27.800   0.269  2 0 1
  1  97.0  64.0  36.0 100.0  36.800   0.600  5 0 1
  9 120.0   X     X     X    30.0     0.183 18 1 0
  7 154.0  78.0  41.0 140.0  46.100   0.571  7 0 1
  2 144.0  82.0  40.0   X    41.300   0.607  8 0 1
  1 137.0  70.0  38.0   X    33.200   0.170  2 0 1
  1 119.0  66.0  27.0   X    38.800   0.259  2 0 1
  8 136.0  90.0   X     X    29.900   0.210 30 0 1
  5 114.0  64.0   X     X    28.900   0.126  4 0 1
  1 137.0  84.0  27.0   X    27.300   0.231 39 0 1
  3 105.0  80.0  45.0 191.0  33.700   0.711  9 1 0
  8 114.0  76.0  17.0 110.0  23.800   0.466 11 0 1
  9 126.0  74.0  38.0  75.0  25.900   0.162 19 0 1
  5 132.0  86.0  31.0   X    28.0     0.419 43 0 1
  4 158.0  70.0  30.0 328.0  35.500   0.344 15 1 0
  1 123.0  88.0  37.0   X    35.200   0.197  9 0 1
  5  85.0  58.0  22.0  49.0  27.800   0.306  8 0 1
  1  84.0  82.0  31.0 125.0  38.200   0.233  3 0 1
  1 145.0   X     X     X    44.200   0.630 11 1 0
  1 135.0  68.0  42.0 250.0  42.300   0.365  4 1 0
  2 139.0  62.0  41.0 480.0  40.700   0.536  1 0 1
  1 173.0  78.0  32.0 265.0  46.500   1.159 38 0 1
  5  99.0  72.0  17.0   X    25.600   0.294  8 0 1
  9 194.0  80.0   X     X    26.100   0.551 47 0 1
  3  83.0  65.0  28.0  66.0  36.800   0.629  4 0 1
  3  89.0  90.0  30.0   X    33.500   0.292 22 0 1
  5  99.0  68.0  38.0   X    32.800   0.145 13 0 1
  5 125.0  70.0  18.0 122.0  28.900   1.144 25 1 0
  4  80.0   X     X     X     X       0.174  2 0 1
  7 166.0  74.0   X     X    26.600   0.304 46 0 1
  6 110.0  68.0   X     X    26.0     0.292 10 0 1
  3  81.0  72.0  15.0  76.0  30.100   0.547  5 0 1
  8 195.0  70.0  33.0 145.0  25.100   0.163 35 1 0
  7 154.0  74.0  32.0 193.0  29.300   0.839 19 0 1
  3 117.0  90.0  19.0  71.0  25.200   0.313  1 0 1
  4  84.0  72.0  32.0   X    37.200   0.267  8 0 1
  7   X    68.0  41.0   X    39.0     0.727 21 1 0
  8  94.0  64.0  25.0  79.0  33.300   0.738 21 0 1
  4  96.0  78.0  39.0   X    37.300   0.238 20 0 1
 11  75.0  82.0   X     X    33.300   0.263 18 0 1
  1 180.0  90.0  26.0  90.0  36.500   0.314 15 1 0
  2 130.0  60.0  23.0 170.0  28.600   0.692  1 0 1
  3  84.0  50.0  23.0  76.0  30.400   0.968  1 0 1
  9 120.0  78.0   X     X    25.0     0.409 44 0 1
 13  84.0  72.0  31.0   X    29.700   0.297 26 1 0
  1 139.0  62.0  17.0 210.0  22.100   0.207  1 0 1
 10  91.0  68.0   X     X    24.200   0.200 38 0 1
  3  91.0  62.0   X     X    27.300   0.525  2 0 1
  4  99.0  54.0  19.0  86.0  25.600   0.154  4 0 1
  4 163.0  70.0  18.0 105.0  31.600   0.268  8 1 0
 10 145.0  88.0  34.0 165.0  30.300   0.771 33 1 0
  8 125.0  86.0   X     X    37.600   0.304 31 0 1
 14  76.0  60.0   X     X    32.800   0.180 21 0 1
  7 129.0  90.0   7.0 326.0  19.600   0.582 40 0 1
  3  68.0  70.0  32.0  66.0  25.0     0.187  5 0 1
  4 124.0  80.0  33.0 130.0  33.200   0.305  6 0 1
  7 114.0   X     X     X     X       0.189  6 0 1
 10 130.0  70.0   X     X    34.200   0.652 25 1 0
  4 125.0  58.0   X     X    31.600   0.151  4 0 1
  4  87.0  60.0  18.0   X    21.800   0.444  1 0 1
  2  97.0  64.0  19.0  82.0  18.200   0.299  1 0 1
  4 116.0  74.0  15.0 105.0  26.300   0.107  4 0 1
  1 117.0  66.0  31.0 188.0  30.800   0.493  2 0 1
  1 111.0  65.0   X     X    24.600   0.660 11 0 1
  3 122.0  60.0  18.0 106.0  29.800   0.717  2 0 1
  1 107.0  76.0   X     X    45.300   0.686  4 0 1
  2  86.0  66.0  52.0  65.0  41.300   0.917  9 0 1
  7  91.0   X     X     X    29.800   0.501 11 0 1
  2  77.0  56.0  30.0  56.0  33.300   1.251  4 0 1
  5 132.0   X     X     X    32.900   0.302  3 1 0
  1 105.0  90.0   X     X    29.600   0.197 26 0 1
  1  57.0  60.0   X     X    21.700   0.735 47 0 1
  1 127.0  80.0  37.0 210.0  36.300   0.804  3 0 1
  4 129.0  92.0  49.0 155.0  36.400   0.968 12 1 0
  9 100.0  74.0  40.0 215.0  39.400   0.661 23 1 0
  4 128.0  72.0  25.0 190.0  32.400   0.549  7 1 0
 11  90.0  85.0  32.0   X    34.900   0.825 36 1 0
  5  84.0  90.0  23.0  56.0  39.500   0.159  5 0 1
  2  88.0  78.0  29.0  76.0  32.0     0.365  9 0 1
  9 186.0  90.0  35.0 225.0  34.500   0.423 17 1 0
  6 187.0  76.0  27.0 207.0  43.600   1.034 33 1 0
  5 131.0  68.0  21.0 166.0  33.100   0.160  8 0 1
  2 164.0  82.0  43.0  67.0  32.800   0.341 30 0 1
  5 189.0 110.0  31.0   X    28.500   0.680 17 0 1
  2 116.0  70.0  28.0   X    27.400   0.204  1 0 1
  4  84.0  68.0  30.0 106.0  31.900   0.591  5 0 1
  7 114.0  88.0   X     X    27.800   0.247 46 0 1
  2  88.0  62.0  24.0  44.0  29.900   0.422  3 0 1
  2  84.0  64.0  23.0 115.0  36.900   0.471  8 0 1
  8 124.0  70.0  33.0 215.0  25.500   0.161 17 0 1
  2  97.0  70.0  40.0   X    38.100   0.218 10 0 1
  9 110.0  76.0   X     X    27.800   0.237 38 0 1
 12 103.0  68.0  40.0   X    46.200   0.126 22 0 1
 12  85.0  74.0   X     X    30.100   0.300 15 0 1
  7 125.0  76.0   X     X    33.800   0.121 34 1 0
  1 198.0  66.0  32.0 274.0  41.300   0.502  8 1 0
  2  87.0  68.0  34.0  77.0  37.600   0.401  4 0 1
  7  99.0  60.0  19.0  54.0  26.900   0.497 12 0 1
  1  91.0  80.0   X     X    32.400   0.601  7 0 1
  3  95.0  54.0  14.0  88.0  26.100   0.748  2 0 1
  2  99.0  72.0  30.0  18.0  38.600   0.412  1 0 1
  7  92.0  62.0  32.0 126.0  32.0     0.085 26 0 1
  5 154.0  72.0  29.0 126.0  31.300   0.338 17 0 1
  1 121.0  66.0  30.0 165.0  34.300   0.203 13 1 0
  4  78.0  70.0   X     X    32.500   0.270 19 0 1
  3 130.0  96.0   X     X    22.600   0.268  1 0 1
  4 111.0  58.0  31.0  44.0  29.500   0.430  2 0 1
  3  98.0  60.0  17.0 120.0  34.700   0.198  2 0 1
  2 143.0  86.0  30.0 330.0  30.100   0.892  3 0 1
  2 119.0  44.0  47.0  63.0  35.500   0.280  5 0 1
  7 108.0  44.0  20.0 130.0  24.0     0.813 15 0 1
  3 118.0  80.0   X     X    42.900   0.693  1 1 0
 11 133.0  68.0   X     X    27.0     0.245 16 0 1
  3 197.0  70.0  99.0   X    34.700   0.575 42 1 0
  1 151.0  90.0  46.0   X    42.100   0.371  1 1 0
  7 109.0  60.0  27.0   X    25.0     0.206  7 0 1
 13 121.0  78.0  17.0   X    26.500   0.259 42 0 1
  9 100.0  76.0   X     X    38.700   0.190 22 0 1
  9 124.0  76.0  24.0 600.0  28.700   0.687 32 1 0
  2  93.0  56.0  11.0   X    22.500   0.417  2 0 1
  9 143.0  66.0   X     X    34.900   0.129 21 1 0
  7 103.0  66.0   X     X    24.300   0.249  9 0 1
  4 176.0  86.0  27.0 156.0  33.300   1.154 32 1 0
  1  73.0   X     X     X    21.100   0.342  5 0 1
 12 111.0  84.0  40.0   X    46.800   0.925 25 1 0
  3 112.0  78.0  50.0 140.0  39.400   0.175  4 0 1
  4 132.0  80.0   X     X    34.400   0.402 24 1 0
  3  82.0  52.0  22.0 115.0  28.500   1.699  5 0 1
  7 123.0  72.0  45.0 230.0  33.600   0.733 14 0 1
  1 188.0  82.0  14.0 185.0  32.0     0.682  2 1 0
  1  67.0  76.0   X     X    45.300   0.194 26 0 1
  2  89.0  24.0  19.0  25.0  27.800   0.559  1 0 1
  2 173.0  74.0   X     X    36.800   0.088 18 1 0
  2 109.0  38.0  18.0 120.0  23.100   0.407  6 0 1
  2 108.0  88.0  19.0   X    27.100   0.400  4 0 1
  7  96.0   X     X     X    23.700   0.190  8 0 1
  2 124.0  74.0  36.0   X    27.800   0.100 10 0 1
  8 150.0  78.0  29.0 126.0  35.200   0.692 34 1 0
  5 183.0   X     X     X    28.400   0.212 16 1 0
  2 124.0  60.0  32.0   X    35.800   0.514  1 0 1
  2 181.0  78.0  42.0 293.0  40.0     1.258  2 1 0
  2  92.0  62.0  25.0  41.0  19.500   0.482  5 0 1
  1 152.0  82.0  39.0 272.0  41.500   0.270  7 0 1
  2 111.0  62.0  13.0 182.0  24.0     0.138  3 0 1
  4 106.0  54.0  21.0 158.0  30.900   0.292  4 0 1
  4 174.0  58.0  22.0 194.0  32.900   0.593 16 1 0
  8 168.0  88.0  42.0 321.0  38.200   0.787 20 1 0
  7 105.0  80.0  28.0   X    32.500   0.878  6 0 1
 12 138.0  74.0  26.0 144.0  36.100   0.557 30 1 0
  4 106.0  72.0   X     X    25.800   0.207  7 0 1
  7 117.0  96.0   X     X    28.700   0.157 10 0 1
  3  68.0  62.0  13.0  15.0  20.100   0.257  3 0 1
 10 112.0  82.0  24.0   X    28.200   1.282 30 1 0
  1 119.0   X     X     X    32.400   0.141  4 1 0
  3 112.0  86.0  42.0 160.0  38.400   0.246  8 0 1
  3  92.0  76.0  20.0   X    24.200   1.698  8 0 1
  7 183.0  94.0   X     X    40.800   1.461 25 0 1
  1  94.0  70.0  27.0 115.0  43.500   0.347  1 0 1
  3 108.0  64.0   X     X    30.800   0.158  1 0 1
  5  90.0  88.0  47.0  54.0  37.700   0.362  9 0 1
  1 125.0  68.0   X     X    24.700   0.206  1 0 1
  1 132.0  78.0   X     X    32.400   0.393  1 0 1
  6 128.0  80.0   X     X    34.600   0.144 25 0 1
  5  94.0  65.0  22.0   X    24.700   0.148  1 0 1
  8 114.0  64.0   X     X    27.400   0.732 14 1 0
  1 102.0  78.0  40.0  90.0  34.500   0.238  4 0 1
  3 111.0  60.0   X     X    26.200   0.343  3 0 1
  2 128.0  82.0  17.0 183.0  27.500   0.115  2 0 1
 11  92.0  62.0   X     X    25.900   0.167 11 0 1
 14 104.0  72.0   X     X    31.200   0.465 18 1 0
  6 104.0  74.0   X     X    28.800   0.153 28 0 1
  3  94.0  76.0  18.0  66.0  31.600   0.649  3 0 1
  8  97.0  76.0  32.0  91.0  40.900   0.871 12 1 0
  2 100.0  74.0  12.0  46.0  19.500   0.149  8 0 1
  1 102.0  86.0  17.0 105.0  29.300   0.695  7 0 1
  5 128.0  70.0   X     X    34.300   0.303  4 0 1
  7 147.0  80.0   X     X    29.500   0.178 30 1 0
  5  90.0   X     X     X    28.0     0.610 11 0 1
  4 103.0  72.0  30.0 152.0  27.600   0.730  7 0 1
  3 157.0  74.0  35.0 440.0  39.400   0.134 10 0 1
  2 167.0  74.0  17.0 144.0  23.400   0.447 13 1 0
  1 179.0  50.0  36.0 159.0  37.800   0.455  2 1 0
 12 136.0  84.0  35.0 130.0  28.300   0.260 22 1 0
  1 107.0  60.0  25.0   X    26.400   0.133  3 0 1
  2  91.0  54.0  25.0 100.0  25.200   0.234  3 0 1
  2 117.0  60.0  23.0 106.0  33.800   0.466  7 0 1
  6 123.0  74.0  40.0  77.0  34.100   0.269  8 0 1
  3 120.0  54.0   X     X    26.800   0.455  7 0 1
  2 106.0  70.0  28.0 135.0  34.200   0.142  2 0 1
  3 155.0  52.0  27.0 540.0  38.700   0.240  5 1 0
  3 101.0  58.0  35.0  90.0  21.800   0.155  2 0 1
  2 120.0  80.0  48.0 200.0  38.900   1.162 21 0 1
 12 127.0 106.0   X     X    39.0     0.190 31 0 1
  4  80.0  82.0  31.0  70.0  34.200   1.292  7 1 0
 11 162.0  84.0   X     X    27.700   0.182 34 0 1
  2 199.0  76.0  43.0   X    42.900   1.394  2 1 0
  9 167.0 106.0  46.0 231.0  37.600   0.165 23 1 0
 10 145.0  80.0  46.0 130.0  37.900   0.637 20 1 0
  7 115.0  60.0  39.0   X    33.700   0.245 20 1 0
  2 112.0  80.0  45.0 132.0  34.800   0.217  4 0 1
  5 145.0  82.0  18.0   X    32.500   0.235 50 1 0
 11 111.0  70.0  27.0   X    27.500   0.141 20 1 0
  7  98.0  58.0  33.0 190.0  34.0     0.430 23 0 1
 10 154.0  78.0  30.0 100.0  30.900   0.164 25 0 1
  7 165.0  68.0  26.0 168.0  33.600   0.631 29 0 1
  2  99.0  58.0  10.0   X    25.400   0.551  1 0 1
 11  68.0 106.0  23.0  49.0  35.500   0.285 27 0 1
  4 123.0 100.0  35.0 240.0  57.300   0.880  2 0 1
  9  91.0  82.0   X     X    35.600   0.587 48 0 1
  7 195.0  70.0   X     X    30.900   0.328 11 1 0
 10 156.0  86.0   X     X    24.800   0.230 33 1 0
  1  93.0  60.0   X     X    35.300   0.263  5 0 1
  4 121.0  52.0   X     X    36.0     0.127  5 1 0
  3 101.0  58.0  17.0 265.0  24.200   0.614  3 0 1
  3  56.0  56.0  28.0  45.0  24.200   0.332  2 0 1
  1 162.0  76.0  36.0   X    49.600   0.364  6 1 0
  1  95.0  64.0  39.0 105.0  44.600   0.366  2 0 1
  5 125.0  80.0   X     X    32.300   0.536  7 1 0
  6 136.0  82.0   X     X     X       0.640 49 0 1
  3 129.0  74.0  26.0 205.0  33.200   0.591  5 0 1
  4 130.0  64.0   X     X    23.100   0.314  2 0 1
  2 107.0  50.0  19.0   X    28.300   0.181  9 0 1
  2 140.0  74.0  26.0 180.0  24.100   0.828  3 0 1
  2 144.0  82.0  46.0 180.0  46.100   0.335 26 1 0
  9 107.0  80.0   X     X    24.600   0.856 14 0 1
 14 158.0 114.0   X     X    42.300   0.257 24 1 0
  3 121.0  70.0  32.0  95.0  39.100   0.886  3 0 1
  8 129.0  68.0  49.0 125.0  38.500   0.439 23 1 0
  3  90.0  60.0   X     X    23.500   0.191  5 0 1
  8 142.0  90.0  24.0 480.0  30.400   0.128 23 1 0
  4 169.0  74.0  19.0 125.0  29.900   0.268 11 1 0
  1  99.0   X     X     X    25.0     0.253  2 0 1
  5 127.0  88.0  11.0 155.0  34.500   0.598  8 0 1
  5 118.0  70.0   X     X    44.500   0.904  6 0 1
  3 122.0  76.0  27.0 200.0  35.900   0.483  6 0 1
  7 125.0  78.0  31.0   X    27.600   0.565 29 1 0
  2 168.0  88.0  29.0   X    35.0     0.905 32 1 0
  3 129.0   X     X     X    38.500   0.304 21 0 1
  5 110.0  76.0  20.0 100.0  28.400   0.118  7 0 1
  7  80.0  80.0  36.0   X    39.800   0.177  8 0 1
 11 115.0   X     X     X     X       0.261 10 1 0
  3 127.0  46.0  21.0 335.0  34.400   0.176  2 0 1
 10 164.0  78.0   X     X    32.800   0.148 25 1 0
  3  93.0  64.0  32.0 160.0  38.0     0.674  3 1 0
  4 158.0  64.0  13.0 387.0  31.200   0.295  4 0 1
  6 126.0  78.0  27.0  22.0  29.600   0.439 20 0 1
 11 129.0  62.0  36.0   X    41.200   0.441 18 1 0
  1 134.0  58.0  20.0 291.0  26.400   0.352  1 0 1
  4 102.0  74.0   X     X    29.500   0.121 12 0 1
  8 187.0  50.0  33.0 392.0  33.900   0.826 14 1 0
  4 173.0  78.0  39.0 185.0  33.800   0.970 11 1 0
 11  94.0  72.0  18.0   X    23.100   0.595 36 0 1
  2 108.0  60.0  46.0 178.0  35.500   0.415  4 0 1
  6  97.0  76.0  27.0   X    35.600   0.378 32 1 0
  5  83.0  86.0  19.0   X    29.300   0.317 14 0 1
  2 114.0  66.0  36.0 200.0  38.100   0.289  1 0 1
  2 149.0  68.0  29.0 127.0  29.300   0.349 22 1 0
  6 117.0  86.0  30.0 105.0  39.100   0.251 22 0 1
  2 111.0  94.0   X     X    32.800   0.265 25 0 1
  5 112.0  78.0  40.0   X    39.400   0.236 18 0 1
  2 116.0  78.0  29.0 180.0  36.100   0.496  5 0 1
  1 141.0  84.0  26.0   X    32.400   0.433  2 0 1
  3 175.0  88.0   X     X    22.900   0.326  2 0 1
  3  92.0  52.0   X     X    30.100   0.141  2 0 1
  4 130.0  78.0  23.0  79.0  28.400   0.323 14 1 0
  9 120.0  86.0   X     X    28.400   0.259  2 1 0
  3 174.0  88.0  37.0 120.0  44.500   0.646  4 1 0
  3 106.0  56.0  27.0 165.0  29.0     0.426  2 0 1
  3 105.0  75.0   X     X    23.300   0.560 33 0 1
  5  95.0  60.0  32.0   X    35.400   0.284  8 0 1
  1 126.0  86.0  27.0 120.0  27.400   0.515  1 0 1
  9  65.0  72.0  23.0   X    32.0     0.600 22 0 1
  3  99.0  60.0  17.0 160.0  36.600   0.453  1 0 1
  2 102.0  74.0   X     X    39.500   0.293 22 1 0
 12 120.0  80.0  37.0 150.0  42.300   0.785 28 1 0
  4 102.0  44.0  20.0  94.0  30.800   0.400  6 0 1
  2 109.0  58.0  18.0 116.0  28.500   0.219  2 0 1
 10 140.0  94.0   X     X    32.700   0.734 25 1 0
 14 153.0  88.0  37.0 140.0  40.600   1.174 19 0 1
 13 100.0  84.0  33.0 105.0  30.0     0.488 26 0 1
  2 147.0  94.0  41.0   X    49.300   0.358  7 1 0
  2  81.0  74.0  41.0  57.0  46.300   1.096 12 0 1
  4 187.0  70.0  22.0 200.0  36.400   0.408 16 1 0
  7 162.0  62.0   X     X    24.300   0.178 30 1 0
  5 136.0  70.0   X     X    31.200   1.182  2 1 0
  2 121.0  78.0  39.0  74.0  39.0     0.261  8 0 1
  4 108.0  62.0  24.0   X    26.0     0.223  5 0 1
  1 181.0  88.0  44.0 510.0  43.300   0.222  6 1 0
  9 154.0  78.0  32.0   X    32.400   0.443 25 1 0
  2 128.0  88.0  39.0 110.0  36.500   1.057 17 1 0
  8 137.0  90.0  41.0   X    32.0     0.391 19 0 1
  1 123.0  72.0   X     X    36.300   0.258 32 1 0
  2 106.0  76.0   X     X    37.500   0.197  6 0 1
  7 190.0  92.0   X     X    35.500   0.278 46 1 0
  3  88.0  58.0  26.0  16.0  28.400   0.766  2 0 1
 10 170.0  74.0  31.0   X    44.0     0.403 23 1 0
 10  89.0  62.0   X     X    22.500   0.142 13 0 1
 11 101.0  76.0  48.0 180.0  32.900   0.171 43 0 1
  3 122.0  70.0  27.0   X    36.800   0.340  7 0 1
  6 121.0  72.0  23.0 112.0  26.200   0.245 10 0 1
  2 126.0  60.0   X     X    30.100   0.349 27 1 0
  2  93.0  70.0  31.0   X    30.400   0.315  3 0 1
