; Pima per heterog (TOTES les dades)
;
768
;
  6.000 148.000 0  72.000 0  35.000 0 0.0 1  33.600 0   0.627  50.000 1 0
  1.000  85.000 0  66.000 0  29.000 0 0.0 1  26.600 0   0.351  31.000 0 1
  8.000 183.000 0  64.000 0 0.0 1 0.0 1  23.300 0   0.672  32.000 1 0
  1.000  89.000 0  66.000 0  23.000 0  94.000 0  28.100 0   0.167  21.000 0 1
  0.000 137.000 0  40.000 0  35.000 0 168.000 0  43.100 0   2.288  33.000 1 0
  5.000 116.000 0  74.000 0 0.0 1 0.0 1  25.600 0   0.201  30.000 0 1
  3.000  78.000 0  50.000 0  32.000 0  88.000 0  31.000 0   0.248  26.000 1 0
 10.000 115.000 0 0.0 1 0.0 1 0.0 1  35.300 0   0.134  29.000 0 1
  2.000 197.000 0  70.000 0  45.000 0 543.000 0  30.500 0   0.158  53.000 1 0
  8.000 125.000 0  96.000 0 0.0 1 0.0 1 0.0 1   0.232  54.000 1 0
  4.000 110.000 0  92.000 0 0.0 1 0.0 1  37.600 0   0.191  30.000 0 1
 10.000 168.000 0  74.000 0 0.0 1 0.0 1  38.000 0   0.537  34.000 1 0
 10.000 139.000 0  80.000 0 0.0 1 0.0 1  27.100 0   1.441  57.000 0 1
  1.000 189.000 0  60.000 0  23.000 0 846.000 0  30.100 0   0.398  59.000 1 0
  5.000 166.000 0  72.000 0  19.000 0 175.000 0  25.800 0   0.587  51.000 1 0
  7.000 100.000 0 0.0 1 0.0 1 0.0 1  30.000 0   0.484  32.000 1 0
  0.000 118.000 0  84.000 0  47.000 0 230.000 0  45.800 0   0.551  31.000 1 0
  7.000 107.000 0  74.000 0 0.0 1 0.0 1  29.600 0   0.254  31.000 1 0
  1.000 103.000 0  30.000 0  38.000 0  83.000 0  43.300 0   0.183  33.000 0 1
  1.000 115.000 0  70.000 0  30.000 0  96.000 0  34.600 0   0.529  32.000 1 0
  3.000 126.000 0  88.000 0  41.000 0 235.000 0  39.300 0   0.704  27.000 0 1
  8.000  99.000 0  84.000 0 0.0 1 0.0 1  35.400 0   0.388  50.000 0 1
  7.000 196.000 0  90.000 0 0.0 1 0.0 1  39.800 0   0.451  41.000 1 0
  9.000 119.000 0  80.000 0  35.000 0 0.0 1  29.000 0   0.263  29.000 1 0
 11.000 143.000 0  94.000 0  33.000 0 146.000 0  36.600 0   0.254  51.000 1 0
 10.000 125.000 0  70.000 0  26.000 0 115.000 0  31.100 0   0.205  41.000 1 0
  7.000 147.000 0  76.000 0 0.0 1 0.0 1  39.400 0   0.257  43.000 1 0
  1.000  97.000 0  66.000 0  15.000 0 140.000 0  23.200 0   0.487  22.000 0 1
 13.000 145.000 0  82.000 0  19.000 0 110.000 0  22.200 0   0.245  57.000 0 1
  5.000 117.000 0  92.000 0 0.0 1 0.0 1  34.100 0   0.337  38.000 0 1
  5.000 109.000 0  75.000 0  26.000 0 0.0 1  36.000 0   0.546  60.000 0 1
  3.000 158.000 0  76.000 0  36.000 0 245.000 0  31.600 0   0.851  28.000 1 0
  3.000  88.000 0  58.000 0  11.000 0  54.000 0  24.800 0   0.267  22.000 0 1
  6.000  92.000 0  92.000 0 0.0 1 0.0 1  19.900 0   0.188  28.000 0 1
 10.000 122.000 0  78.000 0  31.000 0 0.0 1  27.600 0   0.512  45.000 0 1
  4.000 103.000 0  60.000 0  33.000 0 192.000 0  24.000 0   0.966  33.000 0 1
 11.000 138.000 0  76.000 0 0.0 1 0.0 1  33.200 0   0.420  35.000 0 1
  9.000 102.000 0  76.000 0  37.000 0 0.0 1  32.900 0   0.665  46.000 1 0
  2.000  90.000 0  68.000 0  42.000 0 0.0 1  38.200 0   0.503  27.000 1 0
  4.000 111.000 0  72.000 0  47.000 0 207.000 0  37.100 0   1.390  56.000 1 0
  3.000 180.000 0  64.000 0  25.000 0  70.000 0  34.000 0   0.271  26.000 0 1
  7.000 133.000 0  84.000 0 0.0 1 0.0 1  40.200 0   0.696  37.000 0 1
  7.000 106.000 0  92.000 0  18.000 0 0.0 1  22.700 0   0.235  48.000 0 1
  9.000 171.000 0 110.000 0  24.000 0 240.000 0  45.400 0   0.721  54.000 1 0
  7.000 159.000 0  64.000 0 0.0 1 0.0 1  27.400 0   0.294  40.000 0 1
  0.000 180.000 0  66.000 0  39.000 0 0.0 1  42.000 0   1.893  25.000 1 0
  1.000 146.000 0  56.000 0 0.0 1 0.0 1  29.700 0   0.564  29.000 0 1
  2.000  71.000 0  70.000 0  27.000 0 0.0 1  28.000 0   0.586  22.000 0 1
  7.000 103.000 0  66.000 0  32.000 0 0.0 1  39.100 0   0.344  31.000 1 0
  7.000 105.000 0 0.0 1 0.0 1 0.0 1 0.0 1   0.305  24.000 0 1
  1.000 103.000 0  80.000 0  11.000 0  82.000 0  19.400 0   0.491  22.000 0 1
  1.000 101.000 0  50.000 0  15.000 0  36.000 0  24.200 0   0.526  26.000 0 1
  5.000  88.000 0  66.000 0  21.000 0  23.000 0  24.400 0   0.342  30.000 0 1
  8.000 176.000 0  90.000 0  34.000 0 300.000 0  33.700 0   0.467  58.000 1 0
  7.000 150.000 0  66.000 0  42.000 0 342.000 0  34.700 0   0.718  42.000 0 1
  1.000  73.000 0  50.000 0  10.000 0 0.0 1  23.000 0   0.248  21.000 0 1
  7.000 187.000 0  68.000 0  39.000 0 304.000 0  37.700 0   0.254  41.000 1 0
  0.000 100.000 0  88.000 0  60.000 0 110.000 0  46.800 0   0.962  31.000 0 1
  0.000 146.000 0  82.000 0 0.0 1 0.0 1  40.500 0   1.781  44.000 0 1
  0.000 105.000 0  64.000 0  41.000 0 142.000 0  41.500 0   0.173  22.000 0 1
  2.000  84.000 0 0.0 1 0.0 1 0.0 1 0.0 1   0.304  21.000 0 1
  8.000 133.000 0  72.000 0 0.0 1 0.0 1  32.900 0   0.270  39.000 1 0
  5.000  44.000 0  62.000 0 0.0 1 0.0 1  25.000 0   0.587  36.000 0 1
  2.000 141.000 0  58.000 0  34.000 0 128.000 0  25.400 0   0.699  24.000 0 1
  7.000 114.000 0  66.000 0 0.0 1 0.0 1  32.800 0   0.258  42.000 1 0
  5.000  99.000 0  74.000 0  27.000 0 0.0 1  29.000 0   0.203  32.000 0 1
  0.000 109.000 0  88.000 0  30.000 0 0.0 1  32.500 0   0.855  38.000 1 0
  2.000 109.000 0  92.000 0 0.0 1 0.0 1  42.700 0   0.845  54.000 0 1
  1.000  95.000 0  66.000 0  13.000 0  38.000 0  19.600 0   0.334  25.000 0 1
  4.000 146.000 0  85.000 0  27.000 0 100.000 0  28.900 0   0.189  27.000 0 1
  2.000 100.000 0  66.000 0  20.000 0  90.000 0  32.900 0   0.867  28.000 1 0
  5.000 139.000 0  64.000 0  35.000 0 140.000 0  28.600 0   0.411  26.000 0 1
 13.000 126.000 0  90.000 0 0.0 1 0.0 1  43.400 0   0.583  42.000 1 0
  4.000 129.000 0  86.000 0  20.000 0 270.000 0  35.100 0   0.231  23.000 0 1
  1.000  79.000 0  75.000 0  30.000 0 0.0 1  32.000 0   0.396  22.000 0 1
  1.000 0.0 1  48.000 0  20.000 0 0.0 1  24.700 0   0.140  22.000 0 1
  7.000  62.000 0  78.000 0 0.0 1 0.0 1  32.600 0   0.391  41.000 0 1
  5.000  95.000 0  72.000 0  33.000 0 0.0 1  37.700 0   0.370  27.000 0 1
  0.000 131.000 0 0.0 1 0.0 1 0.0 1  43.200 0   0.270  26.000 1 0
  2.000 112.000 0  66.000 0  22.000 0 0.0 1  25.000 0   0.307  24.000 0 1
  3.000 113.000 0  44.000 0  13.000 0 0.0 1  22.400 0   0.140  22.000 0 1
  2.000  74.000 0 0.0 1 0.0 1 0.0 1 0.0 1   0.102  22.000 0 1
  7.000  83.000 0  78.000 0  26.000 0  71.000 0  29.300 0   0.767  36.000 0 1
  0.000 101.000 0  65.000 0  28.000 0 0.0 1  24.600 0   0.237  22.000 0 1
  5.000 137.000 0 108.000 0 0.0 1 0.0 1  48.800 0   0.227  37.000 1 0
  2.000 110.000 0  74.000 0  29.000 0 125.000 0  32.400 0   0.698  27.000 0 1
 13.000 106.000 0  72.000 0  54.000 0 0.0 1  36.600 0   0.178  45.000 0 1
  2.000 100.000 0  68.000 0  25.000 0  71.000 0  38.500 0   0.324  26.000 0 1
 15.000 136.000 0  70.000 0  32.000 0 110.000 0  37.100 0   0.153  43.000 1 0
  1.000 107.000 0  68.000 0  19.000 0 0.0 1  26.500 0   0.165  24.000 0 1
  1.000  80.000 0  55.000 0 0.0 1 0.0 1  19.100 0   0.258  21.000 0 1
  4.000 123.000 0  80.000 0  15.000 0 176.000 0  32.000 0   0.443  34.000 0 1
  7.000  81.000 0  78.000 0  40.000 0  48.000 0  46.700 0   0.261  42.000 0 1
  4.000 134.000 0  72.000 0 0.0 1 0.0 1  23.800 0   0.277  60.000 1 0
  2.000 142.000 0  82.000 0  18.000 0  64.000 0  24.700 0   0.761  21.000 0 1
  6.000 144.000 0  72.000 0  27.000 0 228.000 0  33.900 0   0.255  40.000 0 1
  2.000  92.000 0  62.000 0  28.000 0 0.0 1  31.600 0   0.130  24.000 0 1
  1.000  71.000 0  48.000 0  18.000 0  76.000 0  20.400 0   0.323  22.000 0 1
  6.000  93.000 0  50.000 0  30.000 0  64.000 0  28.700 0   0.356  23.000 0 1
  1.000 122.000 0  90.000 0  51.000 0 220.000 0  49.700 0   0.325  31.000 1 0
  1.000 163.000 0  72.000 0 0.0 1 0.0 1  39.000 0   1.222  33.000 1 0
  1.000 151.000 0  60.000 0 0.0 1 0.0 1  26.100 0   0.179  22.000 0 1
  0.000 125.000 0  96.000 0 0.0 1 0.0 1  22.500 0   0.262  21.000 0 1
  1.000  81.000 0  72.000 0  18.000 0  40.000 0  26.600 0   0.283  24.000 0 1
  2.000  85.000 0  65.000 0 0.0 1 0.0 1  39.600 0   0.930  27.000 0 1
  1.000 126.000 0  56.000 0  29.000 0 152.000 0  28.700 0   0.801  21.000 0 1
  1.000  96.000 0 122.000 0 0.0 1 0.0 1  22.400 0   0.207  27.000 0 1
  4.000 144.000 0  58.000 0  28.000 0 140.000 0  29.500 0   0.287  37.000 0 1
  3.000  83.000 0  58.000 0  31.000 0  18.000 0  34.300 0   0.336  25.000 0 1
  0.000  95.000 0  85.000 0  25.000 0  36.000 0  37.400 0   0.247  24.000 1 0
  3.000 171.000 0  72.000 0  33.000 0 135.000 0  33.300 0   0.199  24.000 1 0
  8.000 155.000 0  62.000 0  26.000 0 495.000 0  34.000 0   0.543  46.000 1 0
  1.000  89.000 0  76.000 0  34.000 0  37.000 0  31.200 0   0.192  23.000 0 1
  4.000  76.000 0  62.000 0 0.0 1 0.0 1  34.000 0   0.391  25.000 0 1
  7.000 160.000 0  54.000 0  32.000 0 175.000 0  30.500 0   0.588  39.000 1 0
  4.000 146.000 0  92.000 0 0.0 1 0.0 1  31.200 0   0.539  61.000 1 0
  5.000 124.000 0  74.000 0 0.0 1 0.0 1  34.000 0   0.220  38.000 1 0
  5.000  78.000 0  48.000 0 0.0 1 0.0 1  33.700 0   0.654  25.000 0 1
  4.000  97.000 0  60.000 0  23.000 0 0.0 1  28.200 0   0.443  22.000 0 1
  4.000  99.000 0  76.000 0  15.000 0  51.000 0  23.200 0   0.223  21.000 0 1
  0.000 162.000 0  76.000 0  56.000 0 100.000 0  53.200 0   0.759  25.000 1 0
  6.000 111.000 0  64.000 0  39.000 0 0.0 1  34.200 0   0.260  24.000 0 1
  2.000 107.000 0  74.000 0  30.000 0 100.000 0  33.600 0   0.404  23.000 0 1
  5.000 132.000 0  80.000 0 0.0 1 0.0 1  26.800 0   0.186  69.000 0 1
  0.000 113.000 0  76.000 0 0.0 1 0.0 1  33.300 0   0.278  23.000 1 0
  1.000  88.000 0  30.000 0  42.000 0  99.000 0  55.000 0   0.496  26.000 1 0
  3.000 120.000 0  70.000 0  30.000 0 135.000 0  42.900 0   0.452  30.000 0 1
  1.000 118.000 0  58.000 0  36.000 0  94.000 0  33.300 0   0.261  23.000 0 1
  1.000 117.000 0  88.000 0  24.000 0 145.000 0  34.500 0   0.403  40.000 1 0
  0.000 105.000 0  84.000 0 0.0 1 0.0 1  27.900 0   0.741  62.000 1 0
  4.000 173.000 0  70.000 0  14.000 0 168.000 0  29.700 0   0.361  33.000 1 0
  9.000 122.000 0  56.000 0 0.0 1 0.0 1  33.300 0   1.114  33.000 1 0
  3.000 170.000 0  64.000 0  37.000 0 225.000 0  34.500 0   0.356  30.000 1 0
  8.000  84.000 0  74.000 0  31.000 0 0.0 1  38.300 0   0.457  39.000 0 1
  2.000  96.000 0  68.000 0  13.000 0  49.000 0  21.100 0   0.647  26.000 0 1
  2.000 125.000 0  60.000 0  20.000 0 140.000 0  33.800 0   0.088  31.000 0 1
  0.000 100.000 0  70.000 0  26.000 0  50.000 0  30.800 0   0.597  21.000 0 1
  0.000  93.000 0  60.000 0  25.000 0  92.000 0  28.700 0   0.532  22.000 0 1
  0.000 129.000 0  80.000 0 0.0 1 0.0 1  31.200 0   0.703  29.000 0 1
  5.000 105.000 0  72.000 0  29.000 0 325.000 0  36.900 0   0.159  28.000 0 1
  3.000 128.000 0  78.000 0 0.0 1 0.0 1  21.100 0   0.268  55.000 0 1
  5.000 106.000 0  82.000 0  30.000 0 0.0 1  39.500 0   0.286  38.000 0 1
  2.000 108.000 0  52.000 0  26.000 0  63.000 0  32.500 0   0.318  22.000 0 1
 10.000 108.000 0  66.000 0 0.0 1 0.0 1  32.400 0   0.272  42.000 1 0
  4.000 154.000 0  62.000 0  31.000 0 284.000 0  32.800 0   0.237  23.000 0 1
  0.000 102.000 0  75.000 0  23.000 0 0.0 1 0.0 1   0.572  21.000 0 1
  9.000  57.000 0  80.000 0  37.000 0 0.0 1  32.800 0   0.096  41.000 0 1
  2.000 106.000 0  64.000 0  35.000 0 119.000 0  30.500 0   1.400  34.000 0 1
  5.000 147.000 0  78.000 0 0.0 1 0.0 1  33.700 0   0.218  65.000 0 1
  2.000  90.000 0  70.000 0  17.000 0 0.0 1  27.300 0   0.085  22.000 0 1
  1.000 136.000 0  74.000 0  50.000 0 204.000 0  37.400 0   0.399  24.000 0 1
  4.000 114.000 0  65.000 0 0.0 1 0.0 1  21.900 0   0.432  37.000 0 1
  9.000 156.000 0  86.000 0  28.000 0 155.000 0  34.300 0   1.189  42.000 1 0
  1.000 153.000 0  82.000 0  42.000 0 485.000 0  40.600 0   0.687  23.000 0 1
  8.000 188.000 0  78.000 0 0.0 1 0.0 1  47.900 0   0.137  43.000 1 0
  7.000 152.000 0  88.000 0  44.000 0 0.0 1  50.000 0   0.337  36.000 1 0
  2.000  99.000 0  52.000 0  15.000 0  94.000 0  24.600 0   0.637  21.000 0 1
  1.000 109.000 0  56.000 0  21.000 0 135.000 0  25.200 0   0.833  23.000 0 1
  2.000  88.000 0  74.000 0  19.000 0  53.000 0  29.000 0   0.229  22.000 0 1
 17.000 163.000 0  72.000 0  41.000 0 114.000 0  40.900 0   0.817  47.000 1 0
  4.000 151.000 0  90.000 0  38.000 0 0.0 1  29.700 0   0.294  36.000 0 1
  7.000 102.000 0  74.000 0  40.000 0 105.000 0  37.200 0   0.204  45.000 0 1
  0.000 114.000 0  80.000 0  34.000 0 285.000 0  44.200 0   0.167  27.000 0 1
  2.000 100.000 0  64.000 0  23.000 0 0.0 1  29.700 0   0.368  21.000 0 1
  0.000 131.000 0  88.000 0 0.0 1 0.0 1  31.600 0   0.743  32.000 1 0
  6.000 104.000 0  74.000 0  18.000 0 156.000 0  29.900 0   0.722  41.000 1 0
  3.000 148.000 0  66.000 0  25.000 0 0.0 1  32.500 0   0.256  22.000 0 1
  4.000 120.000 0  68.000 0 0.0 1 0.0 1  29.600 0   0.709  34.000 0 1
  4.000 110.000 0  66.000 0 0.0 1 0.0 1  31.900 0   0.471  29.000 0 1
  3.000 111.000 0  90.000 0  12.000 0  78.000 0  28.400 0   0.495  29.000 0 1
  6.000 102.000 0  82.000 0 0.0 1 0.0 1  30.800 0   0.180  36.000 1 0
  6.000 134.000 0  70.000 0  23.000 0 130.000 0  35.400 0   0.542  29.000 1 0
  2.000  87.000 0 0.0 1  23.000 0 0.0 1  28.900 0   0.773  25.000 0 1
  1.000  79.000 0  60.000 0  42.000 0  48.000 0  43.500 0   0.678  23.000 0 1
  2.000  75.000 0  64.000 0  24.000 0  55.000 0  29.700 0   0.370  33.000 0 1
  8.000 179.000 0  72.000 0  42.000 0 130.000 0  32.700 0   0.719  36.000 1 0
  6.000  85.000 0  78.000 0 0.0 1 0.0 1  31.200 0   0.382  42.000 0 1
  0.000 129.000 0 110.000 0  46.000 0 130.000 0  67.100 0   0.319  26.000 1 0
  5.000 143.000 0  78.000 0 0.0 1 0.0 1  45.000 0   0.190  47.000 0 1
  5.000 130.000 0  82.000 0 0.0 1 0.0 1  39.100 0   0.956  37.000 1 0
  6.000  87.000 0  80.000 0 0.0 1 0.0 1  23.200 0   0.084  32.000 0 1
  0.000 119.000 0  64.000 0  18.000 0  92.000 0  34.900 0   0.725  23.000 0 1
  1.000 0.0 1  74.000 0  20.000 0  23.000 0  27.700 0   0.299  21.000 0 1
  5.000  73.000 0  60.000 0 0.0 1 0.0 1  26.800 0   0.268  27.000 0 1
  4.000 141.000 0  74.000 0 0.0 1 0.0 1  27.600 0   0.244  40.000 0 1
  7.000 194.000 0  68.000 0  28.000 0 0.0 1  35.900 0   0.745  41.000 1 0
  8.000 181.000 0  68.000 0  36.000 0 495.000 0  30.100 0   0.615  60.000 1 0
  1.000 128.000 0  98.000 0  41.000 0  58.000 0  32.000 0   1.321  33.000 1 0
  8.000 109.000 0  76.000 0  39.000 0 114.000 0  27.900 0   0.640  31.000 1 0
  5.000 139.000 0  80.000 0  35.000 0 160.000 0  31.600 0   0.361  25.000 1 0
  3.000 111.000 0  62.000 0 0.0 1 0.0 1  22.600 0   0.142  21.000 0 1
  9.000 123.000 0  70.000 0  44.000 0  94.000 0  33.100 0   0.374  40.000 0 1
  7.000 159.000 0  66.000 0 0.0 1 0.0 1  30.400 0   0.383  36.000 1 0
 11.000 135.000 0 0.0 1 0.0 1 0.0 1  52.300 0   0.578  40.000 1 0
  8.000  85.000 0  55.000 0  20.000 0 0.0 1  24.400 0   0.136  42.000 0 1
  5.000 158.000 0  84.000 0  41.000 0 210.000 0  39.400 0   0.395  29.000 1 0
  1.000 105.000 0  58.000 0 0.0 1 0.0 1  24.300 0   0.187  21.000 0 1
  3.000 107.000 0  62.000 0  13.000 0  48.000 0  22.900 0   0.678  23.000 1 0
  4.000 109.000 0  64.000 0  44.000 0  99.000 0  34.800 0   0.905  26.000 1 0
  4.000 148.000 0  60.000 0  27.000 0 318.000 0  30.900 0   0.150  29.000 1 0
  0.000 113.000 0  80.000 0  16.000 0 0.0 1  31.000 0   0.874  21.000 0 1
  1.000 138.000 0  82.000 0 0.0 1 0.0 1  40.100 0   0.236  28.000 0 1
  0.000 108.000 0  68.000 0  20.000 0 0.0 1  27.300 0   0.787  32.000 0 1
  2.000  99.000 0  70.000 0  16.000 0  44.000 0  20.400 0   0.235  27.000 0 1
  6.000 103.000 0  72.000 0  32.000 0 190.000 0  37.700 0   0.324  55.000 0 1
  5.000 111.000 0  72.000 0  28.000 0 0.0 1  23.900 0   0.407  27.000 0 1
  8.000 196.000 0  76.000 0  29.000 0 280.000 0  37.500 0   0.605  57.000 1 0
  5.000 162.000 0 104.000 0 0.0 1 0.0 1  37.700 0   0.151  52.000 1 0
  1.000  96.000 0  64.000 0  27.000 0  87.000 0  33.200 0   0.289  21.000 0 1
  7.000 184.000 0  84.000 0  33.000 0 0.0 1  35.500 0   0.355  41.000 1 0
  2.000  81.000 0  60.000 0  22.000 0 0.0 1  27.700 0   0.290  25.000 0 1
  0.000 147.000 0  85.000 0  54.000 0 0.0 1  42.800 0   0.375  24.000 0 1
  7.000 179.000 0  95.000 0  31.000 0 0.0 1  34.200 0   0.164  60.000 0 1
  0.000 140.000 0  65.000 0  26.000 0 130.000 0  42.600 0   0.431  24.000 1 0
  9.000 112.000 0  82.000 0  32.000 0 175.000 0  34.200 0   0.260  36.000 1 0
 12.000 151.000 0  70.000 0  40.000 0 271.000 0  41.800 0   0.742  38.000 1 0
  5.000 109.000 0  62.000 0  41.000 0 129.000 0  35.800 0   0.514  25.000 1 0
  6.000 125.000 0  68.000 0  30.000 0 120.000 0  30.000 0   0.464  32.000 0 1
  5.000  85.000 0  74.000 0  22.000 0 0.0 1  29.000 0   1.224  32.000 1 0
  5.000 112.000 0  66.000 0 0.0 1 0.0 1  37.800 0   0.261  41.000 1 0
  0.000 177.000 0  60.000 0  29.000 0 478.000 0  34.600 0   1.072  21.000 1 0
  2.000 158.000 0  90.000 0 0.0 1 0.0 1  31.600 0   0.805  66.000 1 0
  7.000 119.000 0 0.0 1 0.0 1 0.0 1  25.200 0   0.209  37.000 0 1
  7.000 142.000 0  60.000 0  33.000 0 190.000 0  28.800 0   0.687  61.000 0 1
  1.000 100.000 0  66.000 0  15.000 0  56.000 0  23.600 0   0.666  26.000 0 1
  1.000  87.000 0  78.000 0  27.000 0  32.000 0  34.600 0   0.101  22.000 0 1
  0.000 101.000 0  76.000 0 0.0 1 0.0 1  35.700 0   0.198  26.000 0 1
  3.000 162.000 0  52.000 0  38.000 0 0.0 1  37.200 0   0.652  24.000 1 0
  4.000 197.000 0  70.000 0  39.000 0 744.000 0  36.700 0   2.329  31.000 0 1
  0.000 117.000 0  80.000 0  31.000 0  53.000 0  45.200 0   0.089  24.000 0 1
  4.000 142.000 0  86.000 0 0.0 1 0.0 1  44.000 0   0.645  22.000 1 0
  6.000 134.000 0  80.000 0  37.000 0 370.000 0  46.200 0   0.238  46.000 1 0
  1.000  79.000 0  80.000 0  25.000 0  37.000 0  25.400 0   0.583  22.000 0 1
  4.000 122.000 0  68.000 0 0.0 1 0.0 1  35.000 0   0.394  29.000 0 1
  3.000  74.000 0  68.000 0  28.000 0  45.000 0  29.700 0   0.293  23.000 0 1
  4.000 171.000 0  72.000 0 0.0 1 0.0 1  43.600 0   0.479  26.000 1 0
  7.000 181.000 0  84.000 0  21.000 0 192.000 0  35.900 0   0.586  51.000 1 0
  0.000 179.000 0  90.000 0  27.000 0 0.0 1  44.100 0   0.686  23.000 1 0
  9.000 164.000 0  84.000 0  21.000 0 0.0 1  30.800 0   0.831  32.000 1 0
  0.000 104.000 0  76.000 0 0.0 1 0.0 1  18.400 0   0.582  27.000 0 1
  1.000  91.000 0  64.000 0  24.000 0 0.0 1  29.200 0   0.192  21.000 0 1
  4.000  91.000 0  70.000 0  32.000 0  88.000 0  33.100 0   0.446  22.000 0 1
  3.000 139.000 0  54.000 0 0.0 1 0.0 1  25.600 0   0.402  22.000 1 0
  6.000 119.000 0  50.000 0  22.000 0 176.000 0  27.100 0   1.318  33.000 1 0
  2.000 146.000 0  76.000 0  35.000 0 194.000 0  38.200 0   0.329  29.000 0 1
  9.000 184.000 0  85.000 0  15.000 0 0.0 1  30.000 0   1.213  49.000 1 0
 10.000 122.000 0  68.000 0 0.0 1 0.0 1  31.200 0   0.258  41.000 0 1
  0.000 165.000 0  90.000 0  33.000 0 680.000 0  52.300 0   0.427  23.000 0 1
  9.000 124.000 0  70.000 0  33.000 0 402.000 0  35.400 0   0.282  34.000 0 1
  1.000 111.000 0  86.000 0  19.000 0 0.0 1  30.100 0   0.143  23.000 0 1
  9.000 106.000 0  52.000 0 0.0 1 0.0 1  31.200 0   0.380  42.000 0 1
  2.000 129.000 0  84.000 0 0.0 1 0.0 1  28.000 0   0.284  27.000 0 1
  2.000  90.000 0  80.000 0  14.000 0  55.000 0  24.400 0   0.249  24.000 0 1
  0.000  86.000 0  68.000 0  32.000 0 0.0 1  35.800 0   0.238  25.000 0 1
 12.000  92.000 0  62.000 0   7.000 0 258.000 0  27.600 0   0.926  44.000 1 0
  1.000 113.000 0  64.000 0  35.000 0 0.0 1  33.600 0   0.543  21.000 1 0
  3.000 111.000 0  56.000 0  39.000 0 0.0 1  30.100 0   0.557  30.000 0 1
  2.000 114.000 0  68.000 0  22.000 0 0.0 1  28.700 0   0.092  25.000 0 1
  1.000 193.000 0  50.000 0  16.000 0 375.000 0  25.900 0   0.655  24.000 0 1
 11.000 155.000 0  76.000 0  28.000 0 150.000 0  33.300 0   1.353  51.000 1 0
  3.000 191.000 0  68.000 0  15.000 0 130.000 0  30.900 0   0.299  34.000 0 1
  3.000 141.000 0 0.0 1 0.0 1 0.0 1  30.000 0   0.761  27.000 1 0
  4.000  95.000 0  70.000 0  32.000 0 0.0 1  32.100 0   0.612  24.000 0 1
  3.000 142.000 0  80.000 0  15.000 0 0.0 1  32.400 0   0.200  63.000 0 1
  4.000 123.000 0  62.000 0 0.0 1 0.0 1  32.000 0   0.226  35.000 1 0
  5.000  96.000 0  74.000 0  18.000 0  67.000 0  33.600 0   0.997  43.000 0 1
  0.000 138.000 0 0.0 1 0.0 1 0.0 1  36.300 0   0.933  25.000 1 0
  2.000 128.000 0  64.000 0  42.000 0 0.0 1  40.000 0   1.101  24.000 0 1
  0.000 102.000 0  52.000 0 0.0 1 0.0 1  25.100 0   0.078  21.000 0 1
  2.000 146.000 0 0.0 1 0.0 1 0.0 1  27.500 0   0.240  28.000 1 0
 10.000 101.000 0  86.000 0  37.000 0 0.0 1  45.600 0   1.136  38.000 1 0
  2.000 108.000 0  62.000 0  32.000 0  56.000 0  25.200 0   0.128  21.000 0 1
  3.000 122.000 0  78.000 0 0.0 1 0.0 1  23.000 0   0.254  40.000 0 1
  1.000  71.000 0  78.000 0  50.000 0  45.000 0  33.200 0   0.422  21.000 0 1
 13.000 106.000 0  70.000 0 0.0 1 0.0 1  34.200 0   0.251  52.000 0 1
  2.000 100.000 0  70.000 0  52.000 0  57.000 0  40.500 0   0.677  25.000 0 1
  7.000 106.000 0  60.000 0  24.000 0 0.0 1  26.500 0   0.296  29.000 1 0
  0.000 104.000 0  64.000 0  23.000 0 116.000 0  27.800 0   0.454  23.000 0 1
  5.000 114.000 0  74.000 0 0.0 1 0.0 1  24.900 0   0.744  57.000 0 1
  2.000 108.000 0  62.000 0  10.000 0 278.000 0  25.300 0   0.881  22.000 0 1
  0.000 146.000 0  70.000 0 0.0 1 0.0 1  37.900 0   0.334  28.000 1 0
 10.000 129.000 0  76.000 0  28.000 0 122.000 0  35.900 0   0.280  39.000 0 1
  7.000 133.000 0  88.000 0  15.000 0 155.000 0  32.400 0   0.262  37.000 0 1
  7.000 161.000 0  86.000 0 0.0 1 0.0 1  30.400 0   0.165  47.000 1 0
  2.000 108.000 0  80.000 0 0.0 1 0.0 1  27.000 0   0.259  52.000 1 0
  7.000 136.000 0  74.000 0  26.000 0 135.000 0  26.000 0   0.647  51.000 0 1
  5.000 155.000 0  84.000 0  44.000 0 545.000 0  38.700 0   0.619  34.000 0 1
  1.000 119.000 0  86.000 0  39.000 0 220.000 0  45.600 0   0.808  29.000 1 0
  4.000  96.000 0  56.000 0  17.000 0  49.000 0  20.800 0   0.340  26.000 0 1
  5.000 108.000 0  72.000 0  43.000 0  75.000 0  36.100 0   0.263  33.000 0 1
  0.000  78.000 0  88.000 0  29.000 0  40.000 0  36.900 0   0.434  21.000 0 1
  0.000 107.000 0  62.000 0  30.000 0  74.000 0  36.600 0   0.757  25.000 1 0
  2.000 128.000 0  78.000 0  37.000 0 182.000 0  43.300 0   1.224  31.000 1 0
  1.000 128.000 0  48.000 0  45.000 0 194.000 0  40.500 0   0.613  24.000 1 0
  0.000 161.000 0  50.000 0 0.0 1 0.0 1  21.900 0   0.254  65.000 0 1
  6.000 151.000 0  62.000 0  31.000 0 120.000 0  35.500 0   0.692  28.000 0 1
  2.000 146.000 0  70.000 0  38.000 0 360.000 0  28.000 0   0.337  29.000 1 0
  0.000 126.000 0  84.000 0  29.000 0 215.000 0  30.700 0   0.520  24.000 0 1
 14.000 100.000 0  78.000 0  25.000 0 184.000 0  36.600 0   0.412  46.000 1 0
  8.000 112.000 0  72.000 0 0.0 1 0.0 1  23.600 0   0.840  58.000 0 1
  0.000 167.000 0 0.0 1 0.0 1 0.0 1  32.300 0   0.839  30.000 1 0
  2.000 144.000 0  58.000 0  33.000 0 135.000 0  31.600 0   0.422  25.000 1 0
  5.000  77.000 0  82.000 0  41.000 0  42.000 0  35.800 0   0.156  35.000 0 1
  5.000 115.000 0  98.000 0 0.0 1 0.0 1  52.900 0   0.209  28.000 1 0
  3.000 150.000 0  76.000 0 0.0 1 0.0 1  21.000 0   0.207  37.000 0 1
  2.000 120.000 0  76.000 0  37.000 0 105.000 0  39.700 0   0.215  29.000 0 1
 10.000 161.000 0  68.000 0  23.000 0 132.000 0  25.500 0   0.326  47.000 1 0
  0.000 137.000 0  68.000 0  14.000 0 148.000 0  24.800 0   0.143  21.000 0 1
  0.000 128.000 0  68.000 0  19.000 0 180.000 0  30.500 0   1.391  25.000 1 0
  2.000 124.000 0  68.000 0  28.000 0 205.000 0  32.900 0   0.875  30.000 1 0
  6.000  80.000 0  66.000 0  30.000 0 0.0 1  26.200 0   0.313  41.000 0 1
  0.000 106.000 0  70.000 0  37.000 0 148.000 0  39.400 0   0.605  22.000 0 1
  2.000 155.000 0  74.000 0  17.000 0  96.000 0  26.600 0   0.433  27.000 1 0
  3.000 113.000 0  50.000 0  10.000 0  85.000 0  29.500 0   0.626  25.000 0 1
  7.000 109.000 0  80.000 0  31.000 0 0.0 1  35.900 0   1.127  43.000 1 0
  2.000 112.000 0  68.000 0  22.000 0  94.000 0  34.100 0   0.315  26.000 0 1
  3.000  99.000 0  80.000 0  11.000 0  64.000 0  19.300 0   0.284  30.000 0 1
  3.000 182.000 0  74.000 0 0.0 1 0.0 1  30.500 0   0.345  29.000 1 0
  3.000 115.000 0  66.000 0  39.000 0 140.000 0  38.100 0   0.150  28.000 0 1
  6.000 194.000 0  78.000 0 0.0 1 0.0 1  23.500 0   0.129  59.000 1 0
  4.000 129.000 0  60.000 0  12.000 0 231.000 0  27.500 0   0.527  31.000 0 1
  3.000 112.000 0  74.000 0  30.000 0 0.0 1  31.600 0   0.197  25.000 1 0
  0.000 124.000 0  70.000 0  20.000 0 0.0 1  27.400 0   0.254  36.000 1 0
 13.000 152.000 0  90.000 0  33.000 0  29.000 0  26.800 0   0.731  43.000 1 0
  2.000 112.000 0  75.000 0  32.000 0 0.0 1  35.700 0   0.148  21.000 0 1
  1.000 157.000 0  72.000 0  21.000 0 168.000 0  25.600 0   0.123  24.000 0 1
  1.000 122.000 0  64.000 0  32.000 0 156.000 0  35.100 0   0.692  30.000 1 0
 10.000 179.000 0  70.000 0 0.0 1 0.0 1  35.100 0   0.200  37.000 0 1
  2.000 102.000 0  86.000 0  36.000 0 120.000 0  45.500 0   0.127  23.000 1 0
  6.000 105.000 0  70.000 0  32.000 0  68.000 0  30.800 0   0.122  37.000 0 1
  8.000 118.000 0  72.000 0  19.000 0 0.0 1  23.100 0   1.476  46.000 0 1
  2.000  87.000 0  58.000 0  16.000 0  52.000 0  32.700 0   0.166  25.000 0 1
  1.000 180.000 0 0.0 1 0.0 1 0.0 1  43.300 0   0.282  41.000 1 0
 12.000 106.000 0  80.000 0 0.0 1 0.0 1  23.600 0   0.137  44.000 0 1
  1.000  95.000 0  60.000 0  18.000 0  58.000 0  23.900 0   0.260  22.000 0 1
  0.000 165.000 0  76.000 0  43.000 0 255.000 0  47.900 0   0.259  26.000 0 1
  0.000 117.000 0 0.0 1 0.0 1 0.0 1  33.800 0   0.932  44.000 0 1
  5.000 115.000 0  76.000 0 0.0 1 0.0 1  31.200 0   0.343  44.000 1 0
  9.000 152.000 0  78.000 0  34.000 0 171.000 0  34.200 0   0.893  33.000 1 0
  7.000 178.000 0  84.000 0 0.0 1 0.0 1  39.900 0   0.331  41.000 1 0
  1.000 130.000 0  70.000 0  13.000 0 105.000 0  25.900 0   0.472  22.000 0 1
  1.000  95.000 0  74.000 0  21.000 0  73.000 0  25.900 0   0.673  36.000 0 1
  1.000 0.0 1  68.000 0  35.000 0 0.0 1  32.000 0   0.389  22.000 0 1
  5.000 122.000 0  86.000 0 0.0 1 0.0 1  34.700 0   0.290  33.000 0 1
  8.000  95.000 0  72.000 0 0.0 1 0.0 1  36.800 0   0.485  57.000 0 1
  8.000 126.000 0  88.000 0  36.000 0 108.000 0  38.500 0   0.349  49.000 0 1
  1.000 139.000 0  46.000 0  19.000 0  83.000 0  28.700 0   0.654  22.000 0 1
  3.000 116.000 0 0.0 1 0.0 1 0.0 1  23.500 0   0.187  23.000 0 1
  3.000  99.000 0  62.000 0  19.000 0  74.000 0  21.800 0   0.279  26.000 0 1
  5.000 0.0 1  80.000 0  32.000 0 0.0 1  41.000 0   0.346  37.000 1 0
  4.000  92.000 0  80.000 0 0.0 1 0.0 1  42.200 0   0.237  29.000 0 1
  4.000 137.000 0  84.000 0 0.0 1 0.0 1  31.200 0   0.252  30.000 0 1
  3.000  61.000 0  82.000 0  28.000 0 0.0 1  34.400 0   0.243  46.000 0 1
  1.000  90.000 0  62.000 0  12.000 0  43.000 0  27.200 0   0.580  24.000 0 1
  3.000  90.000 0  78.000 0 0.0 1 0.0 1  42.700 0   0.559  21.000 0 1
  9.000 165.000 0  88.000 0 0.0 1 0.0 1  30.400 0   0.302  49.000 1 0
  1.000 125.000 0  50.000 0  40.000 0 167.000 0  33.300 0   0.962  28.000 1 0
 13.000 129.000 0 0.0 1  30.000 0 0.0 1  39.900 0   0.569  44.000 1 0
 12.000  88.000 0  74.000 0  40.000 0  54.000 0  35.300 0   0.378  48.000 0 1
  1.000 196.000 0  76.000 0  36.000 0 249.000 0  36.500 0   0.875  29.000 1 0
  5.000 189.000 0  64.000 0  33.000 0 325.000 0  31.200 0   0.583  29.000 1 0
  5.000 158.000 0  70.000 0 0.0 1 0.0 1  29.800 0   0.207  63.000 0 1
  5.000 103.000 0 108.000 0  37.000 0 0.0 1  39.200 0   0.305  65.000 0 1
  4.000 146.000 0  78.000 0 0.0 1 0.0 1  38.500 0   0.520  67.000 1 0
  4.000 147.000 0  74.000 0  25.000 0 293.000 0  34.900 0   0.385  30.000 0 1
  5.000  99.000 0  54.000 0  28.000 0  83.000 0  34.000 0   0.499  30.000 0 1
  6.000 124.000 0  72.000 0 0.0 1 0.0 1  27.600 0   0.368  29.000 1 0
  0.000 101.000 0  64.000 0  17.000 0 0.0 1  21.000 0   0.252  21.000 0 1
  3.000  81.000 0  86.000 0  16.000 0  66.000 0  27.500 0   0.306  22.000 0 1
  1.000 133.000 0 102.000 0  28.000 0 140.000 0  32.800 0   0.234  45.000 1 0
  3.000 173.000 0  82.000 0  48.000 0 465.000 0  38.400 0   2.137  25.000 1 0
  0.000 118.000 0  64.000 0  23.000 0  89.000 0 0.0 1   1.731  21.000 0 1
  0.000  84.000 0  64.000 0  22.000 0  66.000 0  35.800 0   0.545  21.000 0 1
  2.000 105.000 0  58.000 0  40.000 0  94.000 0  34.900 0   0.225  25.000 0 1
  2.000 122.000 0  52.000 0  43.000 0 158.000 0  36.200 0   0.816  28.000 0 1
 12.000 140.000 0  82.000 0  43.000 0 325.000 0  39.200 0   0.528  58.000 1 0
  0.000  98.000 0  82.000 0  15.000 0  84.000 0  25.200 0   0.299  22.000 0 1
  1.000  87.000 0  60.000 0  37.000 0  75.000 0  37.200 0   0.509  22.000 0 1
  4.000 156.000 0  75.000 0 0.0 1 0.0 1  48.300 0   0.238  32.000 1 0
  0.000  93.000 0 100.000 0  39.000 0  72.000 0  43.400 0   1.021  35.000 0 1
  1.000 107.000 0  72.000 0  30.000 0  82.000 0  30.800 0   0.821  24.000 0 1
  0.000 105.000 0  68.000 0  22.000 0 0.0 1  20.000 0   0.236  22.000 0 1
  1.000 109.000 0  60.000 0   8.000 0 182.000 0  25.400 0   0.947  21.000 0 1
  1.000  90.000 0  62.000 0  18.000 0  59.000 0  25.100 0   1.268  25.000 0 1
  1.000 125.000 0  70.000 0  24.000 0 110.000 0  24.300 0   0.221  25.000 0 1
  1.000 119.000 0  54.000 0  13.000 0  50.000 0  22.300 0   0.205  24.000 0 1
  5.000 116.000 0  74.000 0  29.000 0 0.0 1  32.300 0   0.660  35.000 1 0
  8.000 105.000 0 100.000 0  36.000 0 0.0 1  43.300 0   0.239  45.000 1 0
  5.000 144.000 0  82.000 0  26.000 0 285.000 0  32.000 0   0.452  58.000 1 0
  3.000 100.000 0  68.000 0  23.000 0  81.000 0  31.600 0   0.949  28.000 0 1
  1.000 100.000 0  66.000 0  29.000 0 196.000 0  32.000 0   0.444  42.000 0 1
  5.000 166.000 0  76.000 0 0.0 1 0.0 1  45.700 0   0.340  27.000 1 0
  1.000 131.000 0  64.000 0  14.000 0 415.000 0  23.700 0   0.389  21.000 0 1
  4.000 116.000 0  72.000 0  12.000 0  87.000 0  22.100 0   0.463  37.000 0 1
  4.000 158.000 0  78.000 0 0.0 1 0.0 1  32.900 0   0.803  31.000 1 0
  2.000 127.000 0  58.000 0  24.000 0 275.000 0  27.700 0   1.600  25.000 0 1
  3.000  96.000 0  56.000 0  34.000 0 115.000 0  24.700 0   0.944  39.000 0 1
  0.000 131.000 0  66.000 0  40.000 0 0.0 1  34.300 0   0.196  22.000 1 0
  3.000  82.000 0  70.000 0 0.0 1 0.0 1  21.100 0   0.389  25.000 0 1
  3.000 193.000 0  70.000 0  31.000 0 0.0 1  34.900 0   0.241  25.000 1 0
  4.000  95.000 0  64.000 0 0.0 1 0.0 1  32.000 0   0.161  31.000 1 0
  6.000 137.000 0  61.000 0 0.0 1 0.0 1  24.200 0   0.151  55.000 0 1
  5.000 136.000 0  84.000 0  41.000 0  88.000 0  35.000 0   0.286  35.000 1 0
  9.000  72.000 0  78.000 0  25.000 0 0.0 1  31.600 0   0.280  38.000 0 1
  5.000 168.000 0  64.000 0 0.0 1 0.0 1  32.900 0   0.135  41.000 1 0
  2.000 123.000 0  48.000 0  32.000 0 165.000 0  42.100 0   0.520  26.000 0 1
  4.000 115.000 0  72.000 0 0.0 1 0.0 1  28.900 0   0.376  46.000 1 0
  0.000 101.000 0  62.000 0 0.0 1 0.0 1  21.900 0   0.336  25.000 0 1
  8.000 197.000 0  74.000 0 0.0 1 0.0 1  25.900 0   1.191  39.000 1 0
  1.000 172.000 0  68.000 0  49.000 0 579.000 0  42.400 0   0.702  28.000 1 0
  6.000 102.000 0  90.000 0  39.000 0 0.0 1  35.700 0   0.674  28.000 0 1
  1.000 112.000 0  72.000 0  30.000 0 176.000 0  34.400 0   0.528  25.000 0 1
  1.000 143.000 0  84.000 0  23.000 0 310.000 0  42.400 0   1.076  22.000 0 1
  1.000 143.000 0  74.000 0  22.000 0  61.000 0  26.200 0   0.256  21.000 0 1
  0.000 138.000 0  60.000 0  35.000 0 167.000 0  34.600 0   0.534  21.000 1 0
  3.000 173.000 0  84.000 0  33.000 0 474.000 0  35.700 0   0.258  22.000 1 0
  1.000  97.000 0  68.000 0  21.000 0 0.0 1  27.200 0   1.095  22.000 0 1
  4.000 144.000 0  82.000 0  32.000 0 0.0 1  38.500 0   0.554  37.000 1 0
  1.000  83.000 0  68.000 0 0.0 1 0.0 1  18.200 0   0.624  27.000 0 1
  3.000 129.000 0  64.000 0  29.000 0 115.000 0  26.400 0   0.219  28.000 1 0
  1.000 119.000 0  88.000 0  41.000 0 170.000 0  45.300 0   0.507  26.000 0 1
  2.000  94.000 0  68.000 0  18.000 0  76.000 0  26.000 0   0.561  21.000 0 1
  0.000 102.000 0  64.000 0  46.000 0  78.000 0  40.600 0   0.496  21.000 0 1
  2.000 115.000 0  64.000 0  22.000 0 0.0 1  30.800 0   0.421  21.000 0 1
  8.000 151.000 0  78.000 0  32.000 0 210.000 0  42.900 0   0.516  36.000 1 0
  4.000 184.000 0  78.000 0  39.000 0 277.000 0  37.000 0   0.264  31.000 1 0
  0.000  94.000 0 0.0 1 0.0 1 0.0 1 0.0 1   0.256  25.000 0 1
  1.000 181.000 0  64.000 0  30.000 0 180.000 0  34.100 0   0.328  38.000 1 0
  0.000 135.000 0  94.000 0  46.000 0 145.000 0  40.600 0   0.284  26.000 0 1
  1.000  95.000 0  82.000 0  25.000 0 180.000 0  35.000 0   0.233  43.000 1 0
  2.000  99.000 0 0.0 1 0.0 1 0.0 1  22.200 0   0.108  23.000 0 1
  3.000  89.000 0  74.000 0  16.000 0  85.000 0  30.400 0   0.551  38.000 0 1
  1.000  80.000 0  74.000 0  11.000 0  60.000 0  30.000 0   0.527  22.000 0 1
  2.000 139.000 0  75.000 0 0.0 1 0.0 1  25.600 0   0.167  29.000 0 1
  1.000  90.000 0  68.000 0   8.000 0 0.0 1  24.500 0   1.138  36.000 0 1
  0.000 141.000 0 0.0 1 0.0 1 0.0 1  42.400 0   0.205  29.000 1 0
 12.000 140.000 0  85.000 0  33.000 0 0.0 1  37.400 0   0.244  41.000 0 1
  5.000 147.000 0  75.000 0 0.0 1 0.0 1  29.900 0   0.434  28.000 0 1
  1.000  97.000 0  70.000 0  15.000 0 0.0 1  18.200 0   0.147  21.000 0 1
  6.000 107.000 0  88.000 0 0.0 1 0.0 1  36.800 0   0.727  31.000 0 1
  0.000 189.000 0 104.000 0  25.000 0 0.0 1  34.300 0   0.435  41.000 1 0
  2.000  83.000 0  66.000 0  23.000 0  50.000 0  32.200 0   0.497  22.000 0 1
  4.000 117.000 0  64.000 0  27.000 0 120.000 0  33.200 0   0.230  24.000 0 1
  8.000 108.000 0  70.000 0 0.0 1 0.0 1  30.500 0   0.955  33.000 1 0
  4.000 117.000 0  62.000 0  12.000 0 0.0 1  29.700 0   0.380  30.000 1 0
  0.000 180.000 0  78.000 0  63.000 0  14.000 0  59.400 0   2.420  25.000 1 0
  1.000 100.000 0  72.000 0  12.000 0  70.000 0  25.300 0   0.658  28.000 0 1
  0.000  95.000 0  80.000 0  45.000 0  92.000 0  36.500 0   0.330  26.000 0 1
  0.000 104.000 0  64.000 0  37.000 0  64.000 0  33.600 0   0.510  22.000 1 0
  0.000 120.000 0  74.000 0  18.000 0  63.000 0  30.500 0   0.285  26.000 0 1
  1.000  82.000 0  64.000 0  13.000 0  95.000 0  21.200 0   0.415  23.000 0 1
  2.000 134.000 0  70.000 0 0.0 1 0.0 1  28.900 0   0.542  23.000 1 0
  0.000  91.000 0  68.000 0  32.000 0 210.000 0  39.900 0   0.381  25.000 0 1
  2.000 119.000 0 0.0 1 0.0 1 0.0 1  19.600 0   0.832  72.000 0 1
  2.000 100.000 0  54.000 0  28.000 0 105.000 0  37.800 0   0.498  24.000 0 1
 14.000 175.000 0  62.000 0  30.000 0 0.0 1  33.600 0   0.212  38.000 1 0
  1.000 135.000 0  54.000 0 0.0 1 0.0 1  26.700 0   0.687  62.000 0 1
  5.000  86.000 0  68.000 0  28.000 0  71.000 0  30.200 0   0.364  24.000 0 1
 10.000 148.000 0  84.000 0  48.000 0 237.000 0  37.600 0   1.001  51.000 1 0
  9.000 134.000 0  74.000 0  33.000 0  60.000 0  25.900 0   0.460  81.000 0 1
  9.000 120.000 0  72.000 0  22.000 0  56.000 0  20.800 0   0.733  48.000 0 1
  1.000  71.000 0  62.000 0 0.0 1 0.0 1  21.800 0   0.416  26.000 0 1
  8.000  74.000 0  70.000 0  40.000 0  49.000 0  35.300 0   0.705  39.000 0 1
  5.000  88.000 0  78.000 0  30.000 0 0.0 1  27.600 0   0.258  37.000 0 1
 10.000 115.000 0  98.000 0 0.0 1 0.0 1  24.000 0   1.022  34.000 0 1
  0.000 124.000 0  56.000 0  13.000 0 105.000 0  21.800 0   0.452  21.000 0 1
  0.000  74.000 0  52.000 0  10.000 0  36.000 0  27.800 0   0.269  22.000 0 1
  0.000  97.000 0  64.000 0  36.000 0 100.000 0  36.800 0   0.600  25.000 0 1
  8.000 120.000 0 0.0 1 0.0 1 0.0 1  30.000 0   0.183  38.000 1 0
  6.000 154.000 0  78.000 0  41.000 0 140.000 0  46.100 0   0.571  27.000 0 1
  1.000 144.000 0  82.000 0  40.000 0 0.0 1  41.300 0   0.607  28.000 0 1
  0.000 137.000 0  70.000 0  38.000 0 0.0 1  33.200 0   0.170  22.000 0 1
  0.000 119.000 0  66.000 0  27.000 0 0.0 1  38.800 0   0.259  22.000 0 1
  7.000 136.000 0  90.000 0 0.0 1 0.0 1  29.900 0   0.210  50.000 0 1
  4.000 114.000 0  64.000 0 0.0 1 0.0 1  28.900 0   0.126  24.000 0 1
  0.000 137.000 0  84.000 0  27.000 0 0.0 1  27.300 0   0.231  59.000 0 1
  2.000 105.000 0  80.000 0  45.000 0 191.000 0  33.700 0   0.711  29.000 1 0
  7.000 114.000 0  76.000 0  17.000 0 110.000 0  23.800 0   0.466  31.000 0 1
  8.000 126.000 0  74.000 0  38.000 0  75.000 0  25.900 0   0.162  39.000 0 1
  4.000 132.000 0  86.000 0  31.000 0 0.0 1  28.000 0   0.419  63.000 0 1
  3.000 158.000 0  70.000 0  30.000 0 328.000 0  35.500 0   0.344  35.000 1 0
  0.000 123.000 0  88.000 0  37.000 0 0.0 1  35.200 0   0.197  29.000 0 1
  4.000  85.000 0  58.000 0  22.000 0  49.000 0  27.800 0   0.306  28.000 0 1
  0.000  84.000 0  82.000 0  31.000 0 125.000 0  38.200 0   0.233  23.000 0 1
  0.000 145.000 0 0.0 1 0.0 1 0.0 1  44.200 0   0.630  31.000 1 0
  0.000 135.000 0  68.000 0  42.000 0 250.000 0  42.300 0   0.365  24.000 1 0
  1.000 139.000 0  62.000 0  41.000 0 480.000 0  40.700 0   0.536  21.000 0 1
  0.000 173.000 0  78.000 0  32.000 0 265.000 0  46.500 0   1.159  58.000 0 1
  4.000  99.000 0  72.000 0  17.000 0 0.0 1  25.600 0   0.294  28.000 0 1
  8.000 194.000 0  80.000 0 0.0 1 0.0 1  26.100 0   0.551  67.000 0 1
  2.000  83.000 0  65.000 0  28.000 0  66.000 0  36.800 0   0.629  24.000 0 1
  2.000  89.000 0  90.000 0  30.000 0 0.0 1  33.500 0   0.292  42.000 0 1
  4.000  99.000 0  68.000 0  38.000 0 0.0 1  32.800 0   0.145  33.000 0 1
  4.000 125.000 0  70.000 0  18.000 0 122.000 0  28.900 0   1.144  45.000 1 0
  3.000  80.000 0 0.0 1 0.0 1 0.0 1 0.0 1   0.174  22.000 0 1
  6.000 166.000 0  74.000 0 0.0 1 0.0 1  26.600 0   0.304  66.000 0 1
  5.000 110.000 0  68.000 0 0.0 1 0.0 1  26.000 0   0.292  30.000 0 1
  2.000  81.000 0  72.000 0  15.000 0  76.000 0  30.100 0   0.547  25.000 0 1
  7.000 195.000 0  70.000 0  33.000 0 145.000 0  25.100 0   0.163  55.000 1 0
  6.000 154.000 0  74.000 0  32.000 0 193.000 0  29.300 0   0.839  39.000 0 1
  2.000 117.000 0  90.000 0  19.000 0  71.000 0  25.200 0   0.313  21.000 0 1
  3.000  84.000 0  72.000 0  32.000 0 0.0 1  37.200 0   0.267  28.000 0 1
  6.000 0.0 1  68.000 0  41.000 0 0.0 1  39.000 0   0.727  41.000 1 0
  7.000  94.000 0  64.000 0  25.000 0  79.000 0  33.300 0   0.738  41.000 0 1
  3.000  96.000 0  78.000 0  39.000 0 0.0 1  37.300 0   0.238  40.000 0 1
 10.000  75.000 0  82.000 0 0.0 1 0.0 1  33.300 0   0.263  38.000 0 1
  0.000 180.000 0  90.000 0  26.000 0  90.000 0  36.500 0   0.314  35.000 1 0
  1.000 130.000 0  60.000 0  23.000 0 170.000 0  28.600 0   0.692  21.000 0 1
  2.000  84.000 0  50.000 0  23.000 0  76.000 0  30.400 0   0.968  21.000 0 1
  8.000 120.000 0  78.000 0 0.0 1 0.0 1  25.000 0   0.409  64.000 0 1
 12.000  84.000 0  72.000 0  31.000 0 0.0 1  29.700 0   0.297  46.000 1 0
  0.000 139.000 0  62.000 0  17.000 0 210.000 0  22.100 0   0.207  21.000 0 1
  9.000  91.000 0  68.000 0 0.0 1 0.0 1  24.200 0   0.200  58.000 0 1
  2.000  91.000 0  62.000 0 0.0 1 0.0 1  27.300 0   0.525  22.000 0 1
  3.000  99.000 0  54.000 0  19.000 0  86.000 0  25.600 0   0.154  24.000 0 1
  3.000 163.000 0  70.000 0  18.000 0 105.000 0  31.600 0   0.268  28.000 1 0
  9.000 145.000 0  88.000 0  34.000 0 165.000 0  30.300 0   0.771  53.000 1 0
  7.000 125.000 0  86.000 0 0.0 1 0.0 1  37.600 0   0.304  51.000 0 1
 13.000  76.000 0  60.000 0 0.0 1 0.0 1  32.800 0   0.180  41.000 0 1
  6.000 129.000 0  90.000 0   7.000 0 326.000 0  19.600 0   0.582  60.000 0 1
  2.000  68.000 0  70.000 0  32.000 0  66.000 0  25.000 0   0.187  25.000 0 1
  3.000 124.000 0  80.000 0  33.000 0 130.000 0  33.200 0   0.305  26.000 0 1
  6.000 114.000 0 0.0 1 0.0 1 0.0 1 0.0 1   0.189  26.000 0 1
  9.000 130.000 0  70.000 0 0.0 1 0.0 1  34.200 0   0.652  45.000 1 0
  3.000 125.000 0  58.000 0 0.0 1 0.0 1  31.600 0   0.151  24.000 0 1
  3.000  87.000 0  60.000 0  18.000 0 0.0 1  21.800 0   0.444  21.000 0 1
  1.000  97.000 0  64.000 0  19.000 0  82.000 0  18.200 0   0.299  21.000 0 1
  3.000 116.000 0  74.000 0  15.000 0 105.000 0  26.300 0   0.107  24.000 0 1
  0.000 117.000 0  66.000 0  31.000 0 188.000 0  30.800 0   0.493  22.000 0 1
  0.000 111.000 0  65.000 0 0.0 1 0.0 1  24.600 0   0.660  31.000 0 1
  2.000 122.000 0  60.000 0  18.000 0 106.000 0  29.800 0   0.717  22.000 0 1
  0.000 107.000 0  76.000 0 0.0 1 0.0 1  45.300 0   0.686  24.000 0 1
  1.000  86.000 0  66.000 0  52.000 0  65.000 0  41.300 0   0.917  29.000 0 1
  6.000  91.000 0 0.0 1 0.0 1 0.0 1  29.800 0   0.501  31.000 0 1
  1.000  77.000 0  56.000 0  30.000 0  56.000 0  33.300 0   1.251  24.000 0 1
  4.000 132.000 0 0.0 1 0.0 1 0.0 1  32.900 0   0.302  23.000 1 0
  0.000 105.000 0  90.000 0 0.0 1 0.0 1  29.600 0   0.197  46.000 0 1
  0.000  57.000 0  60.000 0 0.0 1 0.0 1  21.700 0   0.735  67.000 0 1
  0.000 127.000 0  80.000 0  37.000 0 210.000 0  36.300 0   0.804  23.000 0 1
  3.000 129.000 0  92.000 0  49.000 0 155.000 0  36.400 0   0.968  32.000 1 0
  8.000 100.000 0  74.000 0  40.000 0 215.000 0  39.400 0   0.661  43.000 1 0
  3.000 128.000 0  72.000 0  25.000 0 190.000 0  32.400 0   0.549  27.000 1 0
 10.000  90.000 0  85.000 0  32.000 0 0.0 1  34.900 0   0.825  56.000 1 0
  4.000  84.000 0  90.000 0  23.000 0  56.000 0  39.500 0   0.159  25.000 0 1
  1.000  88.000 0  78.000 0  29.000 0  76.000 0  32.000 0   0.365  29.000 0 1
  8.000 186.000 0  90.000 0  35.000 0 225.000 0  34.500 0   0.423  37.000 1 0
  5.000 187.000 0  76.000 0  27.000 0 207.000 0  43.600 0   1.034  53.000 1 0
  4.000 131.000 0  68.000 0  21.000 0 166.000 0  33.100 0   0.160  28.000 0 1
  1.000 164.000 0  82.000 0  43.000 0  67.000 0  32.800 0   0.341  50.000 0 1
  4.000 189.000 0 110.000 0  31.000 0 0.0 1  28.500 0   0.680  37.000 0 1
  1.000 116.000 0  70.000 0  28.000 0 0.0 1  27.400 0   0.204  21.000 0 1
  3.000  84.000 0  68.000 0  30.000 0 106.000 0  31.900 0   0.591  25.000 0 1
  6.000 114.000 0  88.000 0 0.0 1 0.0 1  27.800 0   0.247  66.000 0 1
  1.000  88.000 0  62.000 0  24.000 0  44.000 0  29.900 0   0.422  23.000 0 1
  1.000  84.000 0  64.000 0  23.000 0 115.000 0  36.900 0   0.471  28.000 0 1
  7.000 124.000 0  70.000 0  33.000 0 215.000 0  25.500 0   0.161  37.000 0 1
  1.000  97.000 0  70.000 0  40.000 0 0.0 1  38.100 0   0.218  30.000 0 1
  8.000 110.000 0  76.000 0 0.0 1 0.0 1  27.800 0   0.237  58.000 0 1
 11.000 103.000 0  68.000 0  40.000 0 0.0 1  46.200 0   0.126  42.000 0 1
 11.000  85.000 0  74.000 0 0.0 1 0.0 1  30.100 0   0.300  35.000 0 1
  6.000 125.000 0  76.000 0 0.0 1 0.0 1  33.800 0   0.121  54.000 1 0
  0.000 198.000 0  66.000 0  32.000 0 274.000 0  41.300 0   0.502  28.000 1 0
  1.000  87.000 0  68.000 0  34.000 0  77.000 0  37.600 0   0.401  24.000 0 1
  6.000  99.000 0  60.000 0  19.000 0  54.000 0  26.900 0   0.497  32.000 0 1
  0.000  91.000 0  80.000 0 0.0 1 0.0 1  32.400 0   0.601  27.000 0 1
  2.000  95.000 0  54.000 0  14.000 0  88.000 0  26.100 0   0.748  22.000 0 1
  1.000  99.000 0  72.000 0  30.000 0  18.000 0  38.600 0   0.412  21.000 0 1
  6.000  92.000 0  62.000 0  32.000 0 126.000 0  32.000 0   0.085  46.000 0 1
  4.000 154.000 0  72.000 0  29.000 0 126.000 0  31.300 0   0.338  37.000 0 1
  0.000 121.000 0  66.000 0  30.000 0 165.000 0  34.300 0   0.203  33.000 1 0
  3.000  78.000 0  70.000 0 0.0 1 0.0 1  32.500 0   0.270  39.000 0 1
  2.000 130.000 0  96.000 0 0.0 1 0.0 1  22.600 0   0.268  21.000 0 1
  3.000 111.000 0  58.000 0  31.000 0  44.000 0  29.500 0   0.430  22.000 0 1
  2.000  98.000 0  60.000 0  17.000 0 120.000 0  34.700 0   0.198  22.000 0 1
  1.000 143.000 0  86.000 0  30.000 0 330.000 0  30.100 0   0.892  23.000 0 1
  1.000 119.000 0  44.000 0  47.000 0  63.000 0  35.500 0   0.280  25.000 0 1
  6.000 108.000 0  44.000 0  20.000 0 130.000 0  24.000 0   0.813  35.000 0 1
  2.000 118.000 0  80.000 0 0.0 1 0.0 1  42.900 0   0.693  21.000 1 0
 10.000 133.000 0  68.000 0 0.0 1 0.0 1  27.000 0   0.245  36.000 0 1
  2.000 197.000 0  70.000 0  99.000 0 0.0 1  34.700 0   0.575  62.000 1 0
  0.000 151.000 0  90.000 0  46.000 0 0.0 1  42.100 0   0.371  21.000 1 0
  6.000 109.000 0  60.000 0  27.000 0 0.0 1  25.000 0   0.206  27.000 0 1
 12.000 121.000 0  78.000 0  17.000 0 0.0 1  26.500 0   0.259  62.000 0 1
  8.000 100.000 0  76.000 0 0.0 1 0.0 1  38.700 0   0.190  42.000 0 1
  8.000 124.000 0  76.000 0  24.000 0 600.000 0  28.700 0   0.687  52.000 1 0
  1.000  93.000 0  56.000 0  11.000 0 0.0 1  22.500 0   0.417  22.000 0 1
  8.000 143.000 0  66.000 0 0.0 1 0.0 1  34.900 0   0.129  41.000 1 0
  6.000 103.000 0  66.000 0 0.0 1 0.0 1  24.300 0   0.249  29.000 0 1
  3.000 176.000 0  86.000 0  27.000 0 156.000 0  33.300 0   1.154  52.000 1 0
  0.000  73.000 0 0.0 1 0.0 1 0.0 1  21.100 0   0.342  25.000 0 1
 11.000 111.000 0  84.000 0  40.000 0 0.0 1  46.800 0   0.925  45.000 1 0
  2.000 112.000 0  78.000 0  50.000 0 140.000 0  39.400 0   0.175  24.000 0 1
  3.000 132.000 0  80.000 0 0.0 1 0.0 1  34.400 0   0.402  44.000 1 0
  2.000  82.000 0  52.000 0  22.000 0 115.000 0  28.500 0   1.699  25.000 0 1
  6.000 123.000 0  72.000 0  45.000 0 230.000 0  33.600 0   0.733  34.000 0 1
  0.000 188.000 0  82.000 0  14.000 0 185.000 0  32.000 0   0.682  22.000 1 0
  0.000  67.000 0  76.000 0 0.0 1 0.0 1  45.300 0   0.194  46.000 0 1
  1.000  89.000 0  24.000 0  19.000 0  25.000 0  27.800 0   0.559  21.000 0 1
  1.000 173.000 0  74.000 0 0.0 1 0.0 1  36.800 0   0.088  38.000 1 0
  1.000 109.000 0  38.000 0  18.000 0 120.000 0  23.100 0   0.407  26.000 0 1
  1.000 108.000 0  88.000 0  19.000 0 0.0 1  27.100 0   0.400  24.000 0 1
  6.000  96.000 0 0.0 1 0.0 1 0.0 1  23.700 0   0.190  28.000 0 1
  1.000 124.000 0  74.000 0  36.000 0 0.0 1  27.800 0   0.100  30.000 0 1
  7.000 150.000 0  78.000 0  29.000 0 126.000 0  35.200 0   0.692  54.000 1 0
  4.000 183.000 0 0.0 1 0.0 1 0.0 1  28.400 0   0.212  36.000 1 0
  1.000 124.000 0  60.000 0  32.000 0 0.0 1  35.800 0   0.514  21.000 0 1
  1.000 181.000 0  78.000 0  42.000 0 293.000 0  40.000 0   1.258  22.000 1 0
  1.000  92.000 0  62.000 0  25.000 0  41.000 0  19.500 0   0.482  25.000 0 1
  0.000 152.000 0  82.000 0  39.000 0 272.000 0  41.500 0   0.270  27.000 0 1
  1.000 111.000 0  62.000 0  13.000 0 182.000 0  24.000 0   0.138  23.000 0 1
  3.000 106.000 0  54.000 0  21.000 0 158.000 0  30.900 0   0.292  24.000 0 1
  3.000 174.000 0  58.000 0  22.000 0 194.000 0  32.900 0   0.593  36.000 1 0
  7.000 168.000 0  88.000 0  42.000 0 321.000 0  38.200 0   0.787  40.000 1 0
  6.000 105.000 0  80.000 0  28.000 0 0.0 1  32.500 0   0.878  26.000 0 1
 11.000 138.000 0  74.000 0  26.000 0 144.000 0  36.100 0   0.557  50.000 1 0
  3.000 106.000 0  72.000 0 0.0 1 0.0 1  25.800 0   0.207  27.000 0 1
  6.000 117.000 0  96.000 0 0.0 1 0.0 1  28.700 0   0.157  30.000 0 1
  2.000  68.000 0  62.000 0  13.000 0  15.000 0  20.100 0   0.257  23.000 0 1
  9.000 112.000 0  82.000 0  24.000 0 0.0 1  28.200 0   1.282  50.000 1 0
  0.000 119.000 0 0.0 1 0.0 1 0.0 1  32.400 0   0.141  24.000 1 0
  2.000 112.000 0  86.000 0  42.000 0 160.000 0  38.400 0   0.246  28.000 0 1
  2.000  92.000 0  76.000 0  20.000 0 0.0 1  24.200 0   1.698  28.000 0 1
  6.000 183.000 0  94.000 0 0.0 1 0.0 1  40.800 0   1.461  45.000 0 1
  0.000  94.000 0  70.000 0  27.000 0 115.000 0  43.500 0   0.347  21.000 0 1
  2.000 108.000 0  64.000 0 0.0 1 0.0 1  30.800 0   0.158  21.000 0 1
  4.000  90.000 0  88.000 0  47.000 0  54.000 0  37.700 0   0.362  29.000 0 1
  0.000 125.000 0  68.000 0 0.0 1 0.0 1  24.700 0   0.206  21.000 0 1
  0.000 132.000 0  78.000 0 0.0 1 0.0 1  32.400 0   0.393  21.000 0 1
  5.000 128.000 0  80.000 0 0.0 1 0.0 1  34.600 0   0.144  45.000 0 1
  4.000  94.000 0  65.000 0  22.000 0 0.0 1  24.700 0   0.148  21.000 0 1
  7.000 114.000 0  64.000 0 0.0 1 0.0 1  27.400 0   0.732  34.000 1 0
  0.000 102.000 0  78.000 0  40.000 0  90.000 0  34.500 0   0.238  24.000 0 1
  2.000 111.000 0  60.000 0 0.0 1 0.0 1  26.200 0   0.343  23.000 0 1
  1.000 128.000 0  82.000 0  17.000 0 183.000 0  27.500 0   0.115  22.000 0 1
 10.000  92.000 0  62.000 0 0.0 1 0.0 1  25.900 0   0.167  31.000 0 1
 13.000 104.000 0  72.000 0 0.0 1 0.0 1  31.200 0   0.465  38.000 1 0
  5.000 104.000 0  74.000 0 0.0 1 0.0 1  28.800 0   0.153  48.000 0 1
  2.000  94.000 0  76.000 0  18.000 0  66.000 0  31.600 0   0.649  23.000 0 1
  7.000  97.000 0  76.000 0  32.000 0  91.000 0  40.900 0   0.871  32.000 1 0
  1.000 100.000 0  74.000 0  12.000 0  46.000 0  19.500 0   0.149  28.000 0 1
  0.000 102.000 0  86.000 0  17.000 0 105.000 0  29.300 0   0.695  27.000 0 1
  4.000 128.000 0  70.000 0 0.0 1 0.0 1  34.300 0   0.303  24.000 0 1
  6.000 147.000 0  80.000 0 0.0 1 0.0 1  29.500 0   0.178  50.000 1 0
  4.000  90.000 0 0.0 1 0.0 1 0.0 1  28.000 0   0.610  31.000 0 1
  3.000 103.000 0  72.000 0  30.000 0 152.000 0  27.600 0   0.730  27.000 0 1
  2.000 157.000 0  74.000 0  35.000 0 440.000 0  39.400 0   0.134  30.000 0 1
  1.000 167.000 0  74.000 0  17.000 0 144.000 0  23.400 0   0.447  33.000 1 0
  0.000 179.000 0  50.000 0  36.000 0 159.000 0  37.800 0   0.455  22.000 1 0
 11.000 136.000 0  84.000 0  35.000 0 130.000 0  28.300 0   0.260  42.000 1 0
  0.000 107.000 0  60.000 0  25.000 0 0.0 1  26.400 0   0.133  23.000 0 1
  1.000  91.000 0  54.000 0  25.000 0 100.000 0  25.200 0   0.234  23.000 0 1
  1.000 117.000 0  60.000 0  23.000 0 106.000 0  33.800 0   0.466  27.000 0 1
  5.000 123.000 0  74.000 0  40.000 0  77.000 0  34.100 0   0.269  28.000 0 1
  2.000 120.000 0  54.000 0 0.0 1 0.0 1  26.800 0   0.455  27.000 0 1
  1.000 106.000 0  70.000 0  28.000 0 135.000 0  34.200 0   0.142  22.000 0 1
  2.000 155.000 0  52.000 0  27.000 0 540.000 0  38.700 0   0.240  25.000 1 0
  2.000 101.000 0  58.000 0  35.000 0  90.000 0  21.800 0   0.155  22.000 0 1
  1.000 120.000 0  80.000 0  48.000 0 200.000 0  38.900 0   1.162  41.000 0 1
 11.000 127.000 0 106.000 0 0.0 1 0.0 1  39.000 0   0.190  51.000 0 1
  3.000  80.000 0  82.000 0  31.000 0  70.000 0  34.200 0   1.292  27.000 1 0
 10.000 162.000 0  84.000 0 0.0 1 0.0 1  27.700 0   0.182  54.000 0 1
  1.000 199.000 0  76.000 0  43.000 0 0.0 1  42.900 0   1.394  22.000 1 0
  8.000 167.000 0 106.000 0  46.000 0 231.000 0  37.600 0   0.165  43.000 1 0
  9.000 145.000 0  80.000 0  46.000 0 130.000 0  37.900 0   0.637  40.000 1 0
  6.000 115.000 0  60.000 0  39.000 0 0.0 1  33.700 0   0.245  40.000 1 0
  1.000 112.000 0  80.000 0  45.000 0 132.000 0  34.800 0   0.217  24.000 0 1
  4.000 145.000 0  82.000 0  18.000 0 0.0 1  32.500 0   0.235  70.000 1 0
 10.000 111.000 0  70.000 0  27.000 0 0.0 1  27.500 0   0.141  40.000 1 0
  6.000  98.000 0  58.000 0  33.000 0 190.000 0  34.000 0   0.430  43.000 0 1
  9.000 154.000 0  78.000 0  30.000 0 100.000 0  30.900 0   0.164  45.000 0 1
  6.000 165.000 0  68.000 0  26.000 0 168.000 0  33.600 0   0.631  49.000 0 1
  1.000  99.000 0  58.000 0  10.000 0 0.0 1  25.400 0   0.551  21.000 0 1
 10.000  68.000 0 106.000 0  23.000 0  49.000 0  35.500 0   0.285  47.000 0 1
  3.000 123.000 0 100.000 0  35.000 0 240.000 0  57.300 0   0.880  22.000 0 1
  8.000  91.000 0  82.000 0 0.0 1 0.0 1  35.600 0   0.587  68.000 0 1
  6.000 195.000 0  70.000 0 0.0 1 0.0 1  30.900 0   0.328  31.000 1 0
  9.000 156.000 0  86.000 0 0.0 1 0.0 1  24.800 0   0.230  53.000 1 0
  0.000  93.000 0  60.000 0 0.0 1 0.0 1  35.300 0   0.263  25.000 0 1
  3.000 121.000 0  52.000 0 0.0 1 0.0 1  36.000 0   0.127  25.000 1 0
  2.000 101.000 0  58.000 0  17.000 0 265.000 0  24.200 0   0.614  23.000 0 1
  2.000  56.000 0  56.000 0  28.000 0  45.000 0  24.200 0   0.332  22.000 0 1
  0.000 162.000 0  76.000 0  36.000 0 0.0 1  49.600 0   0.364  26.000 1 0
  0.000  95.000 0  64.000 0  39.000 0 105.000 0  44.600 0   0.366  22.000 0 1
  4.000 125.000 0  80.000 0 0.0 1 0.0 1  32.300 0   0.536  27.000 1 0
  5.000 136.000 0  82.000 0 0.0 1 0.0 1 0.0 1   0.640  69.000 0 1
  2.000 129.000 0  74.000 0  26.000 0 205.000 0  33.200 0   0.591  25.000 0 1
  3.000 130.000 0  64.000 0 0.0 1 0.0 1  23.100 0   0.314  22.000 0 1
  1.000 107.000 0  50.000 0  19.000 0 0.0 1  28.300 0   0.181  29.000 0 1
  1.000 140.000 0  74.000 0  26.000 0 180.000 0  24.100 0   0.828  23.000 0 1
  1.000 144.000 0  82.000 0  46.000 0 180.000 0  46.100 0   0.335  46.000 1 0
  8.000 107.000 0  80.000 0 0.0 1 0.0 1  24.600 0   0.856  34.000 0 1
 13.000 158.000 0 114.000 0 0.0 1 0.0 1  42.300 0   0.257  44.000 1 0
  2.000 121.000 0  70.000 0  32.000 0  95.000 0  39.100 0   0.886  23.000 0 1
  7.000 129.000 0  68.000 0  49.000 0 125.000 0  38.500 0   0.439  43.000 1 0
  2.000  90.000 0  60.000 0 0.0 1 0.0 1  23.500 0   0.191  25.000 0 1
  7.000 142.000 0  90.000 0  24.000 0 480.000 0  30.400 0   0.128  43.000 1 0
  3.000 169.000 0  74.000 0  19.000 0 125.000 0  29.900 0   0.268  31.000 1 0
  0.000  99.000 0 0.0 1 0.0 1 0.0 1  25.000 0   0.253  22.000 0 1
  4.000 127.000 0  88.000 0  11.000 0 155.000 0  34.500 0   0.598  28.000 0 1
  4.000 118.000 0  70.000 0 0.0 1 0.0 1  44.500 0   0.904  26.000 0 1
  2.000 122.000 0  76.000 0  27.000 0 200.000 0  35.900 0   0.483  26.000 0 1
  6.000 125.000 0  78.000 0  31.000 0 0.0 1  27.600 0   0.565  49.000 1 0
  1.000 168.000 0  88.000 0  29.000 0 0.0 1  35.000 0   0.905  52.000 1 0
  2.000 129.000 0 0.0 1 0.0 1 0.0 1  38.500 0   0.304  41.000 0 1
  4.000 110.000 0  76.000 0  20.000 0 100.000 0  28.400 0   0.118  27.000 0 1
  6.000  80.000 0  80.000 0  36.000 0 0.0 1  39.800 0   0.177  28.000 0 1
 10.000 115.000 0 0.0 1 0.0 1 0.0 1 0.0 1   0.261  30.000 1 0
  2.000 127.000 0  46.000 0  21.000 0 335.000 0  34.400 0   0.176  22.000 0 1
  9.000 164.000 0  78.000 0 0.0 1 0.0 1  32.800 0   0.148  45.000 1 0
  2.000  93.000 0  64.000 0  32.000 0 160.000 0  38.000 0   0.674  23.000 1 0
  3.000 158.000 0  64.000 0  13.000 0 387.000 0  31.200 0   0.295  24.000 0 1
  5.000 126.000 0  78.000 0  27.000 0  22.000 0  29.600 0   0.439  40.000 0 1
 10.000 129.000 0  62.000 0  36.000 0 0.0 1  41.200 0   0.441  38.000 1 0
  0.000 134.000 0  58.000 0  20.000 0 291.000 0  26.400 0   0.352  21.000 0 1
  3.000 102.000 0  74.000 0 0.0 1 0.0 1  29.500 0   0.121  32.000 0 1
  7.000 187.000 0  50.000 0  33.000 0 392.000 0  33.900 0   0.826  34.000 1 0
  3.000 173.000 0  78.000 0  39.000 0 185.000 0  33.800 0   0.970  31.000 1 0
 10.000  94.000 0  72.000 0  18.000 0 0.0 1  23.100 0   0.595  56.000 0 1
  1.000 108.000 0  60.000 0  46.000 0 178.000 0  35.500 0   0.415  24.000 0 1
  5.000  97.000 0  76.000 0  27.000 0 0.0 1  35.600 0   0.378  52.000 1 0
  4.000  83.000 0  86.000 0  19.000 0 0.0 1  29.300 0   0.317  34.000 0 1
  1.000 114.000 0  66.000 0  36.000 0 200.000 0  38.100 0   0.289  21.000 0 1
  1.000 149.000 0  68.000 0  29.000 0 127.000 0  29.300 0   0.349  42.000 1 0
  5.000 117.000 0  86.000 0  30.000 0 105.000 0  39.100 0   0.251  42.000 0 1
  1.000 111.000 0  94.000 0 0.0 1 0.0 1  32.800 0   0.265  45.000 0 1
  4.000 112.000 0  78.000 0  40.000 0 0.0 1  39.400 0   0.236  38.000 0 1
  1.000 116.000 0  78.000 0  29.000 0 180.000 0  36.100 0   0.496  25.000 0 1
  0.000 141.000 0  84.000 0  26.000 0 0.0 1  32.400 0   0.433  22.000 0 1
  2.000 175.000 0  88.000 0 0.0 1 0.0 1  22.900 0   0.326  22.000 0 1
  2.000  92.000 0  52.000 0 0.0 1 0.0 1  30.100 0   0.141  22.000 0 1
  3.000 130.000 0  78.000 0  23.000 0  79.000 0  28.400 0   0.323  34.000 1 0
  8.000 120.000 0  86.000 0 0.0 1 0.0 1  28.400 0   0.259  22.000 1 0
  2.000 174.000 0  88.000 0  37.000 0 120.000 0  44.500 0   0.646  24.000 1 0
  2.000 106.000 0  56.000 0  27.000 0 165.000 0  29.000 0   0.426  22.000 0 1
  2.000 105.000 0  75.000 0 0.0 1 0.0 1  23.300 0   0.560  53.000 0 1
  4.000  95.000 0  60.000 0  32.000 0 0.0 1  35.400 0   0.284  28.000 0 1
  0.000 126.000 0  86.000 0  27.000 0 120.000 0  27.400 0   0.515  21.000 0 1
  8.000  65.000 0  72.000 0  23.000 0 0.0 1  32.000 0   0.600  42.000 0 1
  2.000  99.000 0  60.000 0  17.000 0 160.000 0  36.600 0   0.453  21.000 0 1
  1.000 102.000 0  74.000 0 0.0 1 0.0 1  39.500 0   0.293  42.000 1 0
 11.000 120.000 0  80.000 0  37.000 0 150.000 0  42.300 0   0.785  48.000 1 0
  3.000 102.000 0  44.000 0  20.000 0  94.000 0  30.800 0   0.400  26.000 0 1
  1.000 109.000 0  58.000 0  18.000 0 116.000 0  28.500 0   0.219  22.000 0 1
  9.000 140.000 0  94.000 0 0.0 1 0.0 1  32.700 0   0.734  45.000 1 0
 13.000 153.000 0  88.000 0  37.000 0 140.000 0  40.600 0   1.174  39.000 0 1
 12.000 100.000 0  84.000 0  33.000 0 105.000 0  30.000 0   0.488  46.000 0 1
  1.000 147.000 0  94.000 0  41.000 0 0.0 1  49.300 0   0.358  27.000 1 0
  1.000  81.000 0  74.000 0  41.000 0  57.000 0  46.300 0   1.096  32.000 0 1
  3.000 187.000 0  70.000 0  22.000 0 200.000 0  36.400 0   0.408  36.000 1 0
  6.000 162.000 0  62.000 0 0.0 1 0.0 1  24.300 0   0.178  50.000 1 0
  4.000 136.000 0  70.000 0 0.0 1 0.0 1  31.200 0   1.182  22.000 1 0
  1.000 121.000 0  78.000 0  39.000 0  74.000 0  39.000 0   0.261  28.000 0 1
  3.000 108.000 0  62.000 0  24.000 0 0.0 1  26.000 0   0.223  25.000 0 1
  0.000 181.000 0  88.000 0  44.000 0 510.000 0  43.300 0   0.222  26.000 1 0
  8.000 154.000 0  78.000 0  32.000 0 0.0 1  32.400 0   0.443  45.000 1 0
  1.000 128.000 0  88.000 0  39.000 0 110.000 0  36.500 0   1.057  37.000 1 0
  7.000 137.000 0  90.000 0  41.000 0 0.0 1  32.000 0   0.391  39.000 0 1
  0.000 123.000 0  72.000 0 0.0 1 0.0 1  36.300 0   0.258  52.000 1 0
  1.000 106.000 0  76.000 0 0.0 1 0.0 1  37.500 0   0.197  26.000 0 1
  6.000 190.000 0  92.000 0 0.0 1 0.0 1  35.500 0   0.278  66.000 1 0
  2.000  88.000 0  58.000 0  26.000 0  16.000 0  28.400 0   0.766  22.000 0 1
  9.000 170.000 0  74.000 0  31.000 0 0.0 1  44.000 0   0.403  43.000 1 0
  9.000  89.000 0  62.000 0 0.0 1 0.0 1  22.500 0   0.142  33.000 0 1
 10.000 101.000 0  76.000 0  48.000 0 180.000 0  32.900 0   0.171  63.000 0 1
  2.000 122.000 0  70.000 0  27.000 0 0.0 1  36.800 0   0.340  27.000 0 1
  5.000 121.000 0  72.000 0  23.000 0 112.000 0  26.200 0   0.245  30.000 0 1
  1.000 126.000 0  60.000 0 0.0 1 0.0 1  30.100 0   0.349  47.000 1 0
  1.000  93.000 0  70.000 0  31.000 0 0.0 1  30.400 0   0.315  23.000 0 1
