690
1 0 0  30.000 0   5.290 1 0 0 0 1 0 0 0 0 0 0 0 0 0 0 0 0 0 0 1 0 0 0 0 0 0 0 0 0 1 0 0 0   2.250 1 1   5.000 1 1 0 0  99.000 0   6.217 1 0
1 0 0  22.670 0   0.335 1 0 0 0 1 0 0 0 0 0 0 0 0 0 0 0 1 0 0 0 0 0 0 1 0 0 0 0 0 0 0 0 0   0.750 0 0   0.000 0 0 0 1 160.000 0   0.000 0 1
0 1 0  27.420 0  12.500 1 0 0 0 1 0 0 0 0 0 0 0 0 0 0 0 0 0 0 0 1 0 0 0 0 1 0 0 0 0 0 0 0   0.250 0 0   0.000 1 1 0 0 720.000 0   0.000 0 1
0 1 0  36.670 0   3.250 1 0 0 0 1 0 0 0 0 0 0 0 0 0 0 0 1 0 0 0 0 0 0 0 1 0 0 0 0 0 0 0 0   9.000 1 0   0.000 1 1 0 0 102.000 0   6.461 1 0
1 0 0  21.750 0  11.750 1 0 0 0 1 0 0 0 1 0 0 0 0 0 0 0 0 0 0 0 0 0 0 1 0 0 0 0 0 0 0 0 0   0.250 0 0   0.000 1 1 0 0 180.000 0   0.000 0 1
0 1 0  35.750 0   2.415 1 0 0 0 1 0 0 0 0 0 0 0 0 0 0 0 0 1 0 0 0 0 0 1 0 0 0 0 0 0 0 0 0   0.125 0 1   2.000 0 1 0 0 220.000 0   0.693 0 1
0 1 0  33.580 0   0.335 0 1 0 0 0 1 0 0 0 0 1 0 0 0 0 0 0 0 0 0 0 0 0 1 0 0 0 0 0 0 0 0 0   0.085 0 0   0.000 0 1 0 0 180.000 0   0.000 0 1
1 0 0  33.080 0   4.625 1 0 0 0 1 0 0 0 0 0 0 0 0 0 0 0 1 0 0 0 0 0 0 0 1 0 0 0 0 0 0 0 0   1.625 1 1   2.000 0 1 0 0   0.000 0   0.000 1 0
1 0 0  38.580 0   5.000 1 0 0 0 1 0 0 0 0 0 1 0 0 0 0 0 0 0 0 0 0 0 0 1 0 0 0 0 0 0 0 0 0  13.500 1 0   0.000 1 1 0 0 980.000 0   0.000 0 1
1 0 0  25.330 0   2.085 1 0 0 0 1 0 0 0 1 0 0 0 0 0 0 0 0 0 0 0 0 0 0 0 1 0 0 0 0 0 0 0 0   2.750 1 0   0.000 1 1 0 0 360.000 0   0.693 0 1
0 1 0  25.080 0   1.710 1 0 0 0 1 0 0 0 0 0 0 0 0 0 0 0 0 0 1 0 0 0 0 1 0 0 0 0 0 0 0 0 0   1.665 1 1   1.000 1 1 0 0 395.000 0   3.045 1 0
1 0 0  19.750 0   0.750 1 0 0 0 1 0 0 0 1 0 0 0 0 0 0 0 0 0 0 0 0 0 0 1 0 0 0 0 0 0 0 0 0   0.795 1 1   5.000 1 1 0 0 140.000 0   1.792 0 1
0 1 0  20.670 0   0.835 0 1 0 0 0 1 0 0 1 0 0 0 0 0 0 0 0 0 0 0 0 0 0 1 0 0 0 0 0 0 0 0 0   2.000 0 0   0.000 1 0 0 1 240.000 0   0.000 0 1
0 1 0  28.000 0   2.000 1 0 0 0 1 0 0 0 0 0 0 0 0 1 0 0 0 0 0 0 0 0 0 0 1 0 0 0 0 0 0 0 0   4.165 1 1   2.000 1 1 0 0 181.000 0   0.000 1 0
0 1 0  24.580 0  12.500 1 0 0 0 1 0 0 0 0 0 0 0 0 0 0 0 0 1 0 0 0 0 0 1 0 0 0 0 0 0 0 0 0   0.875 1 0   0.000 1 1 0 0 260.000 0   0.000 0 1
1 0 0  19.500 0   0.165 1 0 0 0 1 0 0 0 0 0 0 0 0 0 0 0 1 0 0 0 0 0 0 1 0 0 0 0 0 0 0 0 0   0.040 0 0   0.000 1 1 0 0 380.000 0   0.000 0 1
0 1 0 0 1   0.625 1 0 0 0 1 0 0 0 0 0 0 0 0 1 0 0 0 0 0 0 0 0 0 1 0 0 0 0 0 0 0 0 0   0.250 0 0   0.000 0 1 0 0 380.000 0   7.606 0 1
0 1 0  48.170 0   3.500 1 0 0 0 1 0 0 0 0 0 0 0 0 0 0 0 0 0 0 0 1 0 0 1 0 0 0 0 0 0 0 0 0   3.500 1 0   0.000 0 0 0 1 230.000 0   0.000 1 0
1 0 0  58.420 0  21.000 1 0 0 0 1 0 0 0 0 0 0 1 0 0 0 0 0 0 0 0 0 0 0 0 0 1 0 0 0 0 0 0 0  10.000 1 1  13.000 0 1 0 0   0.000 0   8.810 1 0
0 1 0  38.920 0   1.750 1 0 0 0 1 0 0 0 0 0 0 0 0 1 0 0 0 0 0 0 0 0 0 1 0 0 0 0 0 0 0 0 0   0.500 0 0   0.000 1 1 0 0 300.000 0   1.099 0 1
0 1 0  48.580 0   0.205 0 1 0 0 0 1 0 0 0 0 0 0 0 1 0 0 0 0 0 0 0 0 0 1 0 0 0 0 0 0 0 0 0   0.250 1 1  11.000 0 1 0 0 380.000 0   7.913 1 0
1 0 0  21.080 0   5.000 0 1 0 0 0 1 0 0 0 0 0 0 0 0 0 0 0 0 0 0 0 1 0 0 0 0 0 0 0 0 1 0 0   0.000 0 0   0.000 0 1 0 0   0.000 0   0.000 0 1
0 1 0  29.830 0   1.250 0 1 0 0 0 1 0 0 0 0 0 0 0 1 0 0 0 0 0 0 0 0 0 1 0 0 0 0 0 0 0 0 0   0.250 0 0   0.000 0 1 0 0 224.000 0   0.000 0 1
1 0 0  19.580 0   0.665 0 1 0 0 0 1 0 0 1 0 0 0 0 0 0 0 0 0 0 0 0 0 0 1 0 0 0 0 0 0 0 0 0   1.000 0 1   1.000 0 1 0 0 2000.000 0   1.099 0 1
0 1 0  18.250 0   0.165 1 0 0 0 1 0 0 0 0 1 0 0 0 0 0 0 0 0 0 0 0 0 0 1 0 0 0 0 0 0 0 0 0   0.250 0 0   0.000 1 0 0 1 280.000 0   0.000 0 1
0 1 0  23.000 0   0.750 1 0 0 0 1 0 0 0 0 0 0 0 0 0 1 0 0 0 0 0 0 0 0 1 0 0 0 0 0 0 0 0 0   0.500 0 0   0.000 1 0 0 1 320.000 0   0.000 0 1
0 1 0  31.080 0   1.500 0 1 0 0 0 1 0 0 0 0 0 0 0 0 0 0 0 1 0 0 0 0 0 1 0 0 0 0 0 0 0 0 0   0.040 0 0   0.000 0 0 0 1 160.000 0   0.000 0 1
1 0 0  38.330 0   4.415 1 0 0 0 1 0 0 0 1 0 0 0 0 0 0 0 0 0 0 0 0 0 0 1 0 0 0 0 0 0 0 0 0   0.125 0 0   0.000 0 1 0 0 160.000 0   0.000 0 1
0 1 0  17.920 0   0.205 1 0 0 0 1 0 0 0 0 0 0 0 0 0 0 0 0 0 0 0 1 0 0 1 0 0 0 0 0 0 0 0 0   0.040 0 0   0.000 0 1 0 0 280.000 0   6.621 0 1
0 0 1  29.500 0   2.000 0 1 0 0 0 1 0 0 0 0 0 0 0 0 0 0 0 0 0 1 0 0 0 0 1 0 0 0 0 0 0 0 0   2.000 0 0   0.000 0 1 0 0 256.000 0   2.890 0 1
1 0 0  18.830 0   9.540 1 0 0 0 1 0 0 0 0 0 0 0 0 0 0 0 0 0 0 0 1 0 0 1 0 0 0 0 0 0 0 0 0   0.085 1 0   0.000 0 1 0 0 100.000 0   0.000 1 0
0 1 0  31.000 0   2.085 1 0 0 0 1 0 0 0 1 0 0 0 0 0 0 0 0 0 0 0 0 0 0 1 0 0 0 0 0 0 0 0 0   0.085 0 0   0.000 0 1 0 0 300.000 0   0.000 0 1
0 0 1  28.170 0   0.585 1 0 0 0 1 0 0 0 0 0 0 0 0 0 0 0 0 0 0 0 1 0 0 1 0 0 0 0 0 0 0 0 0   0.040 0 0   0.000 0 1 0 0 260.000 0   6.913 0 1
0 1 0  22.670 0  10.500 1 0 0 0 1 0 0 0 0 0 0 0 0 0 0 0 1 0 0 0 0 0 0 0 1 0 0 0 0 0 0 0 0   1.335 1 0   0.000 0 1 0 0 100.000 0   0.000 1 0
0 1 0  26.670 0   1.750 0 1 0 0 0 1 0 0 1 0 0 0 0 0 0 0 0 0 0 0 0 0 0 1 0 0 0 0 0 0 0 0 0   1.000 1 1   5.000 1 1 0 0 160.000 0   8.662 1 0
0 1 0  23.250 0  12.625 1 0 0 0 1 0 0 0 1 0 0 0 0 0 0 0 0 0 0 0 0 0 0 1 0 0 0 0 0 0 0 0 0   0.125 0 1   2.000 0 1 0 0   0.000 0   8.622 0 1
0 1 0  26.830 0   0.540 1 0 0 0 1 0 0 0 0 0 0 0 0 1 0 0 0 0 0 0 0 0 0 0 0 0 0 0 0 0 1 0 0   0.000 0 0   0.000 0 1 0 0 100.000 0   0.000 0 1
1 0 0  22.420 0  11.250 0 1 0 0 0 1 0 0 0 0 0 0 0 0 0 0 0 0 1 0 0 0 0 0 1 0 0 0 0 0 0 0 0   0.750 1 1   4.000 0 1 0 0   0.000 0   5.775 1 0
0 1 0  43.080 0   0.375 0 1 0 0 0 1 0 0 1 0 0 0 0 0 0 0 0 0 0 0 0 0 0 1 0 0 0 0 0 0 0 0 0   0.375 1 1   8.000 1 1 0 0 300.000 0   5.094 1 0
0 1 0  45.170 0   1.500 1 0 0 0 1 0 0 0 1 0 0 0 0 0 0 0 0 0 0 0 0 0 0 1 0 0 0 0 0 0 0 0 0   2.500 1 0   0.000 1 1 0 0 140.000 0   0.000 0 1
0 1 0  42.830 0   4.625 1 0 0 0 1 0 0 0 0 0 0 0 0 0 0 0 1 0 0 0 0 0 0 1 0 0 0 0 0 0 0 0 0   4.580 1 0   0.000 0 0 0 1   0.000 0   0.000 1 0
0 1 0  62.500 0  12.750 0 1 0 0 0 1 0 0 1 0 0 0 0 0 0 0 0 0 0 0 0 0 0 0 1 0 0 0 0 0 0 0 0   5.000 1 0   0.000 0 1 0 0 112.000 0   0.000 0 1
0 1 0  26.330 0  13.000 1 0 0 0 1 0 0 0 0 0 0 0 0 0 0 0 0 0 0 1 0 0 0 0 0 0 0 0 0 1 0 0 0   0.000 0 0   0.000 1 1 0 0 140.000 0   7.013 0 1
0 1 0  17.580 0  10.000 1 0 0 0 1 0 0 0 0 0 0 0 0 0 0 0 0 1 0 0 0 0 0 0 1 0 0 0 0 0 0 0 0   0.165 0 1   1.000 0 1 0 0 120.000 0   0.693 0 1
0 1 0  55.920 0  11.500 1 0 0 0 1 0 0 0 0 0 0 0 0 0 0 0 0 0 0 0 0 1 0 0 0 0 0 0 0 0 1 0 0   5.000 1 1   5.000 0 1 0 0   0.000 0   9.088 1 0
0 1 0  27.830 0   1.500 1 0 0 0 1 0 0 0 0 0 0 0 0 0 0 0 0 1 0 0 0 0 0 1 0 0 0 0 0 0 0 0 0   2.000 1 1  11.000 1 1 0 0 434.000 0   3.584 1 0
0 1 0  31.670 0  16.165 1 0 0 0 1 0 0 0 0 1 0 0 0 0 0 0 0 0 0 0 0 0 0 1 0 0 0 0 0 0 0 0 0   3.000 1 1   9.000 0 1 0 0 250.000 0   6.594 1 0
0 1 0  33.170 0   3.040 0 1 0 0 0 1 0 0 1 0 0 0 0 0 0 0 0 0 0 0 0 0 0 0 1 0 0 0 0 0 0 0 0   2.040 1 1   1.000 1 1 0 0 180.000 0   9.800 1 0
1 0 0  49.000 0   1.500 1 0 0 0 1 0 0 0 0 0 0 0 1 0 0 0 0 0 0 0 0 0 0 0 0 0 1 0 0 0 0 0 0   0.000 1 0   0.000 1 1 0 0 100.000 0   3.332 0 1
0 1 0  38.170 0  10.125 1 0 0 0 1 0 0 0 0 0 0 0 0 0 0 0 0 0 1 0 0 0 0 1 0 0 0 0 0 0 0 0 0   2.500 1 1   6.000 0 1 0 0 520.000 0   5.283 1 0
1 0 0  27.420 0  14.500 1 0 0 0 1 0 0 0 0 0 0 0 0 0 0 0 0 0 1 0 0 0 0 0 1 0 0 0 0 0 0 0 0   3.085 1 1   1.000 0 1 0 0 120.000 0   2.485 1 0
1 0 0  51.920 0   6.500 1 0 0 0 1 0 0 0 0 0 0 1 0 0 0 0 0 0 0 0 0 0 0 0 0 1 0 0 0 0 0 0 0   3.085 0 0   0.000 1 1 0 0  73.000 0   0.000 0 1
0 1 0  33.170 0   1.000 1 0 0 0 1 0 0 0 0 0 0 0 0 0 0 0 0 0 1 0 0 0 0 1 0 0 0 0 0 0 0 0 0   0.750 1 1   7.000 1 1 0 0 340.000 0   8.312 1 0
1 0 0  21.250 0   2.335 1 0 0 0 1 0 0 0 0 0 0 1 0 0 0 0 0 0 0 0 0 0 0 0 0 1 0 0 0 0 0 0 0   0.500 1 1   4.000 0 0 0 1  80.000 0   0.000 1 0
1 0 0  20.830 0   8.500 1 0 0 0 1 0 0 0 1 0 0 0 0 0 0 0 0 0 0 0 0 0 0 1 0 0 0 0 0 0 0 0 0   0.165 0 0   0.000 0 1 0 0   0.000 0   5.864 0 1
1 0 0  26.170 0   2.000 1 0 0 0 1 0 0 0 0 0 0 0 1 0 0 0 0 0 0 0 0 0 0 0 0 0 1 0 0 0 0 0 0   0.000 0 0   0.000 1 1 0 0 276.000 0   0.693 0 1
1 0 0  20.420 0   0.835 1 0 0 0 1 0 0 0 0 0 0 0 0 0 0 0 1 0 0 0 0 0 0 1 0 0 0 0 0 0 0 0 0   1.585 1 1   1.000 0 1 0 0   0.000 0   0.000 1 0
1 0 0  23.500 0   1.500 1 0 0 0 1 0 0 0 0 0 0 0 0 0 0 0 0 1 0 0 0 0 0 1 0 0 0 0 0 0 0 0 0   0.875 0 0   0.000 1 1 0 0 160.000 0   0.000 0 1
0 1 0  54.330 0   6.750 1 0 0 0 1 0 0 0 1 0 0 0 0 0 0 0 0 0 0 0 0 0 0 0 1 0 0 0 0 0 0 0 0   2.625 1 1  11.000 1 1 0 0   0.000 0   5.652 1 0
0 0 1  42.250 0   1.750 0 1 0 0 0 1 0 0 0 0 0 0 0 0 0 0 0 0 0 0 0 0 1 0 0 0 0 0 0 0 0 0 1   0.000 0 0   0.000 1 1 0 0 150.000 0   0.693 0 1
0 1 0  36.500 0   4.250 1 0 0 0 1 0 0 0 0 0 0 0 0 0 0 0 1 0 0 0 0 0 0 1 0 0 0 0 0 0 0 0 0   3.500 0 0   0.000 0 1 0 0 454.000 0   3.932 0 1
0 1 0  34.170 0   5.250 1 0 0 0 1 0 0 0 0 0 0 0 0 0 0 0 0 1 0 0 0 0 0 1 0 0 0 0 0 0 0 0 0   0.085 0 0   0.000 1 1 0 0 290.000 0   1.946 1 0
0 1 0  42.500 0   4.915 0 1 0 0 0 1 0 0 0 0 0 0 0 0 0 0 0 1 0 0 0 0 0 1 0 0 0 0 0 0 0 0 0   3.165 1 0   0.000 1 1 0 0  52.000 0   7.274 1 0
0 0 1  33.170 0   2.250 0 1 0 0 0 1 0 0 0 0 1 0 0 0 0 0 0 0 0 0 0 0 0 1 0 0 0 0 0 0 0 0 0   3.500 0 0   0.000 1 1 0 0 200.000 0   4.956 0 1
1 0 0  27.250 0   0.290 1 0 0 0 1 0 0 0 0 0 0 0 0 0 1 0 0 0 0 0 0 0 0 0 1 0 0 0 0 0 0 0 0   0.125 0 1   1.000 1 1 0 0 272.000 0   4.691 0 1
0 1 0  16.080 0   0.750 1 0 0 0 1 0 0 0 1 0 0 0 0 0 0 0 0 0 0 0 0 0 0 1 0 0 0 0 0 0 0 0 0   1.750 1 1   5.000 1 1 0 0 352.000 0   6.538 1 0
1 0 0  38.920 0   1.665 1 0 0 0 1 0 0 0 0 0 0 0 0 0 0 0 0 0 0 0 1 0 0 1 0 0 0 0 0 0 0 0 0   0.250 0 0   0.000 0 1 0 0   0.000 0   5.969 0 1
0 1 0  28.000 0   3.000 1 0 0 0 1 0 0 0 0 0 0 0 0 0 0 0 0 1 0 0 0 0 0 1 0 0 0 0 0 0 0 0 0   0.750 0 0   0.000 1 1 0 0 300.000 0   4.220 0 1
0 1 0  58.580 0   2.710 1 0 0 0 1 0 0 0 1 0 0 0 0 0 0 0 0 0 0 0 0 0 0 1 0 0 0 0 0 0 0 0 0   2.415 0 0   0.000 1 1 0 0 320.000 0   0.000 0 1
1 0 0  71.580 0   0.000 0 0 0 1 0 0 0 1 0 0 0 0 0 0 0 0 0 0 0 0 0 0 1 0 0 0 0 0 0 0 0 0 1   0.000 0 0   0.000 0 0 1 0 0 1   0.000 1 0
0 1 0  20.000 0   0.000 1 0 0 0 1 0 0 0 0 1 0 0 0 0 0 0 0 0 0 0 0 0 0 1 0 0 0 0 0 0 0 0 0   0.500 0 0   0.000 0 1 0 0 144.000 0   0.000 0 1
0 1 0  20.500 0   2.415 1 0 0 0 1 0 0 0 1 0 0 0 0 0 0 0 0 0 0 0 0 0 0 1 0 0 0 0 0 0 0 0 0   2.000 1 1  11.000 1 1 0 0 200.000 0   8.007 1 0
0 1 0  20.670 0   0.415 1 0 0 0 1 0 0 0 1 0 0 0 0 0 0 0 0 0 0 0 0 0 0 1 0 0 0 0 0 0 0 0 0   0.125 0 0   0.000 0 1 0 0   0.000 0   3.807 0 1
0 1 0  27.670 0   0.750 1 0 0 0 1 0 0 0 0 0 0 0 0 0 0 0 1 0 0 0 0 0 0 0 1 0 0 0 0 0 0 0 0   0.165 0 0   0.000 1 1 0 0 220.000 0   5.529 0 1
0 1 0  21.580 0   0.790 0 1 0 0 0 1 0 0 0 0 1 0 0 0 0 0 0 0 0 0 0 0 0 1 0 0 0 0 0 0 0 0 0   0.665 0 0   0.000 0 1 0 0 160.000 0   0.000 0 1
0 1 0  69.170 0   9.000 1 0 0 0 1 0 0 0 0 0 0 0 0 0 0 0 0 0 0 0 0 1 0 0 0 0 0 0 0 0 1 0 0   4.000 0 1   1.000 0 1 0 0  70.000 0   1.946 0 1
0 1 0  27.250 0   1.585 1 0 0 0 1 0 0 0 0 0 1 0 0 0 0 0 0 0 0 0 0 0 0 0 1 0 0 0 0 0 0 0 0   1.835 1 1  12.000 1 1 0 0 583.000 0   6.571 1 0
0 1 0  25.750 0   0.500 1 0 0 0 1 0 0 0 1 0 0 0 0 0 0 0 0 0 0 0 0 0 0 1 0 0 0 0 0 0 0 0 0   1.460 1 1   5.000 1 1 0 0 312.000 0   0.000 1 0
0 1 0  40.580 0   5.000 1 0 0 0 1 0 0 0 1 0 0 0 0 0 0 0 0 0 0 0 0 0 0 1 0 0 0 0 0 0 0 0 0   5.000 1 1   7.000 0 1 0 0   0.000 0   8.028 1 0
0 1 0  22.330 0  11.000 1 0 0 0 1 0 0 0 0 0 0 0 0 0 0 0 0 1 0 0 0 0 0 1 0 0 0 0 0 0 0 0 0   2.000 1 1   1.000 0 1 0 0  80.000 0   5.631 1 0
0 1 0  29.250 0  14.790 1 0 0 0 1 0 0 0 0 0 0 0 0 0 0 0 0 0 0 0 1 0 0 1 0 0 0 0 0 0 0 0 0   5.040 1 1   5.000 1 1 0 0 168.000 0   0.000 1 0
1 0 0  22.670 0   0.790 1 0 0 0 1 0 0 0 0 0 0 1 0 0 0 0 0 0 0 0 0 0 0 1 0 0 0 0 0 0 0 0 0   0.085 0 0   0.000 0 1 0 0 144.000 0   0.000 0 1
0 1 0  23.580 0   0.835 1 0 0 0 1 0 0 0 0 0 0 1 0 0 0 0 0 0 0 0 0 0 0 0 1 0 0 0 0 0 0 0 0   0.085 0 0   0.000 1 1 0 0 220.000 0   1.792 0 1
0 1 0  21.170 0   0.250 0 1 0 0 0 1 0 0 1 0 0 0 0 0 0 0 0 0 0 0 0 0 0 0 1 0 0 0 0 0 0 0 0   0.250 0 0   0.000 0 1 0 0 280.000 0   5.323 0 1
1 0 0  38.250 0   6.000 1 0 0 0 1 0 0 0 0 0 0 0 0 1 0 0 0 0 0 0 0 0 0 1 0 0 0 0 0 0 0 0 0   1.000 1 0   0.000 1 1 0 0   0.000 0   0.000 1 0
0 1 0  29.250 0  13.000 1 0 0 0 1 0 0 0 0 1 0 0 0 0 0 0 0 0 0 0 0 0 0 0 1 0 0 0 0 0 0 0 0   0.500 0 0   0.000 0 1 0 0 228.000 0   0.000 0 1
0 0 1  26.500 0   2.710 0 1 0 0 0 1 0 0 0 0 0 0 0 0 0 0 0 0 0 0 0 0 1 0 0 0 0 0 0 0 0 0 1   0.085 0 0   0.000 0 0 0 1  80.000 0   0.000 0 1
0 1 0  23.170 0   0.000 1 0 0 0 1 0 0 0 0 0 1 0 0 0 0 0 0 0 0 0 0 0 0 1 0 0 0 0 0 0 0 0 0   0.085 1 0   0.000 0 1 0 0   0.000 0   0.000 1 0
1 0 0  46.670 0   0.460 1 0 0 0 1 0 0 0 0 0 1 0 0 0 0 0 0 0 0 0 0 0 0 0 1 0 0 0 0 0 0 0 0   0.415 1 1  11.000 1 1 0 0 440.000 0   1.946 1 0
0 0 1  29.750 0   0.665 1 0 0 0 1 0 0 0 0 0 0 0 0 0 0 0 0 1 0 0 0 0 0 1 0 0 0 0 0 0 0 0 0   0.250 0 0   0.000 1 1 0 0 300.000 0   0.000 0 1
0 1 0  26.170 0   0.835 1 0 0 0 1 0 0 0 0 0 1 0 0 0 0 0 0 0 0 0 0 0 0 1 0 0 0 0 0 0 0 0 0   1.165 0 0   0.000 0 1 0 0 100.000 0   0.000 0 1
0 1 0  19.420 0   1.500 0 1 0 0 0 1 0 0 0 0 1 0 0 0 0 0 0 0 0 0 0 0 0 1 0 0 0 0 0 0 0 0 0   2.000 1 0   0.000 1 1 0 0 100.000 0   3.045 0 1
0 1 0  32.750 0   1.500 1 0 0 0 1 0 0 0 0 0 1 0 0 0 0 0 0 0 0 0 0 0 0 0 1 0 0 0 0 0 0 0 0   5.500 1 1   3.000 1 1 0 0   0.000 0   0.000 1 0
1 0 0  25.250 0  12.500 1 0 0 0 1 0 0 0 0 1 0 0 0 0 0 0 0 0 0 0 0 0 0 1 0 0 0 0 0 0 0 0 0   1.000 0 0   0.000 1 1 0 0 180.000 0   6.969 0 1
1 0 0  27.330 0   1.665 1 0 0 0 1 0 0 0 0 0 0 0 0 0 0 0 0 0 0 0 0 1 0 0 0 0 0 0 0 0 1 0 0   0.000 0 0   0.000 0 1 0 0 340.000 0   0.693 0 1
0 1 0  22.750 0  11.500 1 0 0 0 1 0 0 0 0 0 0 1 0 0 0 0 0 0 0 0 0 0 0 1 0 0 0 0 0 0 0 0 0   0.415 0 0   0.000 0 1 0 0   0.000 0   0.000 0 1
0 1 0  23.080 0  11.500 1 0 0 0 1 0 0 0 0 0 0 0 0 0 0 0 0 1 0 0 0 0 0 0 1 0 0 0 0 0 0 0 0   2.125 1 1  11.000 1 1 0 0 290.000 0   5.652 1 0
0 1 0  28.250 0   0.875 1 0 0 0 1 0 0 0 0 0 0 0 0 0 1 0 0 0 0 0 0 0 0 1 0 0 0 0 0 0 0 0 0   0.960 1 1   3.000 1 1 0 0 396.000 0   0.000 1 0
0 1 0  29.920 0   1.835 1 0 0 0 1 0 0 0 1 0 0 0 0 0 0 0 0 0 0 0 0 0 0 0 1 0 0 0 0 0 0 0 0   4.335 1 0   0.000 0 1 0 0 260.000 0   5.303 1 0
0 1 0  18.580 0   5.710 1 0 0 0 1 0 0 0 0 1 0 0 0 0 0 0 0 0 0 0 0 0 0 1 0 0 0 0 0 0 0 0 0   0.540 0 0   0.000 0 1 0 0 120.000 0   0.000 0 1
0 1 0  20.170 0   8.170 1 0 0 0 1 0 0 0 0 0 0 0 0 0 0 0 0 0 0 0 1 0 0 1 0 0 0 0 0 0 0 0 0   1.960 1 1  14.000 0 1 0 0  60.000 0   5.069 1 0
0 1 0  27.250 0   1.665 1 0 0 0 1 0 0 0 0 0 1 0 0 0 0 0 0 0 0 0 0 0 0 0 1 0 0 0 0 0 0 0 0   5.085 1 1   9.000 0 1 0 0 399.000 0   6.719 1 0
1 0 0  22.670 0   7.000 1 0 0 0 1 0 0 0 1 0 0 0 0 0 0 0 0 0 0 0 0 0 0 1 0 0 0 0 0 0 0 0 0   0.165 0 0   0.000 0 1 0 0 160.000 0   0.000 0 1
0 1 0  37.170 0   4.000 1 0 0 0 1 0 0 0 1 0 0 0 0 0 0 0 0 0 0 0 0 0 0 0 0 1 0 0 0 0 0 0 0   5.000 1 0   0.000 1 0 0 1 280.000 0   0.000 0 1
0 1 0  34.000 0   5.500 0 1 0 0 0 1 0 0 1 0 0 0 0 0 0 0 0 0 0 0 0 0 0 1 0 0 0 0 0 0 0 0 0   1.500 0 0   0.000 1 1 0 0  60.000 0   0.000 0 1
0 1 0  25.000 0  11.250 1 0 0 0 1 0 0 0 1 0 0 0 0 0 0 0 0 0 0 0 0 0 0 1 0 0 0 0 0 0 0 0 0   2.500 1 1  17.000 0 1 0 0 200.000 0   7.098 1 0
0 1 0  37.330 0   6.500 1 0 0 0 1 0 0 0 0 0 0 0 0 0 1 0 0 0 0 0 0 0 0 0 1 0 0 0 0 0 0 0 0   4.250 1 1  12.000 1 1 0 0  93.000 0   0.000 1 0
0 1 0  73.420 0  17.750 1 0 0 0 1 0 0 0 0 0 0 0 0 0 0 0 0 0 0 0 0 1 0 0 0 0 0 0 0 0 1 0 0   0.000 1 0   0.000 1 1 0 0   0.000 0   0.000 1 0
1 0 0  18.080 0   0.375 0 0 1 0 0 0 1 0 0 0 1 0 0 0 0 0 0 0 0 0 0 0 0 0 0 0 0 0 0 0 1 0 0  10.000 0 0   0.000 1 0 0 1 300.000 0   0.000 1 0
1 0 0  56.500 0  16.000 1 0 0 0 1 0 0 0 0 0 0 0 1 0 0 0 0 0 0 0 0 0 0 0 0 0 0 0 0 0 1 0 0   0.000 1 1  15.000 0 1 0 0   0.000 0   5.513 1 0
1 0 0  16.080 0   0.335 1 0 0 0 1 0 0 0 0 0 0 0 0 0 0 0 0 0 0 0 0 1 0 0 0 0 0 0 0 0 1 0 0   0.000 0 1   1.000 0 1 0 0 160.000 0   4.844 0 1
0 0 1  45.330 0   1.000 1 0 0 0 1 0 0 0 0 0 0 0 0 0 0 0 1 0 0 0 0 0 0 1 0 0 0 0 0 0 0 0 0   0.125 0 0   0.000 1 1 0 0 263.000 0   0.000 0 1
1 0 0  25.000 0  12.330 1 0 0 0 1 0 0 0 0 0 1 0 0 0 0 0 0 0 0 0 0 0 0 0 1 0 0 0 0 0 0 0 0   3.500 1 1   6.000 0 1 0 0 400.000 0   6.129 1 0
1 0 0  28.580 0   1.665 1 0 0 0 1 0 0 0 0 0 0 0 0 0 0 0 1 0 0 0 0 0 0 1 0 0 0 0 0 0 0 0 0   2.415 1 0   0.000 1 1 0 0 440.000 0   0.000 0 1
0 1 0  27.750 0   1.290 1 0 0 0 1 0 0 0 0 0 0 0 0 1 0 0 0 0 0 0 0 0 0 0 1 0 0 0 0 0 0 0 0   0.250 0 0   0.000 1 0 0 1 140.000 0   0.000 0 1
0 1 0  22.500 0   0.125 0 1 0 0 0 1 0 0 0 0 0 0 0 1 0 0 0 0 0 0 0 0 0 1 0 0 0 0 0 0 0 0 0   0.125 0 0   0.000 0 1 0 0 200.000 0   4.263 0 1
1 0 0  24.500 0   1.040 0 1 0 0 0 1 0 0 0 0 0 0 0 0 0 0 0 0 0 0 0 1 0 0 0 0 0 0 0 0 1 0 0   0.500 1 1   3.000 0 1 0 0 180.000 0   4.997 0 1
0 1 0  18.420 0  10.415 0 1 0 0 0 1 0 0 0 0 0 0 0 0 0 0 0 0 0 0 1 0 0 1 0 0 0 0 0 0 0 0 0   0.125 1 0   0.000 0 1 0 0 120.000 0   5.930 0 1
0 1 0  40.920 0   2.250 0 1 0 0 0 1 0 0 0 0 0 0 0 0 0 0 0 0 1 0 0 0 0 0 1 0 0 0 0 0 0 0 0  10.000 1 0   0.000 1 1 0 0 176.000 0   0.000 0 1
0 1 0  28.750 0   1.165 1 0 0 0 1 0 0 0 0 0 0 0 0 1 0 0 0 0 0 0 0 0 0 1 0 0 0 0 0 0 0 0 0   0.500 1 0   0.000 0 0 0 1 280.000 0   0.000 0 1
0 1 0  23.920 0   0.665 1 0 0 0 1 0 0 0 1 0 0 0 0 0 0 0 0 0 0 0 0 0 0 1 0 0 0 0 0 0 0 0 0   0.165 0 0   0.000 0 1 0 0 100.000 0   0.000 1 0
0 1 0  67.750 0   5.500 1 0 0 0 1 0 0 0 0 0 0 0 0 0 0 0 0 0 0 1 0 0 0 0 0 0 0 0 1 0 0 0 0  13.000 1 1   1.000 1 1 0 0   0.000 0   0.000 1 0
0 1 0  39.500 0   4.250 1 0 0 0 1 0 0 0 1 0 0 0 0 0 0 0 0 0 0 0 0 0 0 0 0 1 0 0 0 0 0 0 0   6.500 1 1  16.000 0 1 0 0 117.000 0   7.099 1 0
0 1 0  42.750 0   3.000 1 0 0 0 1 0 0 0 0 0 0 1 0 0 0 0 0 0 0 0 0 0 0 0 0 1 0 0 0 0 0 0 0   1.000 1 0   0.000 0 1 0 0   0.000 0   5.303 0 1
0 1 0  29.670 0   0.750 0 1 0 0 0 1 0 0 1 0 0 0 0 0 0 0 0 0 0 0 0 0 0 1 0 0 0 0 0 0 0 0 0   0.040 0 0   0.000 0 1 0 0 240.000 0   0.000 0 1
1 0 0  30.420 0   1.375 1 0 0 0 1 0 0 0 0 0 0 0 0 0 0 0 0 1 0 0 0 0 0 0 1 0 0 0 0 0 0 0 0   0.040 0 1   3.000 0 1 0 0   0.000 0   3.526 0 1
1 0 0  49.830 0  13.585 1 0 0 0 1 0 0 0 0 0 0 0 0 1 0 0 0 0 0 0 0 0 0 0 1 0 0 0 0 0 0 0 0   8.500 1 0   0.000 1 1 0 0   0.000 0   0.000 1 0
0 1 0  22.170 0   0.585 0 1 0 0 0 1 0 0 0 0 0 0 0 0 0 0 0 0 0 0 0 1 0 0 0 0 0 0 0 0 1 0 0   0.000 0 0   0.000 0 1 0 0 100.000 0   0.000 0 1
0 1 0  25.170 0   3.500 1 0 0 0 1 0 0 0 0 0 1 0 0 0 0 0 0 0 0 0 0 0 0 1 0 0 0 0 0 0 0 0 0   0.625 1 1   7.000 0 1 0 0   0.000 0   8.862 1 0
0 1 0  35.170 0   4.500 1 0 0 0 1 0 0 0 0 0 0 0 0 0 0 0 0 0 1 0 0 0 0 0 1 0 0 0 0 0 0 0 0   5.750 0 0   0.000 1 0 0 1 711.000 0   0.000 1 0
0 1 0  53.920 0   9.625 1 0 0 0 1 0 0 0 0 0 0 0 0 0 0 0 0 0 0 1 0 0 0 1 0 0 0 0 0 0 0 0 0   8.665 1 1   5.000 0 1 0 0   0.000 0   0.000 1 0
0 1 0  30.170 0   6.500 1 0 0 0 1 0 0 0 0 0 1 0 0 0 0 0 0 0 0 0 0 0 0 1 0 0 0 0 0 0 0 0 0   3.125 1 1   8.000 0 1 0 0 330.000 0   7.091 1 0
0 1 0  23.750 0   0.415 0 1 0 0 0 1 0 0 1 0 0 0 0 0 0 0 0 0 0 0 0 0 0 1 0 0 0 0 0 0 0 0 0   0.040 0 1   2.000 0 1 0 0 128.000 0   1.946 0 1
0 1 0  22.000 0   7.835 0 1 0 0 0 1 0 0 0 0 0 1 0 0 0 0 0 0 0 0 0 0 0 0 0 1 0 0 0 0 0 0 0   0.165 0 0   0.000 1 1 0 0 0 1   0.000 0 1
1 0 0  29.580 0   1.750 0 1 0 0 0 1 0 0 0 0 0 0 0 1 0 0 0 0 0 0 0 0 0 1 0 0 0 0 0 0 0 0 0   1.250 0 0   0.000 1 1 0 0 280.000 0   0.000 0 1
1 0 0  68.670 0  15.000 1 0 0 0 1 0 0 0 0 0 0 0 0 0 0 0 0 0 0 1 0 0 0 0 0 0 0 0 1 0 0 0 0   0.000 1 1  14.000 0 1 0 0   0.000 0   8.125 1 0
0 1 0  24.830 0   2.750 1 0 0 0 1 0 0 0 1 0 0 0 0 0 0 0 0 0 0 0 0 0 0 1 0 0 0 0 0 0 0 0 0   2.250 1 1   6.000 0 1 0 0 0 1   6.399 1 0
0 1 0  49.500 0   7.585 1 0 0 0 1 0 0 0 0 0 0 1 0 0 0 0 0 0 0 0 0 0 0 0 0 1 0 0 0 0 0 0 0   7.585 1 1  15.000 1 1 0 0   0.000 0   8.517 1 0
0 1 0  32.330 0   2.500 1 0 0 0 1 0 0 0 1 0 0 0 0 0 0 0 0 0 0 0 0 0 0 1 0 0 0 0 0 0 0 0 0   1.250 0 0   0.000 1 1 0 0 280.000 0   0.000 0 1
0 1 0  23.580 0   1.790 1 0 0 0 1 0 0 0 1 0 0 0 0 0 0 0 0 0 0 0 0 0 0 1 0 0 0 0 0 0 0 0 0   0.540 0 0   0.000 1 1 0 0 136.000 0   0.693 0 1
0 1 0  32.420 0   3.000 1 0 0 0 1 0 0 0 0 1 0 0 0 0 0 0 0 0 0 0 0 0 0 1 0 0 0 0 0 0 0 0 0   0.165 0 0   0.000 1 1 0 0 120.000 0   0.000 0 1
0 1 0  39.170 0   1.710 1 0 0 0 1 0 0 0 0 0 0 0 0 0 0 0 0 0 1 0 0 0 0 1 0 0 0 0 0 0 0 0 0   0.125 1 1   5.000 1 1 0 0 480.000 0   0.000 1 0
1 0 0  27.670 0   2.040 1 0 0 0 1 0 0 0 0 0 0 0 0 0 0 0 0 1 0 0 0 0 0 1 0 0 0 0 0 0 0 0 0   0.250 0 0   0.000 1 1 0 0 180.000 0   3.932 0 1
0 1 0  33.670 0   2.165 1 0 0 0 1 0 0 0 1 0 0 0 0 0 0 0 0 0 0 0 0 0 0 1 0 0 0 0 0 0 0 0 0   1.500 0 0   0.000 0 0 1 0 120.000 0   0.000 0 1
0 1 0  36.330 0   2.125 0 1 0 0 0 1 0 0 0 0 0 0 0 0 0 0 0 1 0 0 0 0 0 1 0 0 0 0 0 0 0 0 0   0.085 1 1   1.000 0 1 0 0  50.000 0   7.080 1 0
0 1 0  20.420 0   1.085 1 0 0 0 1 0 0 0 0 0 0 0 0 0 0 0 1 0 0 0 0 0 0 1 0 0 0 0 0 0 0 0 0   1.500 0 0   0.000 0 1 0 0 108.000 0   2.079 0 1
1 0 0  26.580 0   2.540 0 1 0 0 0 1 0 0 0 0 0 0 0 0 0 0 0 0 0 0 0 1 0 0 0 0 0 0 0 0 1 0 0   0.000 0 0   0.000 1 1 0 0 180.000 0   4.111 0 1
1 0 0  20.080 0   1.250 1 0 0 0 1 0 0 0 1 0 0 0 0 0 0 0 0 0 0 0 0 0 0 1 0 0 0 0 0 0 0 0 0   0.000 0 0   0.000 0 1 0 0   0.000 0   0.000 0 1
0 1 0  20.420 0   0.000 0 0 0 1 0 0 0 1 0 0 0 0 0 0 0 0 0 0 0 0 0 0 1 0 0 0 0 0 0 0 0 0 1   0.000 0 0   0.000 0 0 1 0 0 1   0.000 0 1
1 0 0  32.330 0   0.540 1 0 0 0 1 0 0 0 0 0 1 0 0 0 0 0 0 0 0 0 0 0 0 1 0 0 0 0 0 0 0 0 0   0.040 1 0   0.000 0 1 0 0 440.000 0   9.322 1 0
0 1 0  36.080 0   2.540 1 0 0 0 1 0 0 0 0 0 0 0 0 0 0 0 0 0 0 0 0 1 0 0 0 0 0 0 0 0 1 0 0   0.000 0 0   0.000 0 1 0 0   0.000 0   6.909 0 1
0 1 0  30.170 0   1.085 0 1 0 0 0 1 0 0 1 0 0 0 0 0 0 0 0 0 0 0 0 0 0 1 0 0 0 0 0 0 0 0 0   0.040 0 0   0.000 0 1 0 0 170.000 0   5.193 0 1
0 1 0  21.920 0   0.540 0 1 0 0 0 1 0 0 0 0 0 0 0 0 0 0 0 0 1 0 0 0 0 1 0 0 0 0 0 0 0 0 0   0.040 1 1   1.000 1 1 0 0 840.000 0   4.094 1 0
0 1 0  34.080 0   6.500 1 0 0 0 1 0 0 0 0 0 0 0 0 0 0 0 0 0 0 0 1 0 0 1 0 0 0 0 0 0 0 0 0   0.125 1 0   0.000 1 1 0 0 443.000 0   0.000 0 1
0 1 0  56.580 0  18.500 1 0 0 0 1 0 0 0 0 1 0 0 0 0 0 0 0 0 0 0 0 0 0 0 0 1 0 0 0 0 0 0 0  15.000 1 1  17.000 1 1 0 0   0.000 0   0.000 1 0
0 1 0  32.330 0   3.500 1 0 0 0 1 0 0 0 0 0 0 0 0 1 0 0 0 0 0 0 0 0 0 1 0 0 0 0 0 0 0 0 0   0.500 0 0   0.000 1 1 0 0 232.000 0   0.000 0 1
1 0 0  52.170 0   0.000 0 1 0 0 0 1 0 0 0 0 0 0 0 0 0 0 0 0 0 0 0 1 0 0 0 0 0 0 0 0 1 0 0   0.000 0 0   0.000 0 1 0 0   0.000 0   0.000 0 1
0 1 0  33.750 0   2.750 1 0 0 0 1 0 0 0 0 0 0 1 0 0 0 0 0 0 0 0 0 0 0 0 0 1 0 0 0 0 0 0 0   0.000 0 0   0.000 0 1 0 0 180.000 0   0.000 0 1
0 1 0  25.920 0   0.875 1 0 0 0 1 0 0 0 0 0 0 0 0 1 0 0 0 0 0 0 0 0 0 1 0 0 0 0 0 0 0 0 0   0.375 0 1   2.000 1 1 0 0 174.000 0   1.386 0 1
0 1 0  37.500 0   1.750 0 1 0 0 0 1 0 0 1 0 0 0 0 0 0 0 0 0 0 0 0 0 0 0 0 1 0 0 0 0 0 0 0   0.250 1 0   0.000 1 1 0 0 164.000 0   5.994 0 1
0 1 0  34.250 0   1.750 1 0 0 0 1 0 0 0 0 0 0 0 0 0 0 0 0 1 0 0 0 0 0 0 0 1 0 0 0 0 0 0 0   0.250 1 0   0.000 1 1 0 0 163.000 0   0.000 0 1
1 0 0  37.330 0   2.500 1 0 0 0 1 0 0 0 0 0 0 1 0 0 0 0 0 0 0 0 0 0 0 0 1 0 0 0 0 0 0 0 0   0.210 0 0   0.000 0 1 0 0 260.000 0   5.509 0 1
1 0 0  30.670 0  12.000 1 0 0 0 1 0 0 0 1 0 0 0 0 0 0 0 0 0 0 0 0 0 0 1 0 0 0 0 0 0 0 0 0   2.000 1 1   1.000 0 1 0 0 220.000 0   2.996 1 0
0 1 0  57.420 0   8.500 1 0 0 0 1 0 0 0 0 0 0 0 0 0 0 0 0 0 0 1 0 0 0 0 1 0 0 0 0 0 0 0 0   7.000 1 1   3.000 0 1 0 0   0.000 0   0.000 1 0
0 1 0  54.420 0   0.500 0 1 0 0 0 1 0 0 0 0 0 0 0 1 0 0 0 0 0 0 0 0 0 0 1 0 0 0 0 0 0 0 0   3.960 1 0   0.000 0 1 0 0 180.000 0   5.753 1 0
0 1 0  19.420 0   6.500 1 0 0 0 1 0 0 0 0 0 0 0 0 0 0 0 0 1 0 0 0 0 0 0 1 0 0 0 0 0 0 0 0   1.460 1 1   7.000 0 1 0 0  80.000 0   7.991 1 0
0 1 0  30.080 0   1.040 0 1 0 0 0 1 0 0 0 0 0 1 0 0 0 0 0 0 0 0 0 0 0 0 0 1 0 0 0 0 0 0 0   0.500 1 1  10.000 1 1 0 0 132.000 0   3.367 0 1
0 1 0  34.250 0   3.000 1 0 0 0 1 0 0 0 0 0 1 0 0 0 0 0 0 0 0 0 0 0 0 0 1 0 0 0 0 0 0 0 0   7.415 1 0   0.000 1 1 0 0   0.000 0   0.000 1 0
1 0 0  23.580 0   0.585 0 1 0 0 0 1 0 0 0 0 0 0 0 0 0 0 0 0 0 0 0 1 0 0 0 0 0 0 0 0 1 0 0   0.125 0 0   0.000 0 1 0 0 120.000 0   4.477 0 1
1 0 0  45.000 0   4.585 1 0 0 0 1 0 0 0 0 0 0 0 0 1 0 0 0 0 0 0 0 0 0 0 1 0 0 0 0 0 0 0 0   1.000 0 0   0.000 1 0 0 1 240.000 0   0.000 0 1
0 1 0  32.670 0   5.500 1 0 0 0 1 0 0 0 0 0 0 0 0 0 0 0 1 0 0 0 0 0 0 0 1 0 0 0 0 0 0 0 0   5.500 1 1  12.000 1 1 0 0 408.000 0   6.909 1 0
1 0 0  19.170 0   5.415 1 0 0 0 1 0 0 0 0 0 0 1 0 0 0 0 0 0 0 0 0 0 0 0 1 0 0 0 0 0 0 0 0   0.290 0 0   0.000 0 1 0 0  80.000 0   6.184 0 1
1 0 0  20.330 0  10.000 1 0 0 0 1 0 0 0 1 0 0 0 0 0 0 0 0 0 0 0 0 0 0 0 1 0 0 0 0 0 0 0 0   1.000 1 1   4.000 0 1 0 0  50.000 0   7.290 1 0
0 1 0  37.580 0   0.000 0 0 0 1 0 0 0 1 0 0 0 0 0 0 0 0 0 0 0 0 0 0 1 0 0 0 0 0 0 0 0 0 1   0.000 0 0   0.000 0 0 1 0 0 1   0.000 1 0
0 1 0  44.250 0  11.000 0 1 0 0 0 1 0 0 0 1 0 0 0 0 0 0 0 0 0 0 0 0 0 1 0 0 0 0 0 0 0 0 0   1.500 1 0   0.000 0 0 0 1   0.000 0   0.000 0 1
0 1 0  41.750 0   0.960 1 0 0 0 1 0 0 0 0 0 0 0 0 0 0 0 0 0 1 0 0 0 0 1 0 0 0 0 0 0 0 0 0   2.500 1 0   0.000 0 1 0 0 510.000 0   6.399 1 0
0 1 0  48.580 0   6.500 1 0 0 0 1 0 0 0 0 0 0 0 0 0 0 0 1 0 0 0 0 0 0 0 1 0 0 0 0 0 0 0 0   6.000 1 0   0.000 1 1 0 0 350.000 0   0.000 1 0
1 0 0  31.920 0   3.125 1 0 0 0 1 0 0 0 0 0 0 0 0 0 0 0 0 0 0 0 0 1 0 0 0 0 0 0 0 0 1 0 0   3.040 0 1   2.000 1 1 0 0 200.000 0   1.609 0 1
1 0 0  20.500 0  11.835 1 0 0 0 1 0 0 0 1 0 0 0 0 0 0 0 0 0 0 0 0 0 0 0 1 0 0 0 0 0 0 0 0   6.000 1 0   0.000 0 1 0 0 340.000 0   0.000 1 0
0 1 0  27.000 0   0.750 1 0 0 0 1 0 0 0 1 0 0 0 0 0 0 0 0 0 0 0 0 0 0 0 1 0 0 0 0 0 0 0 0   4.250 1 1   3.000 1 1 0 0 312.000 0   5.017 1 0
0 1 0  26.920 0   2.250 1 0 0 0 1 0 0 0 0 0 0 1 0 0 0 0 0 0 0 0 0 0 0 0 0 1 0 0 0 0 0 0 0   0.500 0 0   0.000 1 1 0 0 640.000 0   8.294 0 1
0 1 0  27.830 0   1.000 0 1 0 0 0 1 0 0 0 1 0 0 0 0 0 0 0 0 0 0 0 0 0 0 1 0 0 0 0 0 0 0 0   3.000 0 0   0.000 0 1 0 0 176.000 0   6.288 0 1
0 0 1  40.830 0   3.500 1 0 0 0 1 0 0 0 0 0 0 1 0 0 0 0 0 0 0 0 0 0 0 0 0 1 0 0 0 0 0 0 0   0.500 0 0   0.000 0 0 0 1 1160.000 0   0.000 0 1
0 1 0  23.000 0   0.750 1 0 0 0 1 0 0 0 0 0 0 0 0 0 1 0 0 0 0 0 0 0 0 1 0 0 0 0 0 0 0 0 0   0.500 1 0   0.000 1 0 0 1 320.000 0   0.000 0 1
0 1 0  28.750 0   1.500 0 1 0 0 0 1 0 0 1 0 0 0 0 0 0 0 0 0 0 0 0 0 0 1 0 0 0 0 0 0 0 0 0   1.500 1 0   0.000 1 1 0 0   0.000 0   5.421 0 1
0 1 0 0 1   5.000 0 1 0 0 0 1 0 0 0 0 0 0 0 0 0 0 0 0 0 0 1 0 0 1 0 0 0 0 0 0 0 0 0   8.500 1 0   0.000 0 1 0 0   0.000 0   0.000 0 1
1 0 0  20.830 0   0.500 0 1 0 0 0 1 0 0 0 0 0 0 0 0 0 0 0 0 0 1 0 0 0 0 0 0 0 0 0 1 0 0 0   1.000 0 0   0.000 0 1 0 0 260.000 0   0.000 0 1
0 1 0  51.830 0   2.040 0 1 0 0 0 1 0 0 0 0 0 0 0 0 0 0 0 0 0 0 0 1 0 0 0 0 0 0 0 0 1 0 0   1.500 0 0   0.000 0 1 0 0 120.000 0   0.693 0 1
1 0 0  18.750 0   7.500 1 0 0 0 1 0 0 0 0 0 0 0 0 0 0 0 1 0 0 0 0 0 0 1 0 0 0 0 0 0 0 0 0   2.710 1 1   5.000 0 1 0 0 0 1  10.193 1 0
1 0 0  30.580 0  10.665 1 0 0 0 1 0 0 0 0 0 0 0 0 0 0 0 1 0 0 0 0 0 0 0 1 0 0 0 0 0 0 0 0   0.085 0 1  12.000 1 1 0 0 129.000 0   1.386 0 1
0 1 0  23.920 0   1.500 1 0 0 0 1 0 0 0 0 1 0 0 0 0 0 0 0 0 0 0 0 0 0 0 1 0 0 0 0 0 0 0 0   1.875 1 1   6.000 0 1 0 0 200.000 0   5.793 1 0
0 1 0  22.170 0   2.250 1 0 0 0 1 0 0 0 0 0 0 1 0 0 0 0 0 0 0 0 0 0 0 1 0 0 0 0 0 0 0 0 0   0.125 0 0   0.000 0 1 0 0 160.000 0   2.398 0 1
0 1 0  22.670 0   1.585 0 1 0 0 0 1 0 0 0 0 0 0 0 0 0 0 0 1 0 0 0 0 0 1 0 0 0 0 0 0 0 0 0   3.085 1 1   6.000 0 1 0 0  80.000 0   0.000 1 0
0 1 0  21.830 0   0.250 1 0 0 0 1 0 0 0 0 1 0 0 0 0 0 0 0 0 0 0 0 0 0 0 1 0 0 0 0 0 0 0 0   0.665 1 0   0.000 1 1 0 0   0.000 0   0.000 1 0
0 1 0  35.000 0   3.375 1 0 0 0 1 0 0 0 1 0 0 0 0 0 0 0 0 0 0 0 0 0 0 0 1 0 0 0 0 0 0 0 0   8.290 0 0   0.000 1 1 0 0   0.000 0   0.000 0 1
0 1 0  21.670 0   1.165 0 1 0 0 0 1 0 0 0 0 0 0 0 1 0 0 0 0 0 0 0 0 0 1 0 0 0 0 0 0 0 0 0   2.500 1 1   1.000 0 1 0 0 180.000 0   3.045 0 1
1 0 0  57.080 0   0.335 1 0 0 0 1 0 0 0 0 0 0 1 0 0 0 0 0 0 0 0 0 0 0 0 0 1 0 0 0 0 0 0 0   1.000 1 0   0.000 1 1 0 0 252.000 0   7.695 0 1
1 0 0  40.830 0  10.000 1 0 0 0 1 0 0 0 0 0 0 0 0 0 0 0 1 0 0 0 0 0 0 0 1 0 0 0 0 0 0 0 0   1.750 1 0   0.000 0 1 0 0  29.000 0   6.731 1 0
0 1 0  47.830 0   4.165 1 0 0 0 1 0 0 0 0 0 0 0 0 0 0 0 0 0 1 0 0 0 0 0 0 1 0 0 0 0 0 0 0   0.085 0 0   0.000 1 1 0 0 520.000 0   0.000 0 1
1 0 0  47.250 0   0.750 1 0 0 0 1 0 0 0 0 0 0 0 0 0 0 0 1 0 0 0 0 0 0 0 1 0 0 0 0 0 0 0 0   2.750 1 1   1.000 0 1 0 0 333.000 0   6.795 1 0
0 1 0  21.250 0   1.500 1 0 0 0 1 0 0 0 0 0 0 0 0 0 0 0 0 1 0 0 0 0 0 1 0 0 0 0 0 0 0 0 0   1.500 0 0   0.000 0 1 0 0 150.000 0   2.197 1 0
1 0 0  26.920 0  13.500 1 0 0 0 1 0 0 0 0 0 0 0 0 0 0 0 1 0 0 0 0 0 0 0 1 0 0 0 0 0 0 0 0   5.000 1 1   2.000 0 1 0 0   0.000 0   8.517 1 0
0 1 0  23.500 0   3.165 0 1 0 0 0 1 0 0 0 0 0 0 0 1 0 0 0 0 0 0 0 0 0 1 0 0 0 0 0 0 0 0 0   0.415 0 1   1.000 1 1 0 0 280.000 0   4.394 0 1
0 1 0  34.580 0   0.000 0 0 0 1 0 0 0 1 0 0 0 0 0 0 0 0 0 0 0 0 0 0 1 0 0 0 0 0 0 0 0 0 1   0.000 0 0   0.000 0 0 1 0 0 1   0.000 0 1
0 1 0  34.830 0   2.500 0 1 0 0 0 1 0 0 0 0 0 0 0 0 0 0 0 1 0 0 0 0 0 1 0 0 0 0 0 0 0 0 0   3.000 0 0   0.000 0 0 0 1 200.000 0   0.000 0 1
0 1 0  47.170 0   5.835 1 0 0 0 1 0 0 0 0 0 0 0 0 0 0 0 0 1 0 0 0 0 0 1 0 0 0 0 0 0 0 0 0   5.500 0 0   0.000 0 1 0 0 465.000 0   5.017 0 1
0 1 0  24.580 0  13.500 0 1 0 0 0 1 0 0 0 0 0 0 0 0 0 0 0 0 0 0 0 1 0 0 0 0 0 0 0 0 1 0 0   0.000 0 0   0.000 0 1 0 0 0 1   0.000 0 1
0 1 0  26.750 0   1.125 1 0 0 0 1 0 0 0 0 0 0 0 0 0 0 0 0 0 1 0 0 0 0 0 1 0 0 0 0 0 0 0 0   1.250 1 0   0.000 0 1 0 0   0.000 0   8.575 1 0
1 0 0  22.580 0  10.750 1 0 0 0 1 0 0 0 0 0 0 0 0 0 0 0 1 0 0 0 0 0 0 1 0 0 0 0 0 0 0 0 0   0.415 1 1   5.000 1 1 0 0   0.000 0   6.330 1 0
0 1 0  15.170 0   7.000 1 0 0 0 1 0 0 0 0 0 0 0 0 0 0 0 0 0 0 1 0 0 0 1 0 0 0 0 0 0 0 0 0   1.000 0 0   0.000 0 1 0 0 600.000 0   0.000 0 1
0 1 0  27.830 0   1.540 1 0 0 0 1 0 0 0 0 0 0 0 0 0 0 0 0 1 0 0 0 0 0 1 0 0 0 0 0 0 0 0 0   3.750 1 1   5.000 1 1 0 0 100.000 0   1.386 1 0
0 1 0  41.330 0   0.000 1 0 0 0 1 0 0 0 1 0 0 0 0 0 0 0 0 0 0 0 0 0 0 0 0 1 0 0 0 0 0 0 0  15.000 1 0   0.000 0 1 0 0   0.000 0   0.000 1 0
0 1 0  32.080 0   4.000 1 0 0 0 1 0 0 0 0 0 0 0 0 0 1 0 0 0 0 0 0 0 0 1 0 0 0 0 0 0 0 0 0   2.500 1 0   0.000 1 1 0 0 360.000 0   0.000 1 0
1 0 0  22.670 0   0.750 1 0 0 0 1 0 0 0 1 0 0 0 0 0 0 0 0 0 0 0 0 0 0 1 0 0 0 0 0 0 0 0 0   2.000 0 1   2.000 1 1 0 0 200.000 0   5.979 0 1
0 1 0  45.000 0   8.500 1 0 0 0 1 0 0 0 0 0 1 0 0 0 0 0 0 0 0 0 0 0 0 0 1 0 0 0 0 0 0 0 0  14.000 1 1   1.000 1 1 0 0  88.000 0   7.601 1 0
0 1 0  24.330 0   6.625 0 1 0 0 0 1 0 0 0 1 0 0 0 0 0 0 0 0 0 0 0 0 0 1 0 0 0 0 0 0 0 0 0   5.500 1 0   0.000 1 0 0 1 100.000 0   0.000 1 0
0 1 0  27.670 0  13.750 1 0 0 0 1 0 0 0 0 0 0 0 0 0 0 0 0 1 0 0 0 0 0 1 0 0 0 0 0 0 0 0 0   5.750 1 0   0.000 1 1 0 0 487.000 0   6.217 1 0
0 1 0  23.750 0  12.000 1 0 0 0 1 0 0 0 1 0 0 0 0 0 0 0 0 0 0 0 0 0 0 1 0 0 0 0 0 0 0 0 0   2.085 0 0   0.000 0 0 0 1  80.000 0   0.000 0 1
1 0 0  28.080 0  15.000 0 1 0 0 0 1 0 0 0 0 0 0 0 0 0 0 0 0 0 1 0 0 0 0 0 0 0 0 1 0 0 0 0   0.000 1 0   0.000 0 1 0 0   0.000 0   9.489 1 0
1 0 0  38.750 0   1.500 1 0 0 0 1 0 0 0 0 0 0 0 0 0 0 0 0 0 0 0 0 1 0 0 0 0 0 0 0 0 1 0 0   0.000 0 0   0.000 0 1 0 0  76.000 0   0.000 0 1
0 1 0  33.170 0   3.165 0 1 0 0 0 1 0 0 0 0 0 0 0 0 0 0 0 0 1 0 0 0 0 1 0 0 0 0 0 0 0 0 0   3.165 1 1   3.000 1 1 0 0 380.000 0   0.000 1 0
1 0 0  17.580 0   9.000 1 0 0 0 1 0 0 0 0 0 0 0 0 0 0 0 0 0 0 0 1 0 0 1 0 0 0 0 0 0 0 0 0   1.375 1 0   0.000 1 1 0 0   0.000 0   0.000 1 0
0 1 0  23.920 0   0.585 0 1 0 0 0 1 0 0 0 0 1 0 0 0 0 0 0 0 0 0 0 0 0 0 1 0 0 0 0 0 0 0 0   0.125 0 0   0.000 0 1 0 0 240.000 0   0.693 0 1
0 1 0  48.750 0   8.500 1 0 0 0 1 0 0 0 1 0 0 0 0 0 0 0 0 0 0 0 0 0 0 0 1 0 0 0 0 0 0 0 0  12.500 1 1   9.000 0 1 0 0 181.000 0   7.412 1 0
0 1 0  40.920 0   0.835 1 0 0 0 1 0 0 0 0 0 0 0 0 0 0 0 0 0 0 0 0 1 0 0 0 0 0 0 0 0 1 0 0   0.000 1 0   0.000 0 1 0 0 130.000 0   0.693 0 1
0 1 0  33.580 0   0.250 1 0 0 0 1 0 0 0 0 0 0 1 0 0 0 0 0 0 0 0 0 0 0 0 0 1 0 0 0 0 0 0 0   4.000 0 0   0.000 1 0 0 1 420.000 0   0.000 0 1
0 1 0  57.830 0   7.040 1 0 0 0 1 0 0 0 0 0 0 0 0 0 1 0 0 0 0 0 0 0 0 1 0 0 0 0 0 0 0 0 0  14.000 1 1   6.000 1 1 0 0 360.000 0   7.195 1 0
0 1 0  44.830 0   7.000 0 1 0 0 0 1 0 0 1 0 0 0 0 0 0 0 0 0 0 0 0 0 0 1 0 0 0 0 0 0 0 0 0   1.625 0 0   0.000 0 1 0 0 160.000 0   1.099 0 1
0 1 0  34.080 0   2.500 1 0 0 0 1 0 0 0 1 0 0 0 0 0 0 0 0 0 0 0 0 0 0 1 0 0 0 0 0 0 0 0 0   1.000 0 0   0.000 0 1 0 0 460.000 0   2.833 0 1
0 1 0 0 1   0.375 1 0 0 0 1 0 0 0 0 1 0 0 0 0 0 0 0 0 0 0 0 0 0 1 0 0 0 0 0 0 0 0 0   0.875 1 0   0.000 1 0 0 1 928.000 0   0.000 0 1
0 1 0  22.170 0  12.125 1 0 0 0 1 0 0 0 1 0 0 0 0 0 0 0 0 0 0 0 0 0 0 1 0 0 0 0 0 0 0 0 0   3.335 0 1   2.000 1 1 0 0 180.000 0   5.159 0 1
0 1 0  25.830 0  12.835 1 0 0 0 1 0 0 0 0 0 1 0 0 0 0 0 0 0 0 0 0 0 0 1 0 0 0 0 0 0 0 0 0   0.500 0 0   0.000 0 1 0 0   0.000 0   1.099 0 1
1 0 0  23.750 0   0.710 1 0 0 0 1 0 0 0 0 0 0 0 0 0 0 0 0 1 0 0 0 0 0 1 0 0 0 0 0 0 0 0 0   0.250 0 1   1.000 1 1 0 0 240.000 0   1.609 0 1
0 1 0  30.580 0   2.710 0 1 0 0 0 1 0 0 0 0 0 0 0 0 1 0 0 0 0 0 0 0 0 1 0 0 0 0 0 0 0 0 0   0.125 0 0   0.000 1 0 0 1  80.000 0   0.000 0 1
0 1 0  26.000 0   1.000 1 0 0 0 1 0 0 0 0 0 0 0 0 0 0 0 1 0 0 0 0 0 0 1 0 0 0 0 0 0 0 0 0   1.750 1 0   0.000 1 1 0 0 280.000 0   0.000 1 0
0 1 0  19.000 0   0.000 0 1 0 0 0 1 0 0 0 0 0 0 0 0 0 0 0 0 0 0 0 1 0 0 0 0 0 0 0 0 1 0 0   0.000 0 1   4.000 0 1 0 0  45.000 0   0.693 0 1
1 0 0  25.000 0  11.000 0 1 0 0 0 1 0 0 0 0 0 0 0 0 0 0 0 0 0 0 1 0 0 1 0 0 0 0 0 0 0 0 0   4.500 1 0   0.000 0 1 0 0 120.000 0   0.000 0 1
1 0 0  44.330 0   0.000 1 0 0 0 1 0 0 0 1 0 0 0 0 0 0 0 0 0 0 0 0 0 0 1 0 0 0 0 0 0 0 0 0   2.500 1 0   0.000 0 1 0 0   0.000 0   0.000 1 0
0 1 0  34.080 0   0.080 0 1 0 0 0 1 0 0 0 0 0 0 0 0 1 0 0 0 0 0 0 0 0 0 0 1 0 0 0 0 0 0 0   0.040 1 1   1.000 1 1 0 0 280.000 0   7.601 1 0
0 0 1  20.080 0   0.125 1 0 0 0 1 0 0 0 0 0 0 0 0 0 0 0 1 0 0 0 0 0 0 1 0 0 0 0 0 0 0 0 0   1.000 0 1   1.000 0 1 0 0 240.000 0   6.645 1 0
1 0 0  46.080 0   3.000 1 0 0 0 1 0 0 0 1 0 0 0 0 0 0 0 0 0 0 0 0 0 0 1 0 0 0 0 0 0 0 0 0   2.375 1 1   8.000 1 1 0 0 396.000 0   8.333 1 0
0 1 0  23.080 0  11.500 1 0 0 0 1 0 0 0 0 0 0 1 0 0 0 0 0 0 0 0 0 0 0 1 0 0 0 0 0 0 0 0 0   3.500 1 1   9.000 0 1 0 0  56.000 0   6.611 1 0
1 0 0  33.920 0   1.585 0 1 0 0 0 1 0 0 0 0 0 0 0 0 0 0 0 0 0 0 0 1 0 0 0 0 0 0 0 0 1 0 0   0.000 1 0   0.000 0 1 0 0 320.000 0   0.000 0 1
0 1 0  28.920 0  15.000 1 0 0 0 1 0 0 0 1 0 0 0 0 0 0 0 0 0 0 0 0 0 0 0 1 0 0 0 0 0 0 0 0   5.335 1 1  11.000 0 1 0 0   0.000 0   7.734 1 0
0 1 0  41.500 0   1.540 1 0 0 0 1 0 0 0 0 0 0 1 0 0 0 0 0 0 0 0 0 0 0 0 0 1 0 0 0 0 0 0 0   3.500 0 0   0.000 0 1 0 0 216.000 0   0.000 1 0
0 1 0  35.580 0   0.750 1 0 0 0 1 0 0 0 0 0 0 0 0 1 0 0 0 0 0 0 0 0 0 1 0 0 0 0 0 0 0 0 0   1.500 0 0   0.000 1 1 0 0 231.000 0   0.000 0 1
0 1 0  60.080 0  14.500 1 0 0 0 1 0 0 0 0 0 0 0 0 0 0 0 0 0 0 0 0 1 0 0 0 0 0 0 0 0 1 0 0  18.000 1 1  15.000 1 1 0 0   0.000 0   6.909 1 0
1 0 0  56.830 0   4.250 0 1 0 0 0 1 0 0 0 0 0 0 0 0 0 0 0 0 0 0 0 1 0 0 0 0 0 0 0 0 1 0 0   5.000 0 0   0.000 1 1 0 0   0.000 0   1.609 0 1
1 0 0  21.500 0   6.000 1 0 0 0 1 0 0 0 0 0 0 0 0 0 0 0 0 0 0 0 1 0 0 1 0 0 0 0 0 0 0 0 0   2.500 1 1   3.000 0 1 0 0  80.000 0   6.823 1 0
1 0 0  24.500 0   1.750 0 1 0 0 0 1 0 0 1 0 0 0 0 0 0 0 0 0 0 0 0 0 0 1 0 0 0 0 0 0 0 0 0   0.165 0 0   0.000 0 1 0 0 132.000 0   0.000 0 1
0 1 0  36.330 0   3.790 1 0 0 0 1 0 0 0 0 0 0 0 0 0 0 0 0 1 0 0 0 0 0 1 0 0 0 0 0 0 0 0 0   1.165 1 0   0.000 1 1 0 0 200.000 0   0.000 0 1
0 1 0  28.330 0   5.000 1 0 0 0 1 0 0 0 0 0 0 0 0 0 0 0 0 1 0 0 0 0 0 1 0 0 0 0 0 0 0 0 0  11.000 1 0   0.000 1 1 0 0  70.000 0   0.000 1 0
1 0 0  16.920 0   0.500 1 0 0 0 1 0 0 0 0 0 0 1 0 0 0 0 0 0 0 0 0 0 0 1 0 0 0 0 0 0 0 0 0   0.165 0 1   6.000 1 1 0 0 240.000 0   3.584 0 1
0 1 0  21.000 0   4.790 0 1 0 0 0 1 0 0 0 0 0 0 0 0 0 0 0 1 0 0 0 0 0 1 0 0 0 0 0 0 0 0 0   2.250 1 1   1.000 1 1 0 0  80.000 0   5.707 1 0
0 1 0  25.170 0   3.000 1 0 0 0 1 0 0 0 1 0 0 0 0 0 0 0 0 0 0 0 0 0 0 1 0 0 0 0 0 0 0 0 0   1.250 0 1   1.000 0 1 0 0   0.000 0   3.135 0 1
0 1 0  27.670 0   2.000 1 0 0 0 1 0 0 0 0 0 0 0 0 0 0 0 0 0 1 0 0 0 0 0 1 0 0 0 0 0 0 0 0   1.000 1 1   4.000 0 1 0 0 140.000 0   8.929 1 0
0 1 0  20.000 0   7.000 1 0 0 0 1 0 0 0 1 0 0 0 0 0 0 0 0 0 0 0 0 0 0 1 0 0 0 0 0 0 0 0 0   0.500 0 0   0.000 0 1 0 0   0.000 0   0.000 0 1
0 1 0  39.170 0   1.625 1 0 0 0 1 0 0 0 1 0 0 0 0 0 0 0 0 0 0 0 0 0 0 1 0 0 0 0 0 0 0 0 0   1.500 1 1  10.000 0 1 0 0 186.000 0   8.456 1 0
1 0 0  32.000 0   6.000 1 0 0 0 1 0 0 0 0 1 0 0 0 0 0 0 0 0 0 0 0 0 0 1 0 0 0 0 0 0 0 0 0   1.250 0 0   0.000 0 1 0 0 272.000 0   0.000 0 1
0 1 0  48.080 0   3.750 1 0 0 0 1 0 0 0 0 0 0 1 0 0 0 0 0 0 0 0 0 0 0 0 0 1 0 0 0 0 0 0 0   1.000 0 0   0.000 0 1 0 0 100.000 0   1.099 0 1
1 0 0 0 1   1.500 1 0 0 0 1 0 0 0 0 0 0 0 0 0 0 0 0 0 0 0 0 1 0 0 0 0 0 0 0 0 1 0 0   0.000 0 1   2.000 1 1 0 0 200.000 0   4.663 0 1
0 1 0  31.830 0   2.500 1 0 0 0 1 0 0 0 0 0 0 0 0 0 0 0 0 0 0 0 1 0 0 1 0 0 0 0 0 0 0 0 0   7.500 1 0   0.000 1 1 0 0 523.000 0   0.000 0 1
0 1 0  37.330 0   2.665 1 0 0 0 1 0 0 0 0 0 1 0 0 0 0 0 0 0 0 0 0 0 0 1 0 0 0 0 0 0 0 0 0   0.165 0 0   0.000 1 1 0 0   0.000 0   6.219 0 1
0 1 0  21.420 0   0.750 0 1 0 0 0 1 0 0 0 0 0 0 0 0 0 1 0 0 0 0 0 0 0 0 0 0 0 1 0 0 0 0 0   0.750 0 0   0.000 1 1 0 0 132.000 0   1.099 0 1
0 1 0  29.420 0   1.250 1 0 0 0 1 0 0 0 0 0 0 0 0 0 0 0 0 1 0 0 0 0 0 1 0 0 0 0 0 0 0 0 0   1.750 0 0   0.000 0 1 0 0 200.000 0   0.000 0 1
1 0 0  22.500 0   8.500 1 0 0 0 1 0 0 0 0 0 0 0 0 0 0 0 1 0 0 0 0 0 0 1 0 0 0 0 0 0 0 0 0   1.750 1 1  10.000 0 1 0 0  80.000 0   6.899 0 1
0 1 0  51.420 0   0.040 1 0 0 0 1 0 0 0 0 0 0 0 0 0 0 0 0 0 1 0 0 0 0 0 1 0 0 0 0 0 0 0 0   0.040 1 0   0.000 0 1 0 0   0.000 0   8.007 1 0
1 0 0  33.080 0   1.625 1 0 0 0 1 0 0 0 0 1 0 0 0 0 0 0 0 0 0 0 0 0 0 1 0 0 0 0 0 0 0 0 0   0.540 0 0   0.000 1 1 0 0   0.000 0   0.000 0 1
0 1 0  56.000 0  12.500 1 0 0 0 1 0 0 0 0 0 0 0 0 1 0 0 0 0 0 0 0 0 0 0 1 0 0 0 0 0 0 0 0   8.000 1 0   0.000 1 1 0 0  24.000 0   7.615 1 0
1 0 0  35.420 0  12.000 1 0 0 0 1 0 0 0 0 0 0 0 0 0 0 0 1 0 0 0 0 0 0 0 1 0 0 0 0 0 0 0 0  14.000 1 1   8.000 0 1 0 0   0.000 0   8.793 1 0
0 1 0  33.000 0   2.500 0 1 0 0 0 1 0 0 0 0 0 0 0 0 0 0 0 1 0 0 0 0 0 1 0 0 0 0 0 0 0 0 0   7.000 0 0   0.000 1 1 0 0 280.000 0   0.000 0 1
0 1 0  48.750 0  26.335 0 1 0 0 0 1 0 0 0 0 0 0 0 0 0 0 0 0 0 0 0 1 0 0 0 0 0 0 0 0 1 0 0   0.000 1 0   0.000 1 1 0 0   0.000 0   0.000 0 1
0 1 0  23.250 0   1.500 1 0 0 0 1 0 0 0 0 0 0 0 0 0 0 0 1 0 0 0 0 0 0 1 0 0 0 0 0 0 0 0 0   2.375 1 1   3.000 1 1 0 0   0.000 0   6.368 1 0
0 1 0  39.830 0   0.500 1 0 0 0 1 0 0 0 0 0 0 0 0 0 1 0 0 0 0 0 0 0 0 1 0 0 0 0 0 0 0 0 0   0.250 1 0   0.000 0 0 0 1 288.000 0   0.000 0 1
1 0 0  44.170 0   6.665 1 0 0 0 1 0 0 0 0 0 0 0 0 0 0 0 1 0 0 0 0 0 0 1 0 0 0 0 0 0 0 0 0   7.375 1 1   3.000 1 1 0 0   0.000 0   0.000 1 0
0 1 0  38.670 0   0.210 1 0 0 0 1 0 0 0 0 0 0 0 0 1 0 0 0 0 0 0 0 0 0 1 0 0 0 0 0 0 0 0 0   0.085 1 0   0.000 1 1 0 0 280.000 0   0.000 1 0
0 1 0  18.080 0   6.750 0 1 0 0 0 1 0 0 0 0 0 0 0 0 1 0 0 0 0 0 0 0 0 1 0 0 0 0 0 0 0 0 0   0.040 0 0   0.000 0 1 0 0 140.000 0   0.000 0 1
0 1 0  27.000 0   1.500 0 1 0 0 0 1 0 0 0 0 0 0 0 0 0 0 0 1 0 0 0 0 0 1 0 0 0 0 0 0 0 0 0   0.375 1 0   0.000 1 1 0 0 260.000 0   6.972 1 0
0 1 0  25.670 0   0.290 0 1 0 0 0 1 0 0 1 0 0 0 0 0 0 0 0 0 0 0 0 0 0 1 0 0 0 0 0 0 0 0 0   1.500 0 0   0.000 1 1 0 0 160.000 0   0.000 0 1
0 1 0  42.170 0   5.040 1 0 0 0 1 0 0 0 0 0 0 0 0 0 0 0 1 0 0 0 0 0 0 0 1 0 0 0 0 0 0 0 0  12.750 1 0   0.000 1 1 0 0  92.000 0   0.000 1 0
0 1 0  59.500 0   2.750 1 0 0 0 1 0 0 0 0 0 0 0 0 0 0 0 0 1 0 0 0 0 0 1 0 0 0 0 0 0 0 0 0   1.750 1 1   5.000 1 1 0 0  60.000 0   4.078 1 0
0 1 0  37.750 0   7.000 1 0 0 0 1 0 0 0 0 0 0 0 0 0 0 0 1 0 0 0 0 0 0 0 1 0 0 0 0 0 0 0 0  11.500 1 1   7.000 1 1 0 0 300.000 0   1.792 0 1
0 1 0  20.670 0   1.250 0 1 0 0 0 1 0 0 1 0 0 0 0 0 0 0 0 0 0 0 0 0 0 0 1 0 0 0 0 0 0 0 0   1.375 1 1   3.000 1 1 0 0 140.000 0   5.352 0 1
0 1 0  21.170 0   0.000 1 0 0 0 1 0 0 0 1 0 0 0 0 0 0 0 0 0 0 0 0 0 0 1 0 0 0 0 0 0 0 0 0   0.500 0 0   0.000 1 0 0 1   0.000 0   0.000 0 1
0 1 0  17.420 0   6.500 1 0 0 0 1 0 0 0 0 0 0 1 0 0 0 0 0 0 0 0 0 0 0 1 0 0 0 0 0 0 0 0 0   0.125 0 0   0.000 0 1 0 0  60.000 0   4.615 0 1
0 1 0  22.080 0   0.830 1 0 0 0 1 0 0 0 1 0 0 0 0 0 0 0 0 0 0 0 0 0 0 0 1 0 0 0 0 0 0 0 0   2.165 0 0   0.000 1 1 0 0 128.000 0   0.000 1 0
0 1 0  25.580 0   0.335 1 0 0 0 1 0 0 0 0 0 0 0 0 1 0 0 0 0 0 0 0 0 0 0 1 0 0 0 0 0 0 0 0   3.500 0 0   0.000 1 1 0 0 340.000 0   0.000 0 1
0 1 0  48.250 0  25.085 1 0 0 0 1 0 0 0 0 0 0 0 0 0 0 0 0 1 0 0 0 0 0 1 0 0 0 0 0 0 0 0 0   1.750 1 1   3.000 0 1 0 0 120.000 0   2.708 1 0
1 0 0  46.000 0   4.000 1 0 0 0 1 0 0 0 0 0 0 0 1 0 0 0 0 0 0 0 0 0 0 0 0 0 1 0 0 0 0 0 0   0.000 1 0   0.000 0 1 0 0 100.000 0   6.868 1 0
0 1 0  26.670 0   4.250 1 0 0 0 1 0 0 0 0 0 1 0 0 0 0 0 0 0 0 0 0 0 0 1 0 0 0 0 0 0 0 0 0   4.290 1 1   1.000 1 1 0 0 120.000 0   0.000 1 0
0 1 0  19.330 0   9.500 1 0 0 0 1 0 0 0 0 0 0 0 0 0 0 0 1 0 0 0 0 0 0 1 0 0 0 0 0 0 0 0 0   1.000 1 0   0.000 1 1 0 0  60.000 0   5.994 1 0
0 1 0  49.580 0  19.000 1 0 0 0 1 0 0 0 0 0 0 0 0 0 0 0 0 0 0 0 0 1 0 0 0 0 0 0 0 0 1 0 0   0.000 1 1   1.000 0 1 0 0  94.000 0   0.000 0 1
0 1 0  23.170 0   0.000 0 0 0 1 0 0 0 1 0 0 0 0 0 0 0 0 0 0 0 0 0 0 1 0 0 0 0 0 0 0 0 0 1   0.000 0 0   0.000 0 0 1 0 0 1   0.000 1 0
0 0 1  24.500 0  12.750 1 0 0 0 1 0 0 0 1 0 0 0 0 0 0 0 0 0 0 0 0 0 0 0 0 1 0 0 0 0 0 0 0   4.750 1 1   2.000 0 1 0 0  73.000 0   6.098 1 0
0 1 0  34.750 0  15.000 1 0 0 0 1 0 0 0 0 0 0 0 0 0 0 1 0 0 0 0 0 0 0 0 0 0 0 1 0 0 0 0 0   5.375 1 1   9.000 1 1 0 0   0.000 0   4.905 1 0
0 1 0  76.750 0  22.290 1 0 0 0 1 0 0 0 0 0 0 0 0 0 0 0 0 0 0 1 0 0 0 0 0 0 0 0 1 0 0 0 0  12.750 1 1   1.000 1 1 0 0   0.000 0   4.700 1 0
0 1 0  26.250 0   1.540 1 0 0 0 1 0 0 0 0 0 0 0 0 0 0 0 0 1 0 0 0 0 0 1 0 0 0 0 0 0 0 0 0   0.125 0 0   0.000 0 1 0 0 100.000 0   0.000 0 1
0 1 0  29.170 0   3.500 1 0 0 0 1 0 0 0 0 0 0 0 0 0 0 0 0 1 0 0 0 0 0 1 0 0 0 0 0 0 0 0 0   3.500 1 1   3.000 1 1 0 0 329.000 0   0.000 0 1
0 1 0  31.250 0   2.835 1 0 0 0 1 0 0 0 0 0 0 0 0 0 0 0 0 0 0 0 0 1 0 0 0 0 0 0 0 0 1 0 0   0.000 0 1   5.000 0 1 0 0 176.000 0   4.990 0 1
0 1 0  35.170 0   2.500 1 0 0 0 1 0 0 0 0 0 0 0 0 1 0 0 0 0 0 0 0 0 0 1 0 0 0 0 0 0 0 0 0   4.500 1 1   7.000 0 1 0 0 150.000 0   7.148 1 0
1 0 0  25.080 0   2.540 0 1 0 0 0 1 0 0 0 0 0 0 0 0 0 0 0 0 0 0 1 0 0 1 0 0 0 0 0 0 0 0 0   0.250 1 0   0.000 1 1 0 0 370.000 0   0.000 1 0
1 0 0  55.750 0   7.080 1 0 0 0 1 0 0 0 0 0 0 0 0 1 0 0 0 0 0 0 0 0 0 0 1 0 0 0 0 0 0 0 0   6.750 1 1   3.000 1 1 0 0 100.000 0   3.932 0 1
0 1 0  52.500 0   6.500 1 0 0 0 1 0 0 0 0 0 0 0 0 1 0 0 0 0 0 0 0 0 0 1 0 0 0 0 0 0 0 0 0   6.290 1 1  15.000 0 1 0 0   0.000 0   9.324 1 0
0 1 0  37.500 0   1.125 0 1 0 0 0 1 0 0 0 1 0 0 0 0 0 0 0 0 0 0 0 0 0 1 0 0 0 0 0 0 0 0 0   1.500 0 0   0.000 1 1 0 0 431.000 0   0.000 1 0
0 1 0  41.170 0   1.335 1 0 0 0 1 0 0 0 0 1 0 0 0 0 0 0 0 0 0 0 0 0 0 1 0 0 0 0 0 0 0 0 0   0.165 0 0   0.000 0 1 0 0 168.000 0   0.000 0 1
1 0 0  64.080 0   0.165 1 0 0 0 1 0 0 0 0 0 0 0 0 0 0 0 0 0 0 0 0 1 0 0 0 0 0 0 0 0 1 0 0   0.000 1 1   1.000 0 1 0 0 232.000 0   4.615 1 0
0 1 0  39.170 0   2.500 0 1 0 0 0 1 0 0 0 0 0 1 0 0 0 0 0 0 0 0 0 0 0 0 1 0 0 0 0 0 0 0 0  10.000 0 0   0.000 1 0 0 1 200.000 0   0.000 0 1
0 1 0  16.250 0   0.000 0 1 0 0 0 1 0 0 0 0 0 0 0 0 0 0 0 0 0 0 1 0 0 1 0 0 0 0 0 0 0 0 0   0.250 0 0   0.000 0 1 0 0  60.000 0   0.000 0 1
0 1 0  29.500 0   0.580 1 0 0 0 1 0 0 0 0 0 0 0 0 0 0 0 0 1 0 0 0 0 0 1 0 0 0 0 0 0 0 0 0   0.290 0 1   1.000 0 1 0 0 340.000 0   7.939 0 1
1 0 0  24.750 0  13.665 1 0 0 0 1 0 0 0 0 0 0 0 0 0 0 0 1 0 0 0 0 0 0 0 1 0 0 0 0 0 0 0 0   1.500 0 0   0.000 0 1 0 0 280.000 0   0.693 0 1
0 1 0  39.580 0  13.915 1 0 0 0 1 0 0 0 0 0 0 0 0 0 0 0 0 1 0 0 0 0 0 1 0 0 0 0 0 0 0 0 0   8.625 1 1   6.000 1 1 0 0  70.000 0   0.000 1 0
1 0 0  17.330 0   9.500 1 0 0 0 1 0 0 0 0 0 0 0 0 0 0 0 0 0 0 0 1 0 0 1 0 0 0 0 0 0 0 0 0   1.750 0 1  10.000 1 1 0 0   0.000 0   2.398 0 1
0 1 0  23.000 0   0.625 0 1 0 0 0 1 0 0 0 0 0 0 0 0 0 0 0 0 0 0 1 0 0 1 0 0 0 0 0 0 0 0 0   0.125 1 0   0.000 0 1 0 0 180.000 0   0.693 0 1
1 0 0  53.330 0   0.165 1 0 0 0 1 0 0 0 0 0 0 0 0 0 0 0 0 0 0 0 0 1 0 0 0 0 0 0 0 0 1 0 0   0.000 0 0   0.000 1 0 0 1  62.000 0   3.332 0 1
1 0 0  20.670 0   3.000 1 0 0 0 1 0 0 0 0 0 0 0 0 0 0 0 1 0 0 0 0 0 0 1 0 0 0 0 0 0 0 0 0   0.165 1 1   3.000 0 1 0 0 100.000 0   1.946 1 0
0 1 0  31.830 0   0.040 0 1 0 0 0 1 0 0 0 0 0 0 0 0 1 0 0 0 0 0 0 0 0 1 0 0 0 0 0 0 0 0 0   0.040 0 0   0.000 0 1 0 0   0.000 0   0.000 0 1
1 0 0  23.420 0   0.790 0 1 0 0 0 1 0 0 0 0 0 0 0 0 0 0 1 0 0 0 0 0 0 1 0 0 0 0 0 0 0 0 0   1.500 1 1   2.000 1 1 0 0  80.000 0   5.994 1 0
0 1 0  34.170 0   2.750 1 0 0 0 1 0 0 0 0 0 0 1 0 0 0 0 0 0 0 0 0 0 0 0 0 1 0 0 0 0 0 0 0   2.500 0 0   0.000 1 1 0 0 232.000 0   5.303 0 1
0 1 0  36.670 0   2.000 1 0 0 0 1 0 0 0 0 0 0 1 0 0 0 0 0 0 0 0 0 0 0 1 0 0 0 0 0 0 0 0 0   0.250 0 0   0.000 1 1 0 0 221.000 0   0.000 0 1
1 0 0  58.330 0  10.000 1 0 0 0 1 0 0 0 0 0 0 0 0 0 0 0 1 0 0 0 0 0 0 1 0 0 0 0 0 0 0 0 0   4.000 1 1  14.000 0 1 0 0   0.000 0   7.380 1 0
1 0 0  18.170 0  10.000 0 1 0 0 0 1 0 0 0 0 0 0 0 0 0 0 1 0 0 0 0 0 0 0 1 0 0 0 0 0 0 0 0   0.165 0 0   0.000 0 1 0 0 340.000 0   0.000 0 1
0 1 0  32.830 0   2.500 1 0 0 0 1 0 0 0 0 0 1 0 0 0 0 0 0 0 0 0 0 0 0 0 1 0 0 0 0 0 0 0 0   2.750 1 1   6.000 0 1 0 0 160.000 0   7.637 1 0
0 1 0  17.080 0   0.250 1 0 0 0 1 0 0 0 0 0 0 0 0 0 0 0 1 0 0 0 0 0 0 1 0 0 0 0 0 0 0 0 0   0.335 0 1   4.000 0 1 0 0 160.000 0   2.197 0 1
1 0 0  28.500 0   1.000 1 0 0 0 1 0 0 0 0 0 0 0 0 0 0 0 1 0 0 0 0 0 0 1 0 0 0 0 0 0 0 0 0   1.000 1 1   2.000 1 1 0 0 167.000 0   6.217 0 1
0 1 0  30.170 0   0.500 1 0 0 0 1 0 0 0 1 0 0 0 0 0 0 0 0 0 0 0 0 0 0 1 0 0 0 0 0 0 0 0 0   1.750 1 1  11.000 0 1 0 0  32.000 0   6.293 1 0
1 0 0  36.750 0   5.125 1 0 0 0 1 0 0 0 0 0 0 0 0 0 0 0 0 0 0 1 0 0 0 1 0 0 0 0 0 0 0 0 0   5.000 1 0   0.000 1 1 0 0   0.000 0   8.294 1 0
0 1 0  42.080 0   1.040 1 0 0 0 1 0 0 0 0 0 0 0 0 0 0 0 0 1 0 0 0 0 0 1 0 0 0 0 0 0 0 0 0   5.000 1 1   6.000 1 1 0 0 500.000 0   9.210 1 0
1 0 0  30.500 0   6.500 1 0 0 0 1 0 0 0 1 0 0 0 0 0 0 0 0 0 0 0 0 0 0 0 0 1 0 0 0 0 0 0 0   4.000 1 1   7.000 1 1 0 0   0.000 0   8.028 1 0
1 0 0  58.670 0   4.460 1 0 0 0 1 0 0 0 0 0 0 0 0 0 0 0 1 0 0 0 0 0 0 0 1 0 0 0 0 0 0 0 0   3.040 1 1   6.000 0 1 0 0  43.000 0   6.330 1 0
0 1 0  34.920 0   2.500 1 0 0 0 1 0 0 0 0 0 0 0 0 0 0 0 0 1 0 0 0 0 0 1 0 0 0 0 0 0 0 0 0   0.000 1 0   0.000 1 1 0 0 239.000 0   5.303 1 0
0 1 0  33.170 0   1.040 1 0 0 0 1 0 0 0 0 0 0 0 0 0 0 1 0 0 0 0 0 0 0 0 1 0 0 0 0 0 0 0 0   6.500 1 0   0.000 1 1 0 0 164.000 0  10.351 1 0
1 0 0  22.500 0   8.460 0 1 0 0 0 1 0 0 0 0 0 0 0 0 0 0 0 0 1 0 0 0 0 1 0 0 0 0 0 0 0 0 0   2.460 0 0   0.000 0 1 0 0 164.000 0   0.000 1 0
0 1 0  36.170 0   5.500 1 0 0 0 1 0 0 0 0 0 0 1 0 0 0 0 0 0 0 0 0 0 0 0 0 1 0 0 0 0 0 0 0   5.000 0 0   0.000 0 1 0 0 210.000 0   6.534 0 1
0 1 0  28.670 0   9.335 1 0 0 0 1 0 0 0 0 0 0 0 0 0 0 0 1 0 0 0 0 0 0 0 1 0 0 0 0 0 0 0 0   5.665 1 1   6.000 0 1 0 0 381.000 0   5.130 1 0
1 0 0  41.000 0   2.040 0 1 0 0 0 1 0 0 0 0 0 0 0 0 0 0 1 0 0 0 0 0 0 0 1 0 0 0 0 0 0 0 0   0.125 1 1  23.000 1 1 0 0 455.000 0   7.120 1 0
0 1 0  41.580 0   1.750 1 0 0 0 1 0 0 0 0 0 0 0 0 1 0 0 0 0 0 0 0 0 0 1 0 0 0 0 0 0 0 0 0   0.210 1 0   0.000 0 1 0 0 160.000 0   0.000 0 1
1 0 0  20.420 0  10.500 0 1 0 0 0 1 0 0 0 0 0 0 0 0 0 0 0 0 1 0 0 0 0 0 1 0 0 0 0 0 0 0 0   0.000 0 0   0.000 1 1 0 0 154.000 0   3.497 0 1
0 1 0  32.670 0   9.000 0 1 0 0 0 1 0 0 0 0 0 0 0 0 0 0 0 1 0 0 0 0 0 0 1 0 0 0 0 0 0 0 0   5.250 1 0   0.000 1 1 0 0 154.000 0   0.000 1 0
0 1 0  37.420 0   2.040 1 0 0 0 1 0 0 0 0 0 0 0 0 0 0 0 0 1 0 0 0 0 0 1 0 0 0 0 0 0 0 0 0   0.040 1 0   0.000 1 1 0 0 400.000 0   8.666 1 0
0 1 0  19.670 0   0.375 1 0 0 0 1 0 0 0 0 0 0 0 0 0 0 0 1 0 0 0 0 0 0 1 0 0 0 0 0 0 0 0 0   2.000 1 1   2.000 1 1 0 0  80.000 0   0.000 1 0
0 1 0  42.000 0   0.205 1 0 0 0 1 0 0 0 0 0 0 1 0 0 0 0 0 0 0 0 0 0 0 0 1 0 0 0 0 0 0 0 0   5.125 1 0   0.000 0 1 0 0 400.000 0   0.000 1 0
1 0 0  18.920 0   9.250 0 1 0 0 0 1 0 0 1 0 0 0 0 0 0 0 0 0 0 0 0 0 0 1 0 0 0 0 0 0 0 0 0   1.000 1 1   4.000 1 1 0 0  80.000 0   6.217 1 0
0 1 0  22.080 0  11.460 1 0 0 0 1 0 0 0 0 0 0 0 0 1 0 0 0 0 0 0 0 0 0 1 0 0 0 0 0 0 0 0 0   1.585 0 0   0.000 1 1 0 0 100.000 0   7.101 0 1
0 1 0  36.250 0   5.000 1 0 0 0 1 0 0 0 1 0 0 0 0 0 0 0 0 0 0 0 0 0 0 0 0 1 0 0 0 0 0 0 0   2.500 1 1   6.000 0 1 0 0   0.000 0   5.908 1 0
1 0 0  17.830 0  11.000 1 0 0 0 1 0 0 0 0 0 0 0 0 0 0 0 0 0 1 0 0 0 0 0 1 0 0 0 0 0 0 0 0   1.000 1 1  11.000 0 1 0 0   0.000 0   8.007 1 0
0 1 0  52.420 0   1.500 1 0 0 0 1 0 0 0 0 1 0 0 0 0 0 0 0 0 0 0 0 0 0 1 0 0 0 0 0 0 0 0 0   3.750 0 0   0.000 1 1 0 0   0.000 0   5.861 0 1
1 0 0  15.830 0   7.625 1 0 0 0 1 0 0 0 0 0 0 0 0 0 0 0 1 0 0 0 0 0 0 1 0 0 0 0 0 0 0 0 0   0.125 0 1   1.000 1 1 0 0   0.000 0   5.081 0 1
0 1 0  31.330 0  19.500 1 0 0 0 1 0 0 0 1 0 0 0 0 0 0 0 0 0 0 0 0 0 0 1 0 0 0 0 0 0 0 0 0   7.000 1 1  16.000 0 1 0 0   0.000 0   8.517 1 0
1 0 0  25.000 0   0.875 1 0 0 0 1 0 0 0 0 0 0 0 0 0 0 0 0 0 1 0 0 0 0 0 1 0 0 0 0 0 0 0 0   1.040 1 0   0.000 1 1 0 0 160.000 0   8.676 1 0
1 0 0  24.080 0   0.500 1 0 0 0 1 0 0 0 0 0 0 0 0 0 0 0 1 0 0 0 0 0 0 0 1 0 0 0 0 0 0 0 0   1.250 1 1   1.000 0 1 0 0   0.000 0   6.521 1 0
1 0 0  28.750 0   3.750 1 0 0 0 1 0 0 0 1 0 0 0 0 0 0 0 0 0 0 0 0 0 0 1 0 0 0 0 0 0 0 0 0   1.085 1 1   1.000 1 1 0 0 371.000 0   0.000 1 0
1 0 0  23.000 0  11.750 1 0 0 0 1 0 0 0 0 0 0 0 0 0 0 0 0 0 1 0 0 0 0 0 1 0 0 0 0 0 0 0 0   0.500 1 1   2.000 1 1 0 0 300.000 0   6.314 1 0
0 1 0  19.670 0  10.000 0 1 0 0 0 1 0 0 0 0 0 0 0 1 0 0 0 0 0 0 0 0 0 0 1 0 0 0 0 0 0 0 0   0.835 1 0   0.000 1 1 0 0 140.000 0   0.000 0 1
0 1 0  34.920 0   5.000 1 0 0 0 1 0 0 0 0 0 0 0 0 0 0 0 0 0 1 0 0 0 0 0 1 0 0 0 0 0 0 0 0   7.500 1 1   6.000 1 1 0 0   0.000 0   6.909 1 0
0 1 0  62.750 0   7.000 1 0 0 0 1 0 0 0 0 0 0 0 0 0 0 0 0 0 0 1 0 0 0 0 0 0 0 0 1 0 0 0 0   0.000 0 0   0.000 0 1 0 0   0.000 0   2.565 0 1
0 1 0  35.250 0   3.165 1 0 0 0 1 0 0 0 0 0 0 0 0 0 0 0 0 0 1 0 0 0 0 0 1 0 0 0 0 0 0 0 0   3.750 1 0   0.000 1 1 0 0 680.000 0   0.000 0 1
1 0 0  28.170 0   0.375 1 0 0 0 1 0 0 0 0 0 0 0 0 0 0 0 1 0 0 0 0 0 0 1 0 0 0 0 0 0 0 0 0   0.585 1 1   4.000 0 1 0 0  80.000 0   0.000 1 0
0 1 0  20.500 0  10.000 0 1 0 0 0 1 0 0 1 0 0 0 0 0 0 0 0 0 0 0 0 0 0 1 0 0 0 0 0 0 0 0 0   2.500 1 0   0.000 0 0 0 1  40.000 0   0.000 1 0
0 1 0  41.920 0   0.420 1 0 0 0 1 0 0 0 1 0 0 0 0 0 0 0 0 0 0 0 0 0 0 0 1 0 0 0 0 0 0 0 0   0.210 1 1   6.000 0 1 0 0 220.000 0   6.855 1 0
0 1 0  31.080 0   3.085 1 0 0 0 1 0 0 0 1 0 0 0 0 0 0 0 0 0 0 0 0 0 0 1 0 0 0 0 0 0 0 0 0   2.500 0 1   2.000 1 1 0 0 160.000 0   3.738 0 1
0 1 0  44.000 0   2.000 1 0 0 0 1 0 0 0 0 0 0 0 0 0 1 0 0 0 0 0 0 0 0 1 0 0 0 0 0 0 0 0 0   1.750 1 1   2.000 1 1 0 0   0.000 0   2.773 1 0
1 0 0  50.250 0   0.835 1 0 0 0 1 0 0 0 0 0 0 0 0 0 0 0 0 0 0 0 1 0 0 1 0 0 0 0 0 0 0 0 0   0.500 0 0   0.000 1 1 0 0 240.000 0   4.771 0 1
1 0 0  17.670 0   0.000 0 1 0 0 0 1 0 0 0 0 0 0 1 0 0 0 0 0 0 0 0 0 0 0 0 0 0 0 0 0 1 0 0   0.000 0 0   0.000 0 1 0 0  86.000 0   0.000 0 1
1 0 0  18.830 0   4.415 0 1 0 0 0 1 0 0 1 0 0 0 0 0 0 0 0 0 0 0 0 0 0 0 1 0 0 0 0 0 0 0 0   3.000 1 0   0.000 0 1 0 0 240.000 0   0.000 1 0
0 1 0  32.250 0   0.165 0 1 0 0 0 1 0 0 1 0 0 0 0 0 0 0 0 0 0 0 0 0 0 0 1 0 0 0 0 0 0 0 0   3.250 1 1   1.000 1 1 0 0 432.000 0   8.987 1 0
1 0 0  34.830 0   1.250 0 1 0 0 0 1 0 0 0 0 0 1 0 0 0 0 0 0 0 0 0 0 0 0 1 0 0 0 0 0 0 0 0   0.500 0 0   0.000 1 1 0 0 160.000 0   0.000 0 1
0 1 0  24.500 0  13.335 0 1 0 0 0 1 0 0 0 0 0 0 0 0 0 0 0 0 0 0 1 0 0 1 0 0 0 0 0 0 0 0 0   0.040 0 0   0.000 1 1 0 0 120.000 0   6.165 0 1
0 1 0  43.000 0   0.290 0 1 0 0 0 1 0 0 0 0 1 0 0 0 0 0 0 0 0 0 0 0 0 0 1 0 0 0 0 0 0 0 0   1.750 1 1   8.000 0 1 0 0 100.000 0   5.930 1 0
0 1 0  34.750 0   2.500 1 0 0 0 1 0 0 0 0 0 1 0 0 0 0 0 0 0 0 0 0 0 0 0 0 1 0 0 0 0 0 0 0   0.500 0 0   0.000 0 1 0 0 348.000 0   0.000 0 1
0 1 0  21.330 0   7.500 1 0 0 0 1 0 0 0 0 0 0 0 0 0 0 0 0 0 0 0 1 0 0 1 0 0 0 0 0 0 0 0 0   1.415 1 1   1.000 0 1 0 0  80.000 0   9.190 1 0
1 0 0  22.920 0   1.250 1 0 0 0 1 0 0 0 0 0 0 0 0 0 0 0 1 0 0 0 0 0 0 1 0 0 0 0 0 0 0 0 0   0.250 0 0   0.000 1 1 0 0 120.000 0   6.697 0 1
1 0 0  69.500 0   6.000 1 0 0 0 1 0 0 0 0 0 0 0 0 0 0 0 0 0 0 0 0 1 0 0 0 0 0 0 0 0 1 0 0   0.000 0 0   0.000 0 0 0 1   0.000 0   0.000 0 1
1 0 0  65.170 0  14.000 1 0 0 0 1 0 0 0 0 0 0 0 0 0 0 0 0 0 0 0 0 1 0 0 0 0 0 0 0 0 1 0 0   0.000 1 1  11.000 1 1 0 0   0.000 0   7.245 1 0
0 1 0  40.250 0  21.500 1 0 0 0 1 0 0 0 0 0 0 0 0 0 0 0 0 0 0 1 0 0 0 0 0 0 0 0 1 0 0 0 0  20.000 1 1  11.000 0 1 0 0   0.000 0   7.091 1 0
0 1 0  51.330 0  10.000 1 0 0 0 1 0 0 0 0 0 0 1 0 0 0 0 0 0 0 0 0 0 0 0 0 1 0 0 0 0 0 0 0   0.000 1 1  11.000 0 1 0 0   0.000 0   7.131 1 0
0 1 0  34.830 0   4.000 1 0 0 0 1 0 0 0 0 1 0 0 0 0 0 0 0 0 0 0 0 0 0 0 0 1 0 0 0 0 0 0 0  12.500 1 0   0.000 1 1 0 0 0 1   0.000 0 1
0 0 1  20.420 0   7.500 1 0 0 0 1 0 0 0 0 0 0 0 0 1 0 0 0 0 0 0 0 0 0 1 0 0 0 0 0 0 0 0 0   1.500 1 1   1.000 0 1 0 0 160.000 0   5.460 1 0
0 1 0  32.330 0   7.500 1 0 0 0 1 0 0 0 0 0 0 0 0 0 0 0 0 0 0 1 0 0 0 0 0 1 0 0 0 0 0 0 0   1.585 1 0   0.000 1 0 0 1 420.000 0   0.000 0 1
1 0 0  18.420 0   9.250 1 0 0 0 1 0 0 0 0 0 0 0 0 0 0 0 1 0 0 0 0 0 0 1 0 0 0 0 0 0 0 0 0   1.210 1 1   4.000 0 1 0 0  60.000 0   6.293 1 0
0 1 0  18.000 0   0.165 1 0 0 0 1 0 0 0 0 0 0 0 0 0 0 0 1 0 0 0 0 0 0 0 0 0 0 1 0 0 0 0 0   0.210 0 0   0.000 0 1 0 0 200.000 0   3.714 1 0
0 1 0  74.830 0  19.000 0 1 0 0 0 1 0 0 0 0 0 0 0 0 0 0 0 0 0 0 0 1 0 0 0 0 0 0 0 0 1 0 0   0.040 0 1   2.000 0 1 0 0   0.000 0   5.864 0 1
0 1 0  19.170 0   4.000 0 1 0 0 0 1 0 0 0 0 0 1 0 0 0 0 0 0 0 0 0 0 0 1 0 0 0 0 0 0 0 0 0   1.000 0 0   0.000 1 1 0 0 360.000 0   6.909 0 1
0 1 0  28.670 0  14.500 1 0 0 0 1 0 0 0 0 1 0 0 0 0 0 0 0 0 0 0 0 0 0 1 0 0 0 0 0 0 0 0 0   0.125 0 0   0.000 0 1 0 0   0.000 0   5.659 0 1
0 1 0  36.170 0  18.125 1 0 0 0 1 0 0 0 0 0 0 0 0 0 0 0 0 1 0 0 0 0 0 1 0 0 0 0 0 0 0 0 0   0.085 0 0   0.000 0 1 0 0 320.000 0   8.176 0 1
0 1 0  27.830 0   1.500 1 0 0 0 1 0 0 0 0 0 0 0 0 0 0 0 0 1 0 0 0 0 0 1 0 0 0 0 0 0 0 0 0   2.250 0 1   1.000 1 1 0 0 100.000 0   1.386 0 1
0 1 0  31.920 0   4.460 1 0 0 0 1 0 0 0 0 0 1 0 0 0 0 0 0 0 0 0 0 0 0 0 1 0 0 0 0 0 0 0 0   6.040 1 1   3.000 0 1 0 0 311.000 0   5.707 1 0
0 1 0  51.830 0   3.000 0 1 0 0 0 1 0 0 0 0 0 0 0 0 0 0 0 0 0 0 0 1 0 0 0 0 0 0 0 0 1 0 0   1.500 0 0   0.000 0 1 0 0 180.000 0   1.609 0 1
1 0 0  20.670 0   1.835 1 0 0 0 1 0 0 0 0 0 0 0 0 0 0 0 1 0 0 0 0 0 0 1 0 0 0 0 0 0 0 0 0   2.085 1 1   5.000 0 1 0 0 220.000 0   7.826 1 0
1 0 0  52.830 0  15.000 1 0 0 0 1 0 0 0 1 0 0 0 0 0 0 0 0 0 0 0 0 0 0 1 0 0 0 0 0 0 0 0 0   5.500 1 1  14.000 0 1 0 0   0.000 0   7.697 1 0
0 1 0  24.080 0   9.000 1 0 0 0 1 0 0 0 0 0 0 0 0 0 0 0 0 0 0 0 1 0 0 1 0 0 0 0 0 0 0 0 0   0.250 0 0   0.000 1 1 0 0   0.000 0   0.000 0 1
1 0 0  35.170 0   3.750 1 0 0 0 1 0 0 0 0 0 0 0 0 0 0 0 0 0 0 0 0 1 0 0 0 0 0 0 0 0 1 0 0   0.000 0 1   6.000 0 1 0 0   0.000 0   5.303 0 1
0 1 0  19.170 0   0.000 0 1 0 0 0 1 0 0 0 0 0 0 0 0 1 0 0 0 0 0 0 0 0 0 0 1 0 0 0 0 0 0 0   0.000 0 0   0.000 1 0 0 1 500.000 0   0.693 1 0
0 1 0  28.250 0   5.040 0 1 0 0 0 1 0 0 1 0 0 0 0 0 0 0 0 0 0 0 0 0 0 0 0 1 0 0 0 0 0 0 0   1.500 1 1   8.000 1 1 0 0 144.000 0   2.079 1 0
0 1 0  33.580 0   2.750 1 0 0 0 1 0 0 0 0 0 0 0 0 0 1 0 0 0 0 0 0 0 0 1 0 0 0 0 0 0 0 0 0   4.250 1 1   6.000 0 1 0 0 204.000 0   0.000 1 0
0 1 0  22.670 0   2.540 0 1 0 0 0 1 0 0 1 0 0 0 0 0 0 0 0 0 0 0 0 0 0 0 1 0 0 0 0 0 0 0 0   2.585 1 0   0.000 0 1 0 0   0.000 0   0.000 1 0
0 1 0  31.420 0  15.500 1 0 0 0 1 0 0 0 1 0 0 0 0 0 0 0 0 0 0 0 0 0 0 1 0 0 0 0 0 0 0 0 0   0.500 1 0   0.000 0 1 0 0 120.000 0   0.000 0 1
1 0 0  32.170 0   1.460 1 0 0 0 1 0 0 0 0 0 0 0 0 0 0 0 0 1 0 0 0 0 0 1 0 0 0 0 0 0 0 0 0   1.085 1 1  16.000 0 1 0 0 120.000 0   7.640 1 0
0 1 0  21.500 0  11.500 1 0 0 0 1 0 0 0 0 0 0 1 0 0 0 0 0 0 0 0 0 0 0 1 0 0 0 0 0 0 0 0 0   0.500 1 0   0.000 1 1 0 0 100.000 0   4.234 0 1
0 1 0  64.080 0  20.000 1 0 0 0 1 0 0 0 0 0 0 0 0 0 0 0 0 0 1 0 0 0 0 0 1 0 0 0 0 0 0 0 0  17.500 1 1   9.000 1 1 0 0   0.000 0   6.909 1 0
0 1 0  25.330 0   0.580 1 0 0 0 1 0 0 0 1 0 0 0 0 0 0 0 0 0 0 0 0 0 0 1 0 0 0 0 0 0 0 0 0   0.290 1 1   7.000 1 1 0 0  96.000 0   8.542 1 0
0 1 0  52.330 0   1.375 0 1 0 0 0 1 0 0 1 0 0 0 0 0 0 0 0 0 0 0 0 0 0 0 1 0 0 0 0 0 0 0 0   9.460 1 0   0.000 1 1 0 0 200.000 0   4.615 0 1
1 0 0  33.670 0   0.375 1 0 0 0 1 0 0 0 0 0 1 0 0 0 0 0 0 0 0 0 0 0 0 1 0 0 0 0 0 0 0 0 0   0.375 0 0   0.000 0 1 0 0 300.000 0   3.807 1 0
1 0 0  20.830 0   3.000 1 0 0 0 1 0 0 0 0 0 0 0 0 0 0 0 0 0 0 0 1 0 0 1 0 0 0 0 0 0 0 0 0   0.040 1 0   0.000 0 1 0 0 100.000 0   0.000 1 0
1 0 0  24.750 0  12.500 1 0 0 0 1 0 0 0 0 0 0 0 0 0 0 0 0 0 0 0 1 0 0 1 0 0 0 0 0 0 0 0 0   1.500 1 1  12.000 1 1 0 0 120.000 0   6.342 1 0
0 1 0  65.420 0  11.000 1 0 0 0 1 0 0 0 0 0 0 0 0 0 0 0 0 0 0 1 0 0 0 0 0 0 0 0 1 0 0 0 0  20.000 1 1   7.000 1 1 0 0  22.000 0   0.000 1 0
0 1 0  24.750 0   0.540 1 0 0 0 1 0 0 0 0 0 0 0 0 0 1 0 0 0 0 0 0 0 0 1 0 0 0 0 0 0 0 0 0   1.000 0 0   0.000 1 1 0 0 120.000 0   0.693 0 1
1 0 0  22.500 0  11.000 0 1 0 0 0 1 0 0 0 0 0 0 0 0 0 0 1 0 0 0 0 0 0 1 0 0 0 0 0 0 0 0 0   3.000 1 0   0.000 1 1 0 0 268.000 0   0.000 0 1
0 1 0  39.920 0   0.540 0 1 0 0 0 1 0 0 0 0 0 0 0 0 0 0 0 0 0 0 1 0 0 1 0 0 0 0 0 0 0 0 0   0.500 1 1   3.000 0 1 0 0 200.000 0   6.909 1 0
0 1 0  25.670 0   3.250 1 0 0 0 1 0 0 0 1 0 0 0 0 0 0 0 0 0 0 0 0 0 0 0 1 0 0 0 0 0 0 0 0   2.290 0 1   1.000 1 1 0 0 416.000 0   3.091 0 1
1 0 0  21.750 0   1.750 0 1 0 0 0 1 0 0 0 0 0 0 1 0 0 0 0 0 0 0 0 0 0 0 0 0 1 0 0 0 0 0 0   0.000 0 0   0.000 0 1 0 0 160.000 0   0.000 0 1
1 0 0  17.920 0  10.210 1 0 0 0 1 0 0 0 0 0 0 0 0 0 0 0 0 0 0 0 0 1 0 0 0 0 0 0 0 0 1 0 0   0.000 0 0   0.000 0 1 0 0   0.000 0   3.932 0 1
0 1 0  32.750 0   2.335 1 0 0 0 1 0 0 0 0 1 0 0 0 0 0 0 0 0 0 0 0 0 0 0 1 0 0 0 0 0 0 0 0   5.750 0 0   0.000 1 1 0 0 292.000 0   0.000 0 1
1 0 0  33.250 0   2.500 0 1 0 0 0 1 0 0 1 0 0 0 0 0 0 0 0 0 0 0 0 0 0 1 0 0 0 0 0 0 0 0 0   2.500 0 0   0.000 1 1 0 0   0.000 0   1.099 0 1
0 1 0  20.000 0   1.250 0 1 0 0 0 1 0 0 0 0 0 0 0 1 0 0 0 0 0 0 0 0 0 1 0 0 0 0 0 0 0 0 0   0.125 0 0   0.000 0 1 0 0 140.000 0   1.609 0 1
0 1 0  31.250 0   1.125 1 0 0 0 1 0 0 0 0 0 0 0 0 0 0 0 0 0 0 0 0 1 0 0 0 0 0 0 0 0 1 0 0   0.000 0 1   1.000 0 1 0 0  96.000 0   2.996 0 1
0 1 0  30.830 0   0.000 1 0 0 0 1 0 0 0 0 0 0 0 0 0 0 0 0 1 0 0 0 0 0 1 0 0 0 0 0 0 0 0 0   1.250 1 1   1.000 0 1 0 0 202.000 0   0.000 1 0
0 1 0  40.000 0   6.500 1 0 0 0 1 0 0 0 0 0 0 0 0 0 0 0 0 0 0 0 1 0 0 0 0 1 0 0 0 0 0 0 0   3.500 1 1   1.000 0 1 0 0   0.000 0   6.217 1 0
0 1 0  23.080 0   2.500 1 0 0 0 1 0 0 0 0 0 0 0 0 0 0 0 0 0 0 0 0 1 0 0 0 0 0 0 0 0 1 0 0   0.085 0 0   0.000 1 1 0 0 100.000 0   8.345 0 1
1 0 0  15.920 0   2.875 1 0 0 0 1 0 0 0 0 0 0 0 0 0 0 0 1 0 0 0 0 0 0 1 0 0 0 0 0 0 0 0 0   0.085 0 0   0.000 0 1 0 0 120.000 0   0.000 0 1
0 1 0  33.670 0   1.250 1 0 0 0 1 0 0 0 0 0 0 0 0 0 0 0 0 1 0 0 0 0 0 1 0 0 0 0 0 0 0 0 0   1.165 0 0   0.000 0 1 0 0 120.000 0   0.000 0 1
1 0 0  25.750 0   0.500 1 0 0 0 1 0 0 0 1 0 0 0 0 0 0 0 0 0 0 0 0 0 0 0 1 0 0 0 0 0 0 0 0   0.875 1 0   0.000 1 1 0 0 491.000 0   0.000 1 0
0 1 0  21.080 0  10.085 0 1 0 0 0 1 0 0 0 0 0 0 0 0 0 0 0 0 0 1 0 0 0 0 1 0 0 0 0 0 0 0 0   1.250 0 0   0.000 0 1 0 0 260.000 0   0.000 0 1
1 0 0  47.420 0   8.000 1 0 0 0 1 0 0 0 0 0 0 0 0 0 0 0 0 0 0 1 0 0 0 0 0 1 0 0 0 0 0 0 0   6.500 1 1   6.000 0 1 0 0 375.000 0  10.842 1 0
1 0 0  36.580 0   0.290 1 0 0 0 1 0 0 0 0 0 0 0 0 0 0 0 0 0 0 0 0 1 0 0 0 0 0 0 0 0 1 0 0   0.000 0 1  10.000 0 1 0 0 200.000 0   2.944 0 1
0 1 0  18.830 0   3.540 0 1 0 0 0 1 0 0 0 0 0 0 0 0 0 0 0 0 0 0 0 1 0 0 0 0 0 0 0 0 1 0 0   0.000 0 0   0.000 1 1 0 0 180.000 0   0.693 0 1
1 0 0  28.670 0   1.040 1 0 0 0 1 0 0 0 1 0 0 0 0 0 0 0 0 0 0 0 0 0 0 1 0 0 0 0 0 0 0 0 0   2.500 1 1   5.000 1 1 0 0 300.000 0   7.266 1 0
0 1 0  23.330 0  11.625 0 1 0 0 0 1 0 0 0 0 0 0 0 0 0 0 0 1 0 0 0 0 0 1 0 0 0 0 0 0 0 0 0   0.835 1 0   0.000 1 1 0 0 160.000 0   5.707 1 0
0 1 0  22.080 0   2.335 1 0 0 0 1 0 0 0 0 0 0 0 0 1 0 0 0 0 0 0 0 0 0 1 0 0 0 0 0 0 0 0 0   0.750 0 0   0.000 0 1 0 0 180.000 0   0.000 0 1
1 0 0  24.580 0   0.670 1 0 0 0 1 0 0 0 0 0 0 0 0 0 0 0 0 0 0 0 1 0 0 0 1 0 0 0 0 0 0 0 0   1.750 1 0   0.000 0 1 0 0 400.000 0   0.000 0 1
0 1 0  41.420 0   5.000 1 0 0 0 1 0 0 0 0 0 0 0 0 0 0 0 1 0 0 0 0 0 0 0 1 0 0 0 0 0 0 0 0   5.000 1 1   6.000 1 1 0 0 470.000 0   0.000 1 0
0 0 1  32.250 0   1.500 1 0 0 0 1 0 0 0 1 0 0 0 0 0 0 0 0 0 0 0 0 0 0 1 0 0 0 0 0 0 0 0 0   0.250 0 0   0.000 1 1 0 0 372.000 0   4.812 0 1
0 1 0  44.250 0   0.500 1 0 0 0 1 0 0 0 0 0 0 0 0 0 1 0 0 0 0 0 0 0 0 1 0 0 0 0 0 0 0 0 0  10.750 1 0   0.000 0 0 0 1 400.000 0   0.000 0 1
0 1 0  48.170 0   7.625 1 0 0 0 1 0 0 0 0 0 0 0 0 0 0 0 0 1 0 0 0 0 0 0 1 0 0 0 0 0 0 0 0  15.500 1 1  12.000 0 1 0 0   0.000 0   6.673 1 0
0 1 0  56.420 0  28.000 0 1 0 0 0 1 0 0 1 0 0 0 0 0 0 0 0 0 0 0 0 0 0 1 0 0 0 0 0 0 0 0 0  28.500 1 1  40.000 0 1 0 0   0.000 0   2.773 1 0
0 1 0  35.170 0  25.125 1 0 0 0 1 0 0 0 0 0 0 0 0 0 0 0 0 0 1 0 0 0 0 0 1 0 0 0 0 0 0 0 0   1.625 1 1   1.000 1 1 0 0 515.000 0   6.217 1 0
1 0 0  28.580 0   3.540 1 0 0 0 1 0 0 0 0 0 0 1 0 0 0 0 0 0 0 0 0 0 0 0 0 1 0 0 0 0 0 0 0   0.500 1 0   0.000 1 1 0 0 171.000 0   0.000 0 1
1 0 0  25.250 0  13.500 0 1 0 0 0 1 0 0 0 0 0 0 0 0 0 0 0 0 0 0 0 1 0 0 0 0 0 0 0 0 1 0 0   2.000 0 1   1.000 1 1 0 0 200.000 0   0.693 0 1
1 0 0  36.000 0   1.000 1 0 0 0 1 0 0 0 1 0 0 0 0 0 0 0 0 0 0 0 0 0 0 1 0 0 0 0 0 0 0 0 0   2.000 1 1  11.000 0 1 0 0   0.000 0   6.125 1 0
1 0 0  25.170 0   2.875 1 0 0 0 1 0 0 0 0 0 0 0 0 0 0 0 0 0 1 0 0 0 0 0 1 0 0 0 0 0 0 0 0   0.875 1 0   0.000 0 1 0 0 360.000 0   0.000 1 0
1 0 0  15.830 0   0.585 1 0 0 0 1 0 0 0 1 0 0 0 0 0 0 0 0 0 0 0 0 0 0 0 1 0 0 0 0 0 0 0 0   1.500 1 1   2.000 0 1 0 0 100.000 0   0.000 1 0
0 1 0  29.420 0   1.250 1 0 0 0 1 0 0 0 1 0 0 0 0 0 0 0 0 0 0 0 0 0 0 0 1 0 0 0 0 0 0 0 0   0.250 0 1   2.000 1 1 0 0 400.000 0   4.691 0 1
0 1 0  34.420 0   4.250 1 0 0 0 1 0 0 0 0 0 0 1 0 0 0 0 0 0 0 0 0 0 0 0 0 1 0 0 0 0 0 0 0   3.250 1 1   2.000 0 1 0 0 274.000 0   6.415 1 0
0 1 0  17.670 0   4.460 1 0 0 0 1 0 0 0 1 0 0 0 0 0 0 0 0 0 0 0 0 0 0 1 0 0 0 0 0 0 0 0 0   0.250 0 0   0.000 0 0 0 1  80.000 0   0.000 0 1
0 1 0  22.670 0   0.165 1 0 0 0 1 0 0 0 1 0 0 0 0 0 0 0 0 0 0 0 0 0 0 0 0 0 1 0 0 0 0 0 0   2.250 0 0   0.000 1 0 0 1   0.000 0   0.000 1 0
0 1 0  20.420 0   7.000 1 0 0 0 1 0 0 0 1 0 0 0 0 0 0 0 0 0 0 0 0 0 0 1 0 0 0 0 0 0 0 0 0   1.625 1 1   3.000 0 1 0 0 200.000 0   7.238 1 0
1 0 0  33.750 0   0.750 1 0 0 0 1 0 0 0 0 0 0 0 0 1 0 0 0 0 0 0 0 0 0 0 0 1 0 0 0 0 0 0 0   1.000 1 1   3.000 1 1 0 0 212.000 0   0.000 0 1
0 1 0  20.080 0   0.250 1 0 0 0 1 0 0 0 0 0 0 0 0 0 0 0 1 0 0 0 0 0 0 1 0 0 0 0 0 0 0 0 0   0.125 0 0   0.000 0 1 0 0 200.000 0   0.000 0 1
0 1 0  42.750 0   4.085 1 0 0 0 1 0 0 0 0 0 0 0 0 0 0 0 0 0 0 0 1 0 0 1 0 0 0 0 0 0 0 0 0   0.040 0 0   0.000 0 1 0 0 108.000 0   4.615 0 1
1 0 0  24.750 0   3.000 1 0 0 0 1 0 0 0 0 0 0 0 0 0 0 0 1 0 0 0 0 0 0 0 1 0 0 0 0 0 0 0 0   1.835 1 1  19.000 0 1 0 0   0.000 0   6.217 1 0
1 0 0  47.750 0   8.000 1 0 0 0 1 0 0 0 1 0 0 0 0 0 0 0 0 0 0 0 0 0 0 1 0 0 0 0 0 0 0 0 0   7.875 1 1   6.000 1 1 0 0   0.000 0   7.140 1 0
0 1 0  20.170 0   5.625 1 0 0 0 1 0 0 0 0 0 0 0 0 0 0 0 0 1 0 0 0 0 0 1 0 0 0 0 0 0 0 0 0   1.710 1 0   0.000 0 0 0 1 120.000 0   0.000 1 0
0 1 0  29.670 0   1.415 1 0 0 0 1 0 0 0 0 0 0 0 0 0 0 0 0 1 0 0 0 0 0 0 1 0 0 0 0 0 0 0 0   0.750 1 1   1.000 0 1 0 0 240.000 0   4.615 1 0
0 1 0  34.000 0   4.500 1 0 0 0 1 0 0 0 0 0 0 0 0 0 0 0 0 0 0 0 1 0 0 1 0 0 0 0 0 0 0 0 0   1.000 1 0   0.000 1 1 0 0 240.000 0   0.000 0 1
0 1 0  23.250 0   4.000 1 0 0 0 1 0 0 0 1 0 0 0 0 0 0 0 0 0 0 0 0 0 0 0 0 1 0 0 0 0 0 0 0   0.250 1 0   0.000 1 1 0 0 160.000 0   0.000 1 0
0 1 0  59.670 0   1.540 1 0 0 0 1 0 0 0 0 0 0 0 0 0 0 0 1 0 0 0 0 0 0 1 0 0 0 0 0 0 0 0 0   0.125 1 0   0.000 1 1 0 0 260.000 0   0.000 1 0
0 1 0  47.670 0   2.500 1 0 0 0 1 0 0 0 0 0 0 0 0 0 1 0 0 0 0 0 0 0 0 0 0 1 0 0 0 0 0 0 0   2.500 1 1  12.000 1 1 0 0 410.000 0   7.828 1 0
0 1 0  27.750 0   0.585 0 1 0 0 0 1 0 0 0 0 1 0 0 0 0 0 0 0 0 0 0 0 0 1 0 0 0 0 0 0 0 0 0   0.250 1 1   2.000 0 1 0 0 260.000 0   6.217 1 0
0 1 0  28.920 0   0.375 1 0 0 0 1 0 0 0 1 0 0 0 0 0 0 0 0 0 0 0 0 0 0 1 0 0 0 0 0 0 0 0 0   0.290 0 0   0.000 0 1 0 0 220.000 0   4.949 0 1
0 1 0  56.750 0  12.250 1 0 0 0 1 0 0 0 0 0 0 0 0 0 1 0 0 0 0 0 0 0 0 1 0 0 0 0 0 0 0 0 0   1.250 1 1   4.000 1 1 0 0 200.000 0   0.000 1 0
1 0 0  30.250 0   5.500 1 0 0 0 1 0 0 0 0 0 0 0 0 1 0 0 0 0 0 0 0 0 0 1 0 0 0 0 0 0 0 0 0   5.500 0 0   0.000 1 0 0 1 100.000 0   0.000 0 1
1 0 0  22.750 0   6.165 1 0 0 0 1 0 0 0 0 0 0 0 0 0 0 0 0 0 0 0 1 0 0 1 0 0 0 0 0 0 0 0 0   0.165 0 0   0.000 0 1 0 0 220.000 0   6.909 0 1
0 1 0  19.500 0   9.585 1 0 0 0 1 0 0 0 0 0 0 0 0 0 0 0 0 0 0 0 1 0 0 1 0 0 0 0 0 0 0 0 0   0.790 0 0   0.000 0 1 0 0  80.000 0   5.861 0 1
1 0 0  24.330 0   2.500 0 1 0 0 0 1 0 0 0 0 0 1 0 0 0 0 0 0 0 0 0 0 0 0 0 1 0 0 0 0 0 0 0   4.500 0 0   0.000 0 1 0 0 200.000 0   6.125 0 1
1 0 0  33.250 0   3.000 0 1 0 0 0 1 0 0 0 0 0 0 0 0 0 0 0 0 0 0 1 0 0 1 0 0 0 0 0 0 0 0 0   2.000 0 0   0.000 0 1 0 0 180.000 0   0.000 0 1
0 1 0  21.080 0   4.125 0 1 0 0 0 1 0 0 0 0 0 1 0 0 0 0 0 0 0 0 0 0 0 0 1 0 0 0 0 0 0 0 0   0.040 0 0   0.000 0 1 0 0 140.000 0   4.615 0 1
1 0 0  16.500 0   1.250 1 0 0 0 1 0 0 0 0 0 0 0 0 0 0 0 1 0 0 0 0 0 0 1 0 0 0 0 0 0 0 0 0   0.250 0 1   1.000 0 1 0 0 108.000 0   4.595 0 1
0 1 0  20.420 0   1.835 1 0 0 0 1 0 0 0 1 0 0 0 0 0 0 0 0 0 0 0 0 0 0 1 0 0 0 0 0 0 0 0 0   2.250 1 1   1.000 0 1 0 0 100.000 0   5.017 1 0
0 1 0  41.170 0   4.040 1 0 0 0 1 0 0 0 0 0 1 0 0 0 0 0 0 0 0 0 0 0 0 0 1 0 0 0 0 0 0 0 0   7.000 1 1   8.000 0 1 0 0 320.000 0   0.000 1 0
1 0 0  60.580 0  16.500 1 0 0 0 1 0 0 0 0 0 0 0 0 0 0 0 1 0 0 0 0 0 0 1 0 0 0 0 0 0 0 0 0  11.000 1 0   0.000 1 1 0 0  21.000 0   9.265 1 0
0 1 0  34.000 0   5.085 0 1 0 0 0 1 0 0 0 0 0 1 0 0 0 0 0 0 0 0 0 0 0 0 0 1 0 0 0 0 0 0 0   1.085 0 0   0.000 1 1 0 0 480.000 0   0.000 0 1
0 1 0  43.250 0   3.000 1 0 0 0 1 0 0 0 0 0 0 0 0 0 0 0 1 0 0 0 0 0 0 0 1 0 0 0 0 0 0 0 0   6.000 1 1  11.000 0 1 0 0  80.000 0   0.000 1 0
0 1 0  23.580 0   0.460 0 1 0 0 0 1 0 0 0 0 0 0 0 0 0 0 0 1 0 0 0 0 0 1 0 0 0 0 0 0 0 0 0   2.625 1 1   6.000 1 1 0 0 208.000 0   5.852 0 1
0 1 0  50.750 0   0.585 1 0 0 0 1 0 0 0 0 0 0 0 0 0 0 0 0 0 0 0 0 1 0 0 0 0 0 0 0 0 1 0 0   0.000 0 0   0.000 0 1 0 0 145.000 0   0.000 0 1
0 1 0  39.920 0   6.210 1 0 0 0 1 0 0 0 0 0 0 0 0 0 0 0 1 0 0 0 0 0 0 1 0 0 0 0 0 0 0 0 0   0.040 1 1   1.000 0 1 0 0 200.000 0   5.707 1 0
0 1 0  26.170 0  12.500 0 1 0 0 0 1 0 0 0 0 0 0 0 1 0 0 0 0 0 0 0 0 0 0 1 0 0 0 0 0 0 0 0   1.250 0 0   0.000 1 1 0 0   0.000 0   2.890 0 1
1 0 0  19.670 0   0.210 1 0 0 0 1 0 0 0 0 0 0 0 0 0 0 0 1 0 0 0 0 0 0 0 1 0 0 0 0 0 0 0 0   0.290 1 1  11.000 0 1 0 0  80.000 0   4.605 1 0
0 1 0  22.580 0   1.500 0 1 0 0 0 1 0 0 0 0 0 0 0 0 0 0 0 0 0 0 1 0 0 1 0 0 0 0 0 0 0 0 0   0.540 0 0   0.000 1 1 0 0 120.000 0   4.220 0 1
0 1 0  19.420 0   7.250 1 0 0 0 1 0 0 0 0 0 0 0 0 0 1 0 0 0 0 0 0 0 0 1 0 0 0 0 0 0 0 0 0   0.040 0 1   1.000 0 1 0 0 100.000 0   0.693 0 1
0 1 0 0 1   0.500 1 0 0 0 1 0 0 0 1 0 0 0 0 0 0 0 0 0 0 0 0 0 0 0 0 1 0 0 0 0 0 0 0   0.835 1 0   0.000 1 0 0 1 320.000 0   0.000 0 1
0 1 0  23.080 0   0.000 1 0 0 0 1 0 0 0 0 0 0 0 0 1 0 0 0 0 0 0 0 0 0 1 0 0 0 0 0 0 0 0 0   1.000 0 1  11.000 0 0 0 1   0.000 0   0.000 0 1
1 0 0  23.250 0   5.875 1 0 0 0 1 0 0 0 0 0 0 0 0 0 0 0 1 0 0 0 0 0 0 1 0 0 0 0 0 0 0 0 0   3.170 1 1  10.000 0 1 0 0 120.000 0   5.505 1 0
0 1 0  32.420 0   2.165 0 1 0 0 0 1 0 0 0 0 0 0 0 1 0 0 0 0 0 0 0 0 0 0 0 0 0 0 0 0 1 0 0   0.000 0 0   0.000 0 1 0 0 120.000 0   0.000 0 1
0 1 0  20.250 0   9.960 1 0 0 0 1 0 0 0 0 0 0 0 0 0 0 0 0 0 0 1 0 0 0 0 0 0 0 0 0 1 0 0 0   0.000 1 0   0.000 0 1 0 0   0.000 0   0.000 1 0
0 1 0  35.000 0   2.500 1 0 0 0 1 0 0 0 0 0 0 1 0 0 0 0 0 0 0 0 0 0 0 1 0 0 0 0 0 0 0 0 0   1.000 0 0   0.000 1 1 0 0 210.000 0   0.000 0 1
1 0 0  23.580 0  11.500 0 1 0 0 0 1 0 0 0 0 0 0 0 1 0 0 0 0 0 0 0 0 0 0 1 0 0 0 0 0 0 0 0   3.000 0 0   0.000 1 1 0 0  20.000 0   2.833 0 1
1 0 0  22.920 0  11.585 1 0 0 0 1 0 0 0 0 0 1 0 0 0 0 0 0 0 0 0 0 0 0 1 0 0 0 0 0 0 0 0 0   0.040 1 0   0.000 0 1 0 0  80.000 0   7.208 1 0
0 1 0  32.080 0   4.000 0 1 0 0 0 1 0 0 0 0 1 0 0 0 0 0 0 0 0 0 0 0 0 1 0 0 0 0 0 0 0 0 0   1.500 0 0   0.000 1 1 0 0 120.000 0   0.000 0 1
1 0 0  41.170 0   6.500 1 0 0 0 1 0 0 0 0 0 0 0 0 0 0 0 1 0 0 0 0 0 0 1 0 0 0 0 0 0 0 0 0   0.500 1 1   3.000 1 1 0 0 145.000 0   0.000 1 0
0 1 0  39.330 0   5.875 1 0 0 0 1 0 0 0 0 0 1 0 0 0 0 0 0 0 0 0 0 0 0 0 1 0 0 0 0 0 0 0 0  10.000 1 1  14.000 1 1 0 0 399.000 0   0.000 1 0
0 1 0  23.170 0  11.125 1 0 0 0 1 0 0 0 0 0 0 0 0 0 0 0 0 0 1 0 0 0 0 0 1 0 0 0 0 0 0 0 0   0.460 1 1   1.000 0 1 0 0 100.000 0   0.000 1 0
0 1 0  27.830 0   4.000 0 1 0 0 0 1 0 0 0 0 0 1 0 0 0 0 0 0 0 0 0 0 0 0 1 0 0 0 0 0 0 0 0   5.750 1 1   2.000 1 1 0 0  75.000 0   0.000 0 1
1 0 0  20.750 0   9.540 1 0 0 0 1 0 0 0 0 0 0 1 0 0 0 0 0 0 0 0 0 0 0 1 0 0 0 0 0 0 0 0 0   0.040 0 0   0.000 0 1 0 0 200.000 0   6.909 0 1
1 0 0  31.250 0   3.750 1 0 0 0 1 0 0 0 0 0 1 0 0 0 0 0 0 0 0 0 0 0 0 0 1 0 0 0 0 0 0 0 0   0.625 1 1   9.000 1 1 0 0 181.000 0   0.000 1 0
1 0 0  57.580 0   2.000 1 0 0 0 1 0 0 0 0 0 0 0 0 0 0 0 0 0 0 0 0 1 0 0 0 0 0 0 0 0 1 0 0   6.500 0 1   1.000 0 1 0 0   0.000 0   2.398 0 1
0 1 0  22.250 0   9.000 1 0 0 0 1 0 0 0 0 0 0 0 0 0 0 0 0 0 0 0 1 0 0 1 0 0 0 0 0 0 0 0 0   0.085 0 0   0.000 0 1 0 0   0.000 0   0.000 0 1
0 1 0  43.170 0   5.000 1 0 0 0 1 0 0 0 0 0 0 1 0 0 0 0 0 0 0 0 0 0 0 0 0 1 0 0 0 0 0 0 0   2.250 0 0   0.000 1 1 0 0 141.000 0   0.000 0 1
0 1 0  23.500 0   2.750 1 0 0 0 1 0 0 0 0 0 0 0 0 0 0 0 0 0 0 0 0 1 0 0 0 0 0 0 0 0 1 0 0   4.500 0 0   0.000 0 1 0 0 160.000 0   3.258 0 1
0 1 0  54.580 0   9.415 1 0 0 0 1 0 0 0 0 0 0 0 0 0 0 0 0 0 0 0 0 1 0 0 0 0 0 0 0 0 1 0 0  14.415 1 1  11.000 1 1 0 0  30.000 0   5.707 1 0
0 1 0  40.580 0   3.290 1 0 0 0 1 0 0 0 0 0 0 0 0 0 1 0 0 0 0 0 0 0 0 1 0 0 0 0 0 0 0 0 0   3.500 0 0   0.000 1 0 0 1 400.000 0   0.000 0 1
0 1 0  34.170 0   1.540 1 0 0 0 1 0 0 0 0 0 1 0 0 0 0 0 0 0 0 0 0 0 0 1 0 0 0 0 0 0 0 0 0   1.540 1 1   1.000 1 1 0 0 520.000 0  10.820 1 0
0 1 0  25.500 0   0.375 1 0 0 0 1 0 0 0 0 0 0 0 0 0 1 0 0 0 0 0 0 0 0 1 0 0 0 0 0 0 0 0 0   0.250 1 1   3.000 0 1 0 0 260.000 0   9.623 1 0
1 0 0  24.500 0   0.500 1 0 0 0 1 0 0 0 0 0 0 0 0 0 0 0 1 0 0 0 0 0 0 0 1 0 0 0 0 0 0 0 0   1.500 1 0   0.000 0 1 0 0 280.000 0   6.715 1 0
1 0 0  60.920 0   5.000 1 0 0 0 1 0 0 0 0 0 0 0 0 0 0 0 0 0 0 0 1 0 0 1 0 0 0 0 0 0 0 0 0   4.000 1 1   4.000 0 1 0 0   0.000 0   4.605 1 0
0 1 0  34.670 0   1.080 1 0 0 0 1 0 0 0 0 0 0 0 0 0 1 0 0 0 0 0 0 0 0 1 0 0 0 0 0 0 0 0 0   1.165 0 0   0.000 0 0 0 1  28.000 0   0.000 0 1
0 1 0  18.830 0   0.000 1 0 0 0 1 0 0 0 0 0 0 0 0 0 0 0 1 0 0 0 0 0 0 1 0 0 0 0 0 0 0 0 0   0.665 0 0   0.000 0 1 0 0 160.000 0   0.693 0 1
0 1 0  25.000 0  12.500 1 0 0 0 1 0 0 0 0 0 0 0 0 0 0 0 0 0 0 0 1 0 0 1 0 0 0 0 0 0 0 0 0   3.000 1 0   0.000 1 0 0 1  20.000 0   0.000 1 0
1 0 0  25.420 0   1.125 1 0 0 0 1 0 0 0 0 0 0 0 0 0 0 0 1 0 0 0 0 0 0 1 0 0 0 0 0 0 0 0 0   1.290 1 1   2.000 0 1 0 0 200.000 0   0.000 0 1
0 1 0  21.330 0  10.500 1 0 0 0 1 0 0 0 1 0 0 0 0 0 0 0 0 0 0 0 0 0 0 1 0 0 0 0 0 0 0 0 0   3.000 1 0   0.000 1 1 0 0   0.000 0   0.000 1 0
1 0 0  27.580 0   3.000 1 0 0 0 1 0 0 0 0 0 0 0 0 0 1 0 0 0 0 0 0 0 0 1 0 0 0 0 0 0 0 0 0   2.790 0 1   1.000 1 1 0 0 280.000 0   2.398 0 1
0 1 0  39.580 0   5.000 1 0 0 0 1 0 0 0 0 0 0 0 0 0 0 0 0 0 0 0 0 1 0 0 0 0 0 0 0 0 1 0 0   0.000 0 1   2.000 0 1 0 0  17.000 0   0.693 0 1
0 1 0  18.670 0   5.000 1 0 0 0 1 0 0 0 0 0 0 0 0 0 0 0 1 0 0 0 0 0 0 1 0 0 0 0 0 0 0 0 0   0.375 1 1   2.000 0 1 0 0   0.000 0   3.664 0 1
0 1 0  39.920 0   5.000 1 0 0 0 1 0 0 0 0 0 0 1 0 0 0 0 0 0 0 0 0 0 0 0 0 1 0 0 0 0 0 0 0   0.210 0 0   0.000 0 1 0 0 550.000 0   0.000 0 1
0 1 0  18.500 0   2.000 1 0 0 0 1 0 0 0 0 0 0 1 0 0 0 0 0 0 0 0 0 0 0 1 0 0 0 0 0 0 0 0 0   1.500 1 1   2.000 0 1 0 0 120.000 0   5.707 1 0
1 0 0  29.500 0   1.085 0 1 0 0 0 1 0 0 0 0 0 0 0 0 0 0 0 0 1 0 0 0 0 1 0 0 0 0 0 0 0 0 0   1.000 0 0   0.000 0 1 0 0 280.000 0   2.639 0 1
0 1 0  39.250 0   9.500 1 0 0 0 1 0 0 0 0 0 0 0 0 0 1 0 0 0 0 0 0 0 0 1 0 0 0 0 0 0 0 0 0   6.500 1 1  14.000 0 1 0 0 240.000 0   8.436 1 0
0 1 0  38.420 0   0.705 1 0 0 0 1 0 0 0 1 0 0 0 0 0 0 0 0 0 0 0 0 0 0 1 0 0 0 0 0 0 0 0 0   0.375 0 1   2.000 0 1 0 0 225.000 0   6.217 0 1
0 1 0  26.670 0   2.710 0 1 0 0 0 1 0 0 0 0 1 0 0 0 0 0 0 0 0 0 0 0 0 1 0 0 0 0 0 0 0 0 0   5.250 1 1   1.000 0 1 0 0 211.000 0   0.000 1 0
1 0 0  17.920 0   0.540 1 0 0 0 1 0 0 0 1 0 0 0 0 0 0 0 0 0 0 0 0 0 0 1 0 0 0 0 0 0 0 0 0   1.750 0 1   1.000 1 1 0 0  80.000 0   1.792 0 1
0 1 0  34.170 0   9.170 1 0 0 0 1 0 0 0 1 0 0 0 0 0 0 0 0 0 0 0 0 0 0 1 0 0 0 0 0 0 0 0 0   4.500 1 1  12.000 1 1 0 0   0.000 0   5.403 1 0
0 1 0  33.500 0   1.750 1 0 0 0 1 0 0 0 0 0 0 0 0 0 0 0 0 0 1 0 0 0 0 0 1 0 0 0 0 0 0 0 0   4.500 1 1   4.000 1 1 0 0 253.000 0   6.755 1 0
1 0 0 0 1  11.250 1 0 0 0 1 0 0 0 0 0 0 0 0 0 0 0 0 0 0 0 0 1 0 0 0 0 0 0 0 0 1 0 0   0.000 0 0   0.000 0 1 0 0 0 1   8.557 0 1
1 0 0  21.920 0  11.665 1 0 0 0 1 0 0 0 0 0 0 0 0 1 0 0 0 0 0 0 0 0 0 0 1 0 0 0 0 0 0 0 0   0.085 0 0   0.000 0 1 0 0 320.000 0   1.792 0 1
1 0 0  22.420 0   5.665 1 0 0 0 1 0 0 0 0 0 0 0 0 0 0 0 1 0 0 0 0 0 0 1 0 0 0 0 0 0 0 0 0   2.585 1 1   7.000 0 1 0 0 129.000 0   8.089 1 0
0 1 0  39.420 0   1.710 0 1 0 0 0 1 0 0 0 0 0 0 0 0 1 0 0 0 0 0 0 0 0 1 0 0 0 0 0 0 0 0 0   0.165 0 0   0.000 0 0 0 1 400.000 0   0.000 0 1
0 1 0  13.750 0   4.000 0 1 0 0 0 1 0 0 0 0 0 0 0 0 0 0 0 1 0 0 0 0 0 1 0 0 0 0 0 0 0 0 0   1.750 1 1   2.000 1 1 0 0 120.000 0   6.909 1 0
0 1 0  30.330 0   0.500 1 0 0 0 1 0 0 0 0 1 0 0 0 0 0 0 0 0 0 0 0 0 0 0 1 0 0 0 0 0 0 0 0   0.085 0 0   0.000 1 0 0 1 252.000 0   0.000 0 1
0 1 0  20.750 0   5.085 0 1 0 0 0 1 0 0 0 0 0 0 1 0 0 0 0 0 0 0 0 0 0 1 0 0 0 0 0 0 0 0 0   0.290 0 0   0.000 0 1 0 0 140.000 0   5.220 0 1
0 1 0  18.830 0   0.415 0 1 0 0 0 1 0 0 1 0 0 0 0 0 0 0 0 0 0 0 0 0 0 1 0 0 0 0 0 0 0 0 0   0.165 0 1   1.000 0 1 0 0 200.000 0   0.693 0 1
0 1 0  23.250 0   1.000 1 0 0 0 1 0 0 0 1 0 0 0 0 0 0 0 0 0 0 0 0 0 0 1 0 0 0 0 0 0 0 0 0   0.835 1 0   0.000 0 0 0 1 300.000 0   0.000 1 0
1 0 0  47.000 0  13.000 1 0 0 0 1 0 0 0 0 0 0 1 0 0 0 0 0 0 0 0 0 0 0 0 0 1 0 0 0 0 0 0 0   5.165 1 1   9.000 1 1 0 0   0.000 0   0.000 1 0
0 1 0  34.500 0   4.040 0 1 0 0 0 1 0 0 0 0 0 1 0 0 0 0 0 0 0 0 0 0 0 0 0 1 0 0 0 0 0 0 0   8.500 1 1   7.000 1 1 0 0 195.000 0   0.000 1 0
0 1 0  20.000 0  11.045 1 0 0 0 1 0 0 0 1 0 0 0 0 0 0 0 0 0 0 0 0 0 0 1 0 0 0 0 0 0 0 0 0   2.000 0 0   0.000 1 1 0 0 136.000 0   0.000 0 1
0 1 0  39.500 0   1.625 1 0 0 0 1 0 0 0 1 0 0 0 0 0 0 0 0 0 0 0 0 0 0 1 0 0 0 0 0 0 0 0 0   1.500 0 0   0.000 0 1 0 0   0.000 0   5.759 0 1
1 0 0  45.830 0  10.500 1 0 0 0 1 0 0 0 0 0 0 0 0 0 0 0 1 0 0 0 0 0 0 1 0 0 0 0 0 0 0 0 0   5.000 1 1   7.000 1 1 0 0   0.000 0   0.000 1 0
0 1 0  16.330 0   4.085 1 0 0 0 1 0 0 0 0 0 0 1 0 0 0 0 0 0 0 0 0 0 0 0 1 0 0 0 0 0 0 0 0   0.415 0 0   0.000 1 1 0 0 120.000 0   0.000 0 1
0 1 0  30.670 0   2.500 1 0 0 0 1 0 0 0 0 0 1 0 0 0 0 0 0 0 0 0 0 0 0 0 1 0 0 0 0 0 0 0 0   2.250 0 0   0.000 1 0 0 1 340.000 0   0.000 0 1
1 0 0  25.580 0   0.000 0 0 0 1 0 0 0 1 0 0 0 0 0 0 0 0 0 0 0 0 0 0 1 0 0 0 0 0 0 0 0 0 1   0.000 0 0   0.000 0 0 1 0 0 1   0.000 1 0
0 1 0  18.170 0  10.250 1 0 0 0 1 0 0 0 1 0 0 0 0 0 0 0 0 0 0 0 0 0 0 0 1 0 0 0 0 0 0 0 0   1.085 0 0   0.000 0 1 0 0 320.000 0   2.639 0 1
0 1 0  17.080 0   0.085 0 1 0 0 0 1 0 0 1 0 0 0 0 0 0 0 0 0 0 0 0 0 0 1 0 0 0 0 0 0 0 0 0   0.040 0 0   0.000 0 1 0 0 140.000 0   6.583 0 1
1 0 0  20.750 0  10.250 1 0 0 0 1 0 0 0 0 0 0 0 0 0 0 0 1 0 0 0 0 0 0 1 0 0 0 0 0 0 0 0 0   0.710 1 1   2.000 1 1 0 0  49.000 0   0.000 1 0
0 1 0  36.750 0   0.125 0 1 0 0 0 1 0 0 1 0 0 0 0 0 0 0 0 0 0 0 0 0 0 1 0 0 0 0 0 0 0 0 0   1.500 0 0   0.000 1 1 0 0 232.000 0   4.736 1 0
0 1 0  25.250 0   1.000 1 0 0 0 1 0 0 0 0 0 0 0 0 0 0 0 0 0 0 0 1 0 0 1 0 0 0 0 0 0 0 0 0   0.500 0 0   0.000 0 1 0 0 200.000 0   0.000 0 1
1 0 0  19.580 0   0.665 1 0 0 0 1 0 0 0 0 0 0 0 0 0 0 0 0 1 0 0 0 0 0 1 0 0 0 0 0 0 0 0 0   1.665 0 0   0.000 0 1 0 0 220.000 0   1.792 0 1
0 1 0  39.000 0   5.000 1 0 0 0 1 0 0 0 0 0 1 0 0 0 0 0 0 0 0 0 0 0 0 1 0 0 0 0 0 0 0 0 0   3.500 1 1  10.000 1 1 0 0   0.000 0   0.000 1 0
0 1 0  23.420 0   0.585 1 0 0 0 1 0 0 0 1 0 0 0 0 0 0 0 0 0 0 0 0 0 0 0 1 0 0 0 0 0 0 0 0   0.085 1 0   0.000 0 1 0 0 180.000 0   0.000 0 1
1 0 0  28.500 0   3.040 0 1 0 0 0 1 0 0 0 0 0 0 0 0 0 0 0 0 1 0 0 0 0 0 1 0 0 0 0 0 0 0 0   2.540 1 1   1.000 0 1 0 0  70.000 0   0.000 1 0
0 1 0  31.580 0   0.750 0 1 0 0 0 1 0 0 0 0 0 0 0 0 0 0 0 0 0 0 1 0 0 1 0 0 0 0 0 0 0 0 0   3.500 0 0   0.000 1 1 0 0 320.000 0   0.000 0 1
0 1 0  40.580 0   1.500 1 0 0 0 1 0 0 0 0 0 0 1 0 0 0 0 0 0 0 0 0 0 0 0 0 1 0 0 0 0 0 0 0   0.000 0 0   0.000 0 0 0 1 300.000 0   0.000 0 1
1 0 0  39.080 0   4.000 1 0 0 0 1 0 0 0 1 0 0 0 0 0 0 0 0 0 0 0 0 0 0 1 0 0 0 0 0 0 0 0 0   3.000 0 0   0.000 0 1 0 0 480.000 0   0.000 0 1
0 1 0 0 1   0.040 0 1 0 0 0 1 0 0 0 1 0 0 0 0 0 0 0 0 0 0 0 0 0 1 0 0 0 0 0 0 0 0 0   4.250 0 0   0.000 1 1 0 0 460.000 0   0.000 0 1
1 0 0  27.170 0   1.250 1 0 0 0 1 0 0 0 0 0 0 0 0 0 0 0 0 0 0 0 0 1 0 0 0 0 0 0 0 0 1 0 0   0.000 0 1   1.000 0 1 0 0  92.000 0   5.707 0 1
1 0 0  35.750 0   0.915 1 0 0 0 1 0 0 0 0 0 0 0 0 0 0 0 0 0 0 0 1 0 0 1 0 0 0 0 0 0 0 0 0   0.750 1 1   4.000 0 1 0 0   0.000 0   7.368 1 0
1 0 0  23.500 0   9.000 1 0 0 0 1 0 0 0 0 0 0 0 0 0 0 0 1 0 0 0 0 0 0 1 0 0 0 0 0 0 0 0 0   8.500 1 1   5.000 1 1 0 0 120.000 0   0.000 1 0
1 0 0  18.250 0  10.000 1 0 0 0 1 0 0 0 0 0 0 0 0 0 0 0 0 1 0 0 0 0 0 1 0 0 0 0 0 0 0 0 0   1.000 0 1   1.000 0 1 0 0 120.000 0   0.693 0 1
0 1 0 0 1   4.000 0 1 0 0 0 1 0 0 0 0 0 1 0 0 0 0 0 0 0 0 0 0 0 1 0 0 0 0 0 0 0 0 0   0.085 0 0   0.000 1 1 0 0 411.000 0   0.000 0 1
1 0 0  16.000 0   0.165 1 0 0 0 1 0 0 0 0 0 0 0 0 0 0 0 0 0 0 0 1 0 0 1 0 0 0 0 0 0 0 0 0   1.000 0 1   2.000 1 1 0 0 320.000 0   0.693 0 1
0 1 0  28.580 0   3.625 1 0 0 0 1 0 0 0 0 0 0 0 0 0 0 0 0 0 0 0 1 0 0 1 0 0 0 0 0 0 0 0 0   0.250 0 0   0.000 1 1 0 0 100.000 0   0.000 0 1
0 1 0  17.500 0  22.000 0 0 1 0 0 0 1 0 0 0 0 0 0 0 0 0 0 0 0 0 0 1 0 0 0 0 0 0 0 0 0 1 0   0.000 0 0   0.000 1 0 1 0 450.000 0  11.513 1 0
0 1 0  22.920 0   0.170 1 0 0 0 1 0 0 0 0 0 0 0 0 0 1 0 0 0 0 0 0 0 0 1 0 0 0 0 0 0 0 0 0   0.085 0 0   0.000 0 0 0 1   0.000 0   0.000 0 1
0 1 0  27.250 0   0.625 1 0 0 0 1 0 0 0 0 0 0 0 0 0 0 0 0 0 0 0 1 0 0 1 0 0 0 0 0 0 0 0 0   0.455 1 0   0.000 1 1 0 0 200.000 0   0.000 0 1
1 0 0  22.500 0   0.415 1 0 0 0 1 0 0 0 0 0 0 1 0 0 0 0 0 0 0 0 0 0 0 1 0 0 0 0 0 0 0 0 0   0.335 0 0   0.000 1 0 0 1 144.000 0   0.000 0 1
0 1 0  18.330 0   1.210 0 1 0 0 0 1 0 0 0 0 0 0 0 0 0 0 0 0 0 1 0 0 0 0 0 0 0 0 0 1 0 0 0   0.000 0 0   0.000 0 1 0 0 100.000 0   0.000 0 1
0 1 0  16.500 0   0.125 1 0 0 0 1 0 0 0 1 0 0 0 0 0 0 0 0 0 0 0 0 0 0 1 0 0 0 0 0 0 0 0 0   0.165 0 0   0.000 0 1 0 0 132.000 0   0.000 0 1
0 1 0  20.670 0   5.290 1 0 0 0 1 0 0 0 0 0 0 0 0 0 0 0 1 0 0 0 0 0 0 1 0 0 0 0 0 0 0 0 0   0.375 1 1   1.000 0 1 0 0 160.000 0   0.000 0 1
0 1 0  48.080 0   6.040 1 0 0 0 1 0 0 0 0 0 0 0 0 1 0 0 0 0 0 0 0 0 0 1 0 0 0 0 0 0 0 0 0   0.040 0 0   0.000 0 1 0 0   0.000 0   7.898 1 0
0 1 0  25.170 0   6.000 1 0 0 0 1 0 0 0 1 0 0 0 0 0 0 0 0 0 0 0 0 0 0 1 0 0 0 0 0 0 0 0 0   1.000 1 1   3.000 0 1 0 0   0.000 0   0.000 1 0
1 0 0  28.580 0   3.750 1 0 0 0 1 0 0 0 1 0 0 0 0 0 0 0 0 0 0 0 0 0 0 1 0 0 0 0 0 0 0 0 0   0.250 0 1   1.000 1 1 0 0  40.000 0   5.043 0 1
0 1 0  36.670 0   4.415 0 1 0 0 0 1 0 0 0 0 0 0 0 1 0 0 0 0 0 0 0 0 0 1 0 0 0 0 0 0 0 0 0   0.250 1 1  10.000 1 1 0 0 320.000 0   0.000 1 0
0 1 0  42.830 0   1.250 1 0 0 0 1 0 0 0 0 0 0 0 0 0 1 0 0 0 0 0 0 0 0 1 0 0 0 0 0 0 0 0 0  13.875 0 1   1.000 1 1 0 0 352.000 0   4.727 0 1
0 1 0  21.830 0   1.540 1 0 0 0 1 0 0 0 0 0 0 0 0 1 0 0 0 0 0 0 0 0 0 1 0 0 0 0 0 0 0 0 0   0.085 0 0   0.000 1 1 0 0 356.000 0   0.000 0 1
0 1 0  47.670 0   0.290 1 0 0 0 1 0 0 0 1 0 0 0 0 0 0 0 0 0 0 0 0 0 0 0 0 1 0 0 0 0 0 0 0  15.000 1 1  20.000 0 1 0 0   0.000 0   9.616 1 0
1 0 0  18.830 0   9.500 1 0 0 0 1 0 0 0 0 0 0 0 0 0 0 0 0 1 0 0 0 0 0 1 0 0 0 0 0 0 0 0 0   1.625 1 1   6.000 1 1 0 0  40.000 0   6.399 1 0
1 0 0  37.750 0   5.500 1 0 0 0 1 0 0 0 0 0 0 0 0 0 0 0 1 0 0 0 0 0 0 1 0 0 0 0 0 0 0 0 0   0.125 1 0   0.000 1 1 0 0 228.000 0   0.000 1 0
1 0 0  41.330 0   1.000 1 0 0 0 1 0 0 0 0 0 0 1 0 0 0 0 0 0 0 0 0 0 0 0 0 1 0 0 0 0 0 0 0   2.250 1 0   0.000 1 1 0 0   0.000 0   5.707 1 0
0 1 0  21.170 0   0.875 0 1 0 0 0 1 0 0 1 0 0 0 0 0 0 0 0 0 0 0 0 0 0 0 1 0 0 0 0 0 0 0 0   0.250 0 0   0.000 0 1 0 0 280.000 0   5.323 0 1
0 1 0  23.080 0   2.500 1 0 0 0 1 0 0 0 1 0 0 0 0 0 0 0 0 0 0 0 0 0 0 1 0 0 0 0 0 0 0 0 0   1.085 1 1  11.000 1 1 0 0  60.000 0   7.689 1 0
0 1 0  23.330 0   1.500 1 0 0 0 1 0 0 0 1 0 0 0 0 0 0 0 0 0 0 0 0 0 0 0 1 0 0 0 0 0 0 0 0   1.415 1 0   0.000 0 1 0 0 422.000 0   5.303 1 0
0 1 0  49.170 0   2.290 1 0 0 0 1 0 0 0 0 0 0 0 0 0 0 0 0 0 0 0 0 1 0 0 0 0 0 0 0 0 1 0 0   0.290 0 0   0.000 0 1 0 0 200.000 0   1.386 0 1
0 1 0 0 1   4.000 1 0 0 0 1 0 0 0 0 0 0 0 0 0 0 0 0 0 1 0 0 0 0 1 0 0 0 0 0 0 0 0 0   5.000 1 1   3.000 1 1 0 0 290.000 0   7.732 1 0
0 1 0  39.080 0   6.000 1 0 0 0 1 0 0 0 0 0 0 0 0 0 1 0 0 0 0 0 0 0 0 1 0 0 0 0 0 0 0 0 0   1.290 1 1   5.000 1 1 0 0 108.000 0   7.001 1 0
0 1 0  34.420 0   1.335 1 0 0 0 1 0 0 0 0 0 0 1 0 0 0 0 0 0 0 0 0 0 0 0 0 1 0 0 0 0 0 0 0   0.125 0 0   0.000 1 1 0 0 440.000 0   8.412 0 1
0 1 0  43.250 0  25.210 1 0 0 0 1 0 0 0 0 0 0 0 0 0 0 0 1 0 0 0 0 0 0 0 1 0 0 0 0 0 0 0 0   0.210 1 1   1.000 0 1 0 0 760.000 0   4.511 0 1
0 1 0  17.080 0   3.290 1 0 0 0 1 0 0 0 0 0 0 1 0 0 0 0 0 0 0 0 0 0 0 1 0 0 0 0 0 0 0 0 0   0.335 0 0   0.000 1 1 0 0 140.000 0   1.099 0 1
0 1 0  16.000 0   3.125 1 0 0 0 1 0 0 0 0 0 0 0 0 0 0 0 0 1 0 0 0 0 0 1 0 0 0 0 0 0 0 0 0   0.085 0 1   1.000 0 1 0 0   0.000 0   1.946 0 1
0 1 0  31.670 0   0.830 1 0 0 0 1 0 0 0 0 0 0 0 0 0 0 0 0 0 1 0 0 0 0 1 0 0 0 0 0 0 0 0 0   1.335 1 1   8.000 1 1 0 0 303.000 0   8.099 1 0
0 1 0  29.830 0   2.040 0 1 0 0 0 1 0 0 0 0 0 0 0 0 0 0 0 0 1 0 0 0 0 0 1 0 0 0 0 0 0 0 0   0.040 0 0   0.000 0 1 0 0 128.000 0   0.693 0 1
0 1 0  25.750 0   0.750 1 0 0 0 1 0 0 0 1 0 0 0 0 0 0 0 0 0 0 0 0 0 0 0 0 1 0 0 0 0 0 0 0   0.250 1 0   0.000 0 1 0 0 349.000 0   3.178 1 0
0 1 0  18.170 0   2.460 1 0 0 0 1 0 0 0 1 0 0 0 0 0 0 0 0 0 0 0 0 0 0 0 0 0 0 1 0 0 0 0 0   0.960 0 1   2.000 1 1 0 0 160.000 0   6.377 0 1
0 1 0  22.920 0   3.165 0 1 0 0 0 1 0 0 1 0 0 0 0 0 0 0 0 0 0 0 0 0 0 1 0 0 0 0 0 0 0 0 0   0.165 0 0   0.000 0 1 0 0 160.000 0   6.965 0 1
0 1 0  29.830 0   3.500 1 0 0 0 1 0 0 0 1 0 0 0 0 0 0 0 0 0 0 0 0 0 0 1 0 0 0 0 0 0 0 0 0   0.165 0 0   0.000 0 1 0 0 216.000 0   0.000 0 1
1 0 0  36.750 0   4.710 1 0 0 0 1 0 0 0 0 0 0 0 0 0 0 0 0 0 0 0 0 1 0 0 0 0 0 0 0 0 1 0 0   0.000 0 0   0.000 0 1 0 0 160.000 0   0.000 0 1
0 1 0  26.750 0   4.500 0 1 0 0 0 1 0 0 1 0 0 0 0 0 0 0 0 0 0 0 0 0 0 0 0 1 0 0 0 0 0 0 0   2.500 0 0   0.000 0 1 0 0 200.000 0   7.099 0 1
0 1 0  22.580 0  10.040 1 0 0 0 1 0 0 0 0 0 0 0 0 0 0 0 0 0 1 0 0 0 0 1 0 0 0 0 0 0 0 0 0   0.040 1 1   9.000 0 1 0 0  60.000 0   5.984 1 0
0 1 0  63.330 0   0.540 1 0 0 0 1 0 0 0 1 0 0 0 0 0 0 0 0 0 0 0 0 0 0 1 0 0 0 0 0 0 0 0 0   0.585 1 1   3.000 1 1 0 0 180.000 0   0.000 0 1
0 1 0  32.000 0   1.750 0 1 0 0 0 1 0 0 0 0 0 0 0 0 0 0 0 0 0 1 0 0 0 0 1 0 0 0 0 0 0 0 0   0.040 1 0   0.000 1 1 0 0 393.000 0   0.000 1 0
1 0 0  18.920 0   9.000 1 0 0 0 1 0 0 0 0 0 0 0 0 0 0 0 0 0 0 0 1 0 0 1 0 0 0 0 0 0 0 0 0   0.750 1 1   2.000 0 1 0 0  88.000 0   6.384 1 0
0 1 0  21.830 0  11.000 1 0 0 0 1 0 0 0 0 0 0 0 0 0 0 0 0 0 1 0 0 0 0 1 0 0 0 0 0 0 0 0 0   0.290 1 1   6.000 0 1 0 0 121.000 0   0.000 1 0
0 1 0  36.420 0   0.750 0 1 0 0 0 1 0 0 0 1 0 0 0 0 0 0 0 0 0 0 0 0 0 1 0 0 0 0 0 0 0 0 0   0.585 0 0   0.000 0 1 0 0 240.000 0   1.386 0 1
0 1 0  26.750 0   2.000 1 0 0 0 1 0 0 0 0 1 0 0 0 0 0 0 0 0 0 0 0 0 0 1 0 0 0 0 0 0 0 0 0   0.750 0 0   0.000 1 1 0 0  80.000 0   0.000 0 1
0 1 0  25.670 0  12.500 1 0 0 0 1 0 0 0 0 0 1 0 0 0 0 0 0 0 0 0 0 0 0 1 0 0 0 0 0 0 0 0 0   1.210 1 1  67.000 1 1 0 0 140.000 0   5.557 1 0
0 1 0  38.250 0  10.125 0 1 0 0 0 1 0 0 0 0 0 0 0 1 0 0 0 0 0 0 0 0 0 1 0 0 0 0 0 0 0 0 0   0.125 0 0   0.000 0 1 0 0 160.000 0   0.000 0 1
0 1 0  19.500 0   0.290 1 0 0 0 1 0 0 0 0 0 0 0 0 1 0 0 0 0 0 0 0 0 0 1 0 0 0 0 0 0 0 0 0   0.290 0 0   0.000 0 1 0 0 280.000 0   5.900 0 1
0 1 0  24.420 0  12.335 1 0 0 0 1 0 0 0 0 0 0 0 0 0 0 0 1 0 0 0 0 0 0 0 1 0 0 0 0 0 0 0 0   1.585 1 0   0.000 1 1 0 0 120.000 0   0.000 1 0
0 1 0  19.170 0   9.500 1 0 0 0 1 0 0 0 0 0 0 0 0 0 0 0 0 1 0 0 0 0 0 1 0 0 0 0 0 0 0 0 0   1.500 1 0   0.000 0 1 0 0 120.000 0   7.699 1 0
0 1 0  16.250 0   0.835 1 0 0 0 1 0 0 0 0 0 0 0 0 0 1 0 0 0 0 0 0 0 0 1 0 0 0 0 0 0 0 0 0   0.085 1 0   0.000 0 0 0 1 200.000 0   0.000 0 1
0 1 0  26.170 0   0.250 1 0 0 0 1 0 0 0 0 0 0 1 0 0 0 0 0 0 0 0 0 0 0 0 0 1 0 0 0 0 0 0 0   0.000 1 0   0.000 1 1 0 0   0.000 0   0.000 1 0
1 0 0  57.080 0  19.500 1 0 0 0 1 0 0 0 1 0 0 0 0 0 0 0 0 0 0 0 0 0 0 1 0 0 0 0 0 0 0 0 0   5.500 1 1   7.000 0 1 0 0   0.000 0   8.007 1 0
0 1 0  47.330 0   6.500 1 0 0 0 1 0 0 0 1 0 0 0 0 0 0 0 0 0 0 0 0 0 0 1 0 0 0 0 0 0 0 0 0   1.000 0 0   0.000 1 1 0 0   0.000 0   5.434 0 1
0 1 0  22.250 0   0.460 1 0 0 0 1 0 0 0 0 0 0 0 0 1 0 0 0 0 0 0 0 0 0 1 0 0 0 0 0 0 0 0 0   0.125 0 0   0.000 1 1 0 0 280.000 0   4.025 0 1
0 1 0  21.000 0   3.000 0 1 0 0 0 1 0 0 0 1 0 0 0 0 0 0 0 0 0 0 0 0 0 1 0 0 0 0 0 0 0 0 0   1.085 1 1   8.000 1 1 0 0 160.000 0   0.693 1 0
1 0 0  28.420 0   3.500 1 0 0 0 1 0 0 0 0 0 0 0 0 0 0 0 0 1 0 0 0 0 0 1 0 0 0 0 0 0 0 0 0   0.835 1 0   0.000 0 0 0 1 280.000 0   0.000 1 0
0 1 0  27.580 0   2.040 0 1 0 0 0 1 0 0 0 0 0 0 0 0 0 0 0 0 0 0 1 0 0 1 0 0 0 0 0 0 0 0 0   2.000 1 1   3.000 1 1 0 0 370.000 0   6.330 1 0
0 1 0  21.500 0   9.750 1 0 0 0 1 0 0 0 1 0 0 0 0 0 0 0 0 0 0 0 0 0 0 1 0 0 0 0 0 0 0 0 0   0.250 1 0   0.000 0 1 0 0 140.000 0   0.000 0 1
0 1 0  16.920 0   0.335 0 1 0 0 0 1 0 0 0 0 0 0 0 1 0 0 0 0 0 0 0 0 0 1 0 0 0 0 0 0 0 0 0   0.290 0 0   0.000 0 0 0 1 200.000 0   0.000 0 1
0 1 0  28.170 0   0.125 0 1 0 0 0 1 0 0 0 0 0 0 0 1 0 0 0 0 0 0 0 0 0 1 0 0 0 0 0 0 0 0 0   0.085 0 0   0.000 0 1 0 0 216.000 0   7.650 0 1
0 1 0  24.080 0   0.875 1 0 0 0 1 0 0 0 0 0 0 0 0 0 1 0 0 0 0 0 0 0 0 1 0 0 0 0 0 0 0 0 0   0.085 0 1   4.000 0 1 0 0 254.000 0   7.576 0 1
0 1 0 0 1  10.500 1 0 0 0 1 0 0 0 0 0 0 0 0 0 0 0 0 0 1 0 0 0 0 1 0 0 0 0 0 0 0 0 0   6.500 1 0   0.000 0 1 0 0   0.000 0   0.000 1 0
0 1 0  42.000 0   9.790 1 0 0 0 1 0 0 0 0 0 0 0 0 0 0 0 0 0 1 0 0 0 0 0 1 0 0 0 0 0 0 0 0   7.960 1 1   8.000 0 1 0 0   0.000 0   0.000 1 0
0 1 0  18.580 0  10.290 1 0 0 0 1 0 0 0 0 0 0 0 0 0 0 0 0 0 0 0 0 1 0 0 0 0 0 0 0 0 1 0 0   0.415 0 0   0.000 0 1 0 0  80.000 0   0.000 0 1
0 1 0  28.250 0   5.125 1 0 0 0 1 0 0 0 0 0 0 0 0 0 0 0 0 0 1 0 0 0 0 1 0 0 0 0 0 0 0 0 0   4.750 1 1   2.000 0 1 0 0 420.000 0   2.079 1 0
0 1 0  32.250 0  14.000 0 1 0 0 0 1 0 0 0 0 0 0 0 0 0 0 0 0 0 0 0 1 0 0 0 0 0 0 0 0 1 0 0   0.000 0 1   2.000 0 1 0 0 160.000 0   0.693 0 1
0 1 0  40.920 0   0.500 0 1 0 0 0 1 0 0 0 0 0 0 0 0 1 0 0 0 0 0 0 0 0 1 0 0 0 0 0 0 0 0 0   0.500 0 0   0.000 1 1 0 0 130.000 0   0.000 0 1
1 0 0  20.750 0  10.335 1 0 0 0 1 0 0 0 0 0 1 0 0 0 0 0 0 0 0 0 0 0 0 0 1 0 0 0 0 0 0 0 0   0.335 1 1   1.000 1 1 0 0  80.000 0   3.932 1 0
1 0 0  50.080 0  12.540 1 0 0 0 1 0 0 0 0 0 0 0 0 0 0 0 0 0 0 0 1 0 0 1 0 0 0 0 0 0 0 0 0   2.290 1 1   3.000 1 1 0 0 156.000 0   0.000 1 0
0 1 0  22.500 0  11.500 0 1 0 0 0 1 0 0 0 0 0 0 0 0 1 0 0 0 0 0 0 0 0 1 0 0 0 0 0 0 0 0 0   1.500 0 0   0.000 1 1 0 0   0.000 0   8.294 0 1
1 0 0  21.670 0  11.500 0 1 0 0 0 1 0 0 0 0 0 0 1 0 0 0 0 0 0 0 0 0 0 0 0 0 1 0 0 0 0 0 0   0.000 1 1  11.000 1 1 0 0   0.000 0   0.000 1 0
0 1 0  41.000 0   0.040 1 0 0 0 1 0 0 0 0 0 0 0 0 0 0 0 0 0 0 1 0 0 0 1 0 0 0 0 0 0 0 0 0   0.040 0 1   1.000 0 0 0 1 560.000 0   0.000 1 0
0 1 0  29.580 0   4.500 1 0 0 0 1 0 0 0 0 0 0 0 0 0 0 0 0 1 0 0 0 0 0 1 0 0 0 0 0 0 0 0 0   7.500 1 1   2.000 1 1 0 0 330.000 0   0.000 1 0
1 0 0  22.250 0   1.250 0 1 0 0 0 1 0 0 0 0 0 0 0 0 0 0 0 0 0 0 0 1 0 0 0 0 0 0 0 0 1 0 0   3.250 0 0   0.000 0 1 0 0 280.000 0   0.000 0 1
1 0 0  31.750 0   3.000 0 1 0 0 0 1 0 0 0 0 0 0 1 0 0 0 0 0 0 0 0 0 0 0 0 0 1 0 0 0 0 0 0   0.000 0 0   0.000 0 1 0 0 160.000 0   3.045 0 1
0 1 0  48.500 0   4.250 1 0 0 0 1 0 0 0 0 0 0 0 0 0 1 0 0 0 0 0 0 0 0 1 0 0 0 0 0 0 0 0 0   0.125 1 0   0.000 1 1 0 0 225.000 0   0.000 1 0
0 1 0  23.420 0   1.000 1 0 0 0 1 0 0 0 1 0 0 0 0 0 0 0 0 0 0 0 0 0 0 1 0 0 0 0 0 0 0 0 0   0.500 0 0   0.000 1 0 0 1 280.000 0   0.000 0 1
1 0 0  15.750 0   0.375 1 0 0 0 1 0 0 0 1 0 0 0 0 0 0 0 0 0 0 0 0 0 0 1 0 0 0 0 0 0 0 0 0   1.000 0 0   0.000 0 1 0 0 120.000 0   2.944 0 1
0 1 0  80.250 0   5.500 1 0 0 0 1 0 0 0 0 0 0 0 0 0 0 0 0 0 0 0 0 0 1 0 0 0 0 0 0 0 0 0 1   0.540 1 0   0.000 0 1 0 0   0.000 0   5.832 0 1
0 1 0  22.830 0   3.000 1 0 0 0 1 0 0 0 0 0 0 0 0 0 1 0 0 0 0 0 0 0 0 1 0 0 0 0 0 0 0 0 0   1.290 1 1   1.000 0 1 0 0 260.000 0   6.686 1 0
0 1 0  24.420 0   2.000 1 0 0 0 1 0 0 0 0 0 0 0 0 0 0 0 0 0 0 1 0 0 0 0 0 0 0 0 0 1 0 0 0   0.165 0 1   2.000 0 1 0 0 320.000 0   7.171 0 1
1 0 0  41.580 0   1.040 1 0 0 0 1 0 0 0 0 0 0 0 0 0 0 0 0 0 0 0 1 0 0 1 0 0 0 0 0 0 0 0 0   0.665 0 0   0.000 0 1 0 0 240.000 0   5.472 0 1
1 0 0  24.500 0   2.415 0 1 0 0 0 1 0 0 1 0 0 0 0 0 0 0 0 0 0 0 0 0 0 1 0 0 0 0 0 0 0 0 0   0.000 0 0   0.000 0 1 0 0 120.000 0   0.000 0 1
0 1 0  19.580 0   0.585 1 0 0 0 1 0 0 0 0 0 0 0 0 0 0 0 0 0 0 0 0 1 0 0 0 0 0 0 0 0 1 0 0   0.000 0 1   3.000 0 1 0 0 350.000 0   6.646 0 1
0 1 0  54.830 0  15.500 1 0 0 0 1 0 0 0 0 0 0 0 0 0 0 0 0 0 0 1 0 0 0 0 0 0 0 0 1 0 0 0 0   0.000 1 1  20.000 0 1 0 0 152.000 0   4.875 0 1
0 1 0  35.250 0  16.500 0 1 0 0 0 1 0 0 1 0 0 0 0 0 0 0 0 0 0 0 0 0 0 1 0 0 0 0 0 0 0 0 0   4.000 1 0   0.000 0 1 0 0  80.000 0   0.000 0 1
1 0 0  48.170 0   1.335 1 0 0 0 1 0 0 0 0 0 0 1 0 0 0 0 0 0 0 0 0 0 0 0 0 0 0 0 0 0 0 1 0   0.335 0 0   0.000 0 1 0 0   0.000 0   4.796 0 1
0 1 0  18.080 0   5.500 1 0 0 0 1 0 0 0 0 0 0 0 0 1 0 0 0 0 0 0 0 0 0 1 0 0 0 0 0 0 0 0 0   0.500 1 0   0.000 0 1 0 0  80.000 0   0.000 1 0
0 1 0  17.250 0   3.000 1 0 0 0 1 0 0 0 0 0 0 0 0 1 0 0 0 0 0 0 0 0 0 1 0 0 0 0 0 0 0 0 0   0.040 0 0   0.000 1 1 0 0 160.000 0   3.714 0 1
0 1 0  38.580 0   3.335 1 0 0 0 1 0 0 0 0 0 0 0 0 0 0 0 0 1 0 0 0 0 0 1 0 0 0 0 0 0 0 0 0   4.000 1 1  14.000 0 1 0 0 383.000 0   7.204 1 0
0 1 0  36.170 0   0.420 0 1 0 0 0 1 0 0 0 0 0 0 0 0 0 0 0 1 0 0 0 0 0 1 0 0 0 0 0 0 0 0 0   0.290 0 0   0.000 1 1 0 0 309.000 0   1.099 0 1
0 1 0  24.170 0   0.875 1 0 0 0 1 0 0 0 0 0 0 0 0 0 0 0 1 0 0 0 0 0 0 1 0 0 0 0 0 0 0 0 0   4.625 1 1   2.000 1 1 0 0 520.000 0   7.601 1 0
0 1 0  32.920 0   2.500 1 0 0 0 1 0 0 0 0 0 0 0 0 0 0 0 0 0 0 0 1 0 0 1 0 0 0 0 0 0 0 0 0   1.750 0 1   2.000 1 1 0 0 720.000 0   0.000 0 1
0 1 0  51.580 0  15.000 1 0 0 0 1 0 0 0 1 0 0 0 0 0 0 0 0 0 0 0 0 0 0 1 0 0 0 0 0 0 0 0 0   8.500 1 1   9.000 0 1 0 0   0.000 0   0.000 1 0
0 1 0  43.170 0   2.250 1 0 0 0 1 0 0 0 0 0 0 1 0 0 0 0 0 0 0 0 0 0 0 0 0 1 0 0 0 0 0 0 0   0.750 1 0   0.000 0 1 0 0 560.000 0   0.000 0 1
1 0 0  23.000 0   1.835 1 0 0 0 1 0 0 0 0 0 0 0 1 0 0 0 0 0 0 0 0 0 0 0 0 0 1 0 0 0 0 0 0   0.000 0 1   1.000 0 1 0 0 200.000 0   3.989 0 1
0 1 0  22.080 0  11.000 1 0 0 0 1 0 0 0 0 0 1 0 0 0 0 0 0 0 0 0 0 0 0 1 0 0 0 0 0 0 0 0 0   0.665 1 0   0.000 0 1 0 0 100.000 0   0.000 1 0
0 1 0  25.420 0   0.540 1 0 0 0 1 0 0 0 0 0 0 0 0 0 0 0 0 1 0 0 0 0 0 1 0 0 0 0 0 0 0 0 0   0.165 0 1   1.000 0 1 0 0 272.000 0   6.098 0 1
0 1 0  16.330 0   2.750 1 0 0 0 1 0 0 0 0 0 0 0 0 0 0 0 0 0 0 0 1 0 0 1 0 0 0 0 0 0 0 0 0   0.665 0 1   1.000 0 1 0 0  80.000 0   3.091 0 1
1 0 0  24.920 0   1.250 1 0 0 0 1 0 0 0 0 0 0 0 0 0 0 0 0 0 0 0 0 1 0 0 0 0 0 0 0 0 1 0 0   0.000 1 0   0.000 0 1 0 0  80.000 0   0.000 0 1
1 0 0  26.080 0   8.665 1 0 0 0 1 0 0 0 0 0 0 0 0 0 0 0 0 0 0 0 1 0 0 1 0 0 0 0 0 0 0 0 0   1.415 1 0   0.000 0 1 0 0 160.000 0   5.017 1 0
0 1 0  25.670 0   2.210 0 1 0 0 0 1 0 0 0 0 0 0 0 0 0 0 0 0 0 0 1 0 0 1 0 0 0 0 0 0 0 0 0   4.000 1 0   0.000 0 1 0 0 188.000 0   0.000 0 1
1 0 0  24.830 0   4.500 1 0 0 0 1 0 0 0 0 0 0 0 0 0 0 0 0 1 0 0 0 0 0 1 0 0 0 0 0 0 0 0 0   1.000 0 0   0.000 1 1 0 0 360.000 0   1.946 0 1
1 0 0  19.170 0   8.585 1 0 0 0 1 0 0 0 0 0 1 0 0 0 0 0 0 0 0 0 0 0 0 0 1 0 0 0 0 0 0 0 0   0.750 1 1   7.000 0 1 0 0  96.000 0   0.000 1 0
0 1 0 0 1   3.000 0 1 0 0 0 1 0 0 0 0 0 1 0 0 0 0 0 0 0 0 0 0 0 0 0 1 0 0 0 0 0 0 0   7.000 0 0   0.000 0 1 0 0   0.000 0   0.693 0 1
0 1 0  20.170 0   9.250 1 0 0 0 1 0 0 0 1 0 0 0 0 0 0 0 0 0 0 0 0 0 0 1 0 0 0 0 0 0 0 0 0   1.665 1 1   3.000 1 1 0 0  40.000 0   3.367 1 0
0 1 0  30.750 0   1.585 1 0 0 0 1 0 0 0 0 1 0 0 0 0 0 0 0 0 0 0 0 0 0 1 0 0 0 0 0 0 0 0 0   0.585 0 0   0.000 1 0 0 1   0.000 0   0.000 0 1
0 1 0  27.580 0   3.250 0 1 0 0 0 1 0 0 0 0 0 0 0 0 0 0 1 0 0 0 0 0 0 0 1 0 0 0 0 0 0 0 0   5.085 0 1   2.000 1 1 0 0 369.000 0   0.693 0 1
0 1 0  26.670 0  14.585 1 0 0 0 1 0 0 0 0 0 0 1 0 0 0 0 0 0 0 0 0 0 0 0 0 1 0 0 0 0 0 0 0   0.000 0 0   0.000 1 1 0 0 178.000 0   0.000 0 1
0 1 0  19.330 0  10.915 1 0 0 0 1 0 0 0 1 0 0 0 0 0 0 0 0 0 0 0 0 0 0 0 0 1 0 0 0 0 0 0 0   0.585 0 1   2.000 1 1 0 0 200.000 0   2.079 0 1
1 0 0 0 1   3.500 1 0 0 0 1 0 0 0 0 1 0 0 0 0 0 0 0 0 0 0 0 0 0 1 0 0 0 0 0 0 0 0 0   3.000 1 0   0.000 1 1 0 0 300.000 0   0.000 0 1
1 0 0  47.420 0   3.000 1 0 0 0 1 0 0 0 0 0 0 0 0 0 0 0 0 0 1 0 0 0 0 1 0 0 0 0 0 0 0 0 0  13.875 1 1   2.000 1 1 0 0 519.000 0   7.441 1 0
1 0 0  22.830 0   2.290 1 0 0 0 1 0 0 0 0 0 0 0 0 0 0 0 1 0 0 0 0 0 0 0 1 0 0 0 0 0 0 0 0   2.290 1 1   7.000 1 1 0 0 140.000 0   7.777 1 0
0 1 0  22.000 0   0.790 1 0 0 0 1 0 0 0 0 0 0 0 0 0 0 0 0 1 0 0 0 0 0 1 0 0 0 0 0 0 0 0 0   0.290 0 1   1.000 0 1 0 0 420.000 0   5.649 0 1
0 1 0  16.170 0   0.040 1 0 0 0 1 0 0 0 1 0 0 0 0 0 0 0 0 0 0 0 0 0 0 1 0 0 0 0 0 0 0 0 0   0.040 0 0   0.000 0 1 0 0   0.000 0   0.000 1 0
1 0 0  27.670 0   1.500 1 0 0 0 1 0 0 0 0 0 0 0 0 0 1 0 0 0 0 0 0 0 0 1 0 0 0 0 0 0 0 0 0   2.000 1 0   0.000 0 0 0 1 368.000 0   0.000 0 1
1 0 0  18.580 0  10.000 1 0 0 0 1 0 0 0 0 1 0 0 0 0 0 0 0 0 0 0 0 0 0 1 0 0 0 0 0 0 0 0 0   0.415 0 0   0.000 0 1 0 0  80.000 0   3.761 0 1
0 1 0  22.670 0   0.750 1 0 0 0 1 0 0 0 0 0 0 1 0 0 0 0 0 0 0 0 0 0 0 1 0 0 0 0 0 0 0 0 0   1.585 0 1   1.000 1 1 0 0 400.000 0   2.303 0 1
1 0 0  16.330 0   0.210 1 0 0 0 1 0 0 0 0 0 0 0 0 0 0 0 0 0 0 0 1 0 0 1 0 0 0 0 0 0 0 0 0   0.125 0 0   0.000 0 1 0 0 200.000 0   0.693 0 1
1 0 0  29.500 0   0.460 1 0 0 0 1 0 0 0 0 0 0 0 0 1 0 0 0 0 0 0 0 0 0 1 0 0 0 0 0 0 0 0 0   0.540 1 1   4.000 0 1 0 0 380.000 0   6.217 1 0
0 1 0  24.580 0   1.250 1 0 0 0 1 0 0 0 1 0 0 0 0 0 0 0 0 0 0 0 0 0 0 1 0 0 0 0 0 0 0 0 0   0.250 0 0   0.000 0 1 0 0 110.000 0   0.000 0 1
1 0 0  19.170 0   0.585 0 1 0 0 0 1 0 0 0 0 0 0 0 0 0 0 0 0 0 0 1 0 0 1 0 0 0 0 0 0 0 0 0   0.585 1 0   0.000 1 1 0 0 160.000 0   0.000 0 1
0 1 0  19.000 0   1.750 0 1 0 0 0 1 0 0 1 0 0 0 0 0 0 0 0 0 0 0 0 0 0 1 0 0 0 0 0 0 0 0 0   2.335 0 0   0.000 1 1 0 0 112.000 0   1.946 0 1
0 1 0  25.000 0  12.000 1 0 0 0 1 0 0 0 0 0 0 0 0 1 0 0 0 0 0 0 0 0 0 1 0 0 0 0 0 0 0 0 0   2.250 1 1   2.000 1 1 0 0 120.000 0   1.792 0 1
1 0 0  52.500 0   7.000 1 0 0 0 1 0 0 0 0 0 0 0 0 0 0 0 0 0 0 0 1 0 0 0 1 0 0 0 0 0 0 0 0   3.000 0 0   0.000 0 1 0 0   0.000 0   0.000 0 1
0 1 0  29.580 0   4.750 1 0 0 0 1 0 0 0 0 0 0 0 0 0 1 0 0 0 0 0 0 0 0 1 0 0 0 0 0 0 0 0 0   2.000 0 1   1.000 1 1 0 0 460.000 0   4.234 0 1
0 1 0  21.920 0   0.500 1 0 0 0 1 0 0 0 1 0 0 0 0 0 0 0 0 0 0 0 0 0 0 1 0 0 0 0 0 0 0 0 0   0.125 0 0   0.000 0 1 0 0 360.000 0   0.000 0 1
0 1 0  37.500 0   0.835 1 0 0 0 1 0 0 0 0 0 0 0 0 0 0 0 0 0 0 1 0 0 0 1 0 0 0 0 0 0 0 0 0   0.040 0 0   0.000 0 1 0 0 120.000 0   1.792 0 1
1 0 0  40.330 0   7.540 0 1 0 0 0 1 0 0 0 0 0 0 0 0 0 0 1 0 0 0 0 0 0 0 1 0 0 0 0 0 0 0 0   8.000 1 1  14.000 0 1 0 0   0.000 0   7.741 1 0
0 1 0  48.330 0  12.000 1 0 0 0 1 0 0 0 0 0 0 0 0 0 1 0 0 0 0 0 0 0 0 1 0 0 0 0 0 0 0 0 0  16.000 1 0   0.000 0 0 0 1 110.000 0   0.000 1 0
0 1 0  44.330 0   0.500 1 0 0 0 1 0 0 0 0 0 0 1 0 0 0 0 0 0 0 0 0 0 0 0 1 0 0 0 0 0 0 0 0   5.000 1 0   0.000 1 1 0 0 320.000 0   0.000 1 0
0 1 0  22.750 0  11.000 1 0 0 0 1 0 0 0 0 0 0 0 0 0 0 0 1 0 0 0 0 0 0 1 0 0 0 0 0 0 0 0 0   2.500 1 1   7.000 1 1 0 0 100.000 0   6.697 1 0
1 0 0  40.330 0   8.125 0 1 0 0 0 1 0 0 0 0 0 0 0 1 0 0 0 0 0 0 0 0 0 1 0 0 0 0 0 0 0 0 0   0.165 0 1   2.000 0 1 0 0 0 1   2.944 0 1
1 0 0  23.580 0   0.830 1 0 0 0 1 0 0 0 0 0 0 0 0 0 0 0 1 0 0 0 0 0 0 1 0 0 0 0 0 0 0 0 0   0.415 0 1   1.000 1 1 0 0 200.000 0   2.485 0 1
0 1 0  41.170 0   1.250 0 1 0 0 0 1 0 0 0 0 0 0 0 0 0 0 0 1 0 0 0 0 0 1 0 0 0 0 0 0 0 0 0   0.250 0 0   0.000 0 1 0 0   0.000 0   5.278 0 1
