;
364
;
  0.000 0.0 1 100.000 0  30.000 0   0.333 0   0.333 0 0 0 0 1 0 0 0 1 0 0 0 0 0 1 0   0.000 0   1.000 0   1.000 0 0.5 0 0.0 1   0.000 0 0 0 0 1 0 0  52.000 0   6.600 0 0 0 0 1 0.0 1 1 0 0
  0.000 0.0 1 104.000 0 0.0 1   0.333 0   0.333 0 0 0 0 0 1 0 0 1 0 0 1 0 0 0 0   0.000 0   0.666 0 0.0 1 0.5 0 0.0 1   0.000 0 0 0 0 1 0 0  69.000 0   8.600 0 0 1 0 0   3.400 0 0 1 0
  0.000  38.700 0  96.000 0  28.000 0   0.333 0   0.333 0 0 0 0 1 0 0 0 0 0 0 0 0 0 0 1   0.000 0 0.0 1 0.0 1 0.5 0   7.500 0 0.0 1 0 0 0 0 0 1  64.000 0   9.000 0 0 0 0 1 0.0 1 0 1 0
  0.000  37.800 0  48.000 0  14.000 0 0.0 1 0.0 1 1 0 0 0 0 0 0 0 0 0 0 1 0 0 0 0.0 1   0.333 0   0.000 0 0.5 0   5.300 0   0.666 0 0 0 0 0 0 1  35.000 0   7.500 0 0 0 0 1 0.0 1 1 0 0
  0.000 0.0 1  80.000 0  32.000 0   0.333 0   0.333 0 0 1 0 0 0 0 0 0 0 0 1 0 0 0 0   0.333 0   0.666 0   0.500 0 0 0 0.0 1   0.333 0 0 0 0 0 0 1  50.000 0  80.000 0 0 0 0 1 0.0 1 1 0 0
  0.000 0.0 1  64.000 0  36.000 0   1.000 0 0.0 1 0 1 0 0 0 0 0 0 0 0 0 0 0 1 0   0.333 0   0.666 0   0.500 0 1 0 0.0 1 0.0 1 0 0 0 0 0 1  42.000 0   7.700 0 0 0 0 1 0.0 1 0 1 0
  0.000  38.000 0 108.000 0  60.000 0   1.000 0   0.333 0 0 0 0 1 0 0 0 0 0 0 0 0 1 0 0   0.333 0   0.666 0   0.500 0 0.0 1 0.0 1   0.333 0 0 0 0 1 0 0 0.0 1 0.0 1 0 0 1 0 0.0 1 1 0 0
  0.000 0.0 1  96.000 0 0.0 1   0.333 0   0.333 0 0 0 1 0 0 0 0 1 0 0 0 0 0 1 0   0.000 0   1.000 0   0.000 0 1 0 0.0 1   0.000 0 0 0 0 0 1 0  60.000 0 0.0 1 0 0 0 1 0.0 1 0 1 0
  0.000 0.0 1 0.0 1 0.0 1 0.0 1 0.0 1 0 0 0 0 0 0 1 0.0 1 0 0 0 0 0 1 0.0 1 0.0 1 0.0 1 0.0 1 0.0 1 0.0 1 0 0 0 0 0 1 0.0 1 0.0 1 0 0 0 1 0.0 1 0 1 0
  0.000  37.800 0  48.000 0  28.000 0   0.666 0   0.666 0 1 0 0 0 0 0 0 0 0 1 0 0 0 0 0   0.666 0   0.000 0   0.500 0 0.0 1 0.0 1   0.666 0 1 0 0 0 0 0  46.000 0   5.900 0 0 1 0 0   7.000 0 1 0 0
  0.000  38.200 0 130.000 0  16.000 0   0.000 0   0.333 0 0 0 0 1 0 0 0 1 0 0 1 0 0 0 0   0.000 0   1.000 0   0.000 0 0 0 0.0 1 0.0 1 0 0 0 0 0 1  65.000 0  82.000 0 0 1 0 0   2.000 0 0 0 1
  0.000  37.200 0  84.000 0  48.000 0   0.333 0   0.333 0 0 0 0 0 1 0 0 1 0 0 0 0 1 0 0   1.000 0   0.333 0   0.000 0 1 0 0.0 1   1.000 0 1 0 0 0 0 0  73.000 0   5.500 0 0 1 0 0   4.100 0 0 1 0
  0.000  37.500 0  60.000 0  50.000 0   0.333 0   0.333 0 1 0 0 0 0 0 0 0 0 0 0 1 0 0 0   0.333 0   0.333 0   0.500 0 1 0   3.500 0   0.333 0 0 0 0 1 0 0  35.000 0   6.500 0 0 0 0 1 0.0 1 0 1 0
  0.000  37.600 0  88.000 0  36.000 0   0.333 0   0.666 0 1 0 0 0 0 0 0 0 0 0 0 1 0 0 0   0.333 0   0.333 0   0.000 0 0.5 0   1.500 0 0.0 1 0 0 0 0 0 1  44.000 0   6.000 0 0 0 0 1 0.0 1 0 1 0
  0.000  37.800 0  72.000 0 0.0 1 0.0 1   0.333 0 0 0 0 0 0 0 1 0 0 0 0 0 0 1 0   0.333 0   0.000 0 0.0 1 0 0 0.0 1   0.666 0 1 0 0 0 0 0  56.000 0  80.000 0 1 0 0 0   2.000 0 1 0 0
  0.000  38.300 0  44.000 0  21.000 0   0.333 0   0.666 0 0 1 0 0 0 0 0 0 0 0 0 1 0 0 0   0.333 0   0.666 0   0.500 0 0 0 0.0 1   0.666 0 0 0 0 0 1 0  44.000 0   6.500 0 0 1 0 0   4.400 0 1 0 0
  0.000  36.400 0  98.000 0  35.000 0   0.333 0   0.333 0 0 0 0 1 0 0 0 0 0 0 0 0 1 0 0   0.333 0   0.333 0 0.0 1 0.0 1 0.0 1   0.000 0 0 0 0 1 0 0  47.000 0   6.400 0 0 0 1 0   3.600 0 0 1 0
  0.000  37.600 0  40.000 0 0.0 1   0.666 0   0.666 0 1 0 0 0 0 0 0 0 0 1 0 0 0 0 0   1.000 0   0.000 0 0.0 1 0.0 1 0.0 1   0.666 0 1 0 0 0 0 0 0.0 1 0.0 1 0 1 0 0   2.100 0 1 0 0
  0.000  37.100 0 114.000 0  40.000 0   0.333 0 0.0 1 0 0 1 0 0 0 0 1 0 0 1 0 0 0 0   0.666 0   0.000 0 0.0 1 0.0 1 0.0 1 0.0 1 0 0 1 0 0 0  32.000 0 0.0 1 0 0 1 0   6.500 0 1 0 0
  0.000  40.800 0  72.000 0  42.000 0   0.333 0   0.333 0 1 0 0 0 0 0 0 0 0 0 1 0 0 0 0   0.333 0   0.000 0   0.500 0 0 0 0.0 1 0.0 1 0 0 0 0 0 1  54.000 0   7.400 0 0 0 1 0 0.0 1 0 1 0
  0.000 0.0 1  78.000 0  24.000 0   0.333 0   0.333 0 0 0 1 0 0 0 0 0 0 0 0 0 0 0 1   0.333 0 0.0 1   0.500 0 0 0 0.0 1 0.0 1 0 0 0 1 0 0  43.000 0  62.000 0 0 0 0 1   2.000 0 0 0 1
  0.000  38.200 0  64.000 0  28.000 0   0.666 0   0.666 0 1 0 0 0 0 0 0 0 0 0 0 1 0 0 0   1.000 0 0.0 1 0.0 1 0.0 1 0.0 1   0.000 0 0 0 0 1 0 0  49.000 0   8.600 0 0 1 0 0   6.600 0 1 0 0
  0.000 0.0 1  84.000 0  36.000 0 0.0 1 0.0 1 0 0 1 0 0 0 0 0 0 0 0 0 0 0 1   0.333 0   0.000 0   0.500 0 0 0 0.0 1   0.333 0 0 1 0 0 0 0  44.000 0   8.500 0 0 0 0 1 0.0 1 1 0 0
  0.000  38.500 0  66.000 0  24.000 0   0.666 0   0.666 0 1 0 0 0 0 0 0 0 0 0 0 1 0 0 0   0.333 0   0.000 0   0.500 0 0 0 0.0 1   0.000 0 0 0 0 0 1 0  40.000 0   6.700 0 1 0 0 0 0.0 1 1 0 0
  0.000  38.000 0  44.000 0  12.000 0   1.000 0   0.666 0 0 0 1 0 0 0 0 0 0 0 0 1 0 0 0   0.000 0   0.666 0   0.000 0 1 0   6.500 0   0.666 0 0 0 0 1 0 0  33.000 0   6.500 0 0 0 0 1 0.0 1 0 1 0
  0.000  38.000 0  48.000 0  20.000 0   0.333 0   0.333 0 0 0 0 1 0 0 0 0 0 1 0 0 0 0 0   0.000 0   0.333 0   0.500 0 0.0 1   5.000 0 0.0 1 0 1 0 0 0 0  49.000 0   8.300 0 1 0 0 0 0.0 1 1 0 0
  0.000  39.700 0 100.000 0  30.000 0 0.0 1 0.0 1 0 0 0 0 0 1 0 1 0 0 0 0 1 0 0   0.000 0   0.666 0   0.000 0 0.0 1 0.0 1   0.000 0 0 0 0 0 1 0  65.000 0  75.000 0 0 0 0 1 0.0 1 0 0 1
  0.000  38.200 0  76.000 0  28.000 0   0.333 0   0.666 0 1 0 0 0 0 0 0 0 0 0 0 1 0 0 0   0.000 0   0.000 0   0.500 0 1 0 0.0 1   0.000 0 0 0 0 1 0 0  46.000 0  81.000 0 1 0 0 0   2.000 0 1 0 0
  0.000  38.200 0  42.000 0  16.000 0   0.666 0   0.666 0 0 0 1 0 0 0 0 0 0 1 0 0 0 0 0   0.333 0   0.000 0 0.0 1 0.0 1 0.0 1   0.666 0 0 0 0 0 0 1  35.000 0  60.000 0 1 0 0 0   1.000 0 1 0 0
  0.000 0.0 1 120.000 0  70.000 0   0.000 0 0.0 1 0 0 0 1 0 0 0 1 0 0 1 0 0 0 0   0.000 0 0.0 1 0.0 1 0.0 1 0.0 1 0.0 1 0 0 0 0 1 0  55.000 0  65.000 0 0 0 0 1 0.0 1 0 0 1
  0.000 0.0 1 0.0 1 0.0 1 0.0 1 0.0 1 0 0 0 0 0 0 1 0.0 1 0 0 0 0 0 1 0.0 1 0.0 1 0.0 1 0.0 1 0.0 1 0.0 1 0 0 0 0 0 1 0.0 1 0.0 1 0 0 0 1 0.0 1 1 0 0
  0.000 0.0 1  60.000 0  40.000 0   0.333 0 0.0 1 1 0 0 0 0 0 0 0 0 0 0 0 0 0 1   0.000 0 0.0 1   1.000 0 1 0 0.0 1 0.0 1 0 0 0 0 1 0  42.000 0  72.000 0 0 0 0 1 0.0 1 1 0 0
  0.000  38.600 0  68.000 0  20.000 0   1.000 0   0.666 0 0 0 1 0 0 0 0 0 0 0 0 1 0 0 0   0.333 0   0.333 0   0.000 0 0 0 0.0 1   0.666 0 0 0 0 0 1 0  38.000 0   6.500 0 1 0 0 0 0.0 1 1 0 0
  0.000  36.600 0  48.000 0  16.000 0   0.333 0   0.666 0 0 0 1 0 0 0 0 0 0 0 0 0 1 0 0   1.000 0   0.000 0   0.000 0 0 0 0.0 1 0.0 1 0 0 0 0 0 1  27.000 0  56.000 0 0 0 0 1 0.0 1 0 0 1
  0.000  38.000 0  42.000 0  68.000 0   0.000 0   0.666 0 1 0 0 0 0 0 0 0 0 0 0 1 0 0 0   0.333 0   0.333 0   0.500 0 1 0 0.0 1   0.000 0 0 0 0 1 0 0  41.000 0   7.600 0 0 0 0 1 0.0 1 1 0 0
  0.000 0.0 1  48.000 0  96.000 0   0.666 0   0.666 0 0 0 1 0 0 0 0 0 0 0 0 0 0 0 1   0.000 0   0.000 0   0.500 0 0 0 0.0 1   0.666 0 0 0 0 1 0 0  42.000 0   8.000 0 1 0 0 0 0.0 1 1 0 0
  0.000 0.0 1  88.000 0  40.000 0   0.333 0   0.333 0 0 0 0 1 0 0 0 1 0 0 0 0 0 1 0   0.000 0   0.666 0   1.000 0 0.0 1 0.0 1   0.000 0 0 0 0 0 1 0  50.000 0   7.700 0 0 0 1 0   1.400 0 0 1 0
  0.000  38.500 0  60.000 0 0.0 1   1.000 0   1.000 0 1 0 0 0 0 0 0 0 0 1 0 0 0 0 0   0.666 0   0.333 0   0.500 0 0 0 0.0 1   0.666 0 1 0 0 0 0 0  44.000 0   7.700 0 0 0 0 1 0.0 1 1 0 0
  0.000  38.500 0  96.000 0  30.000 0   1.000 0   0.333 0 0 0 0 1 0 0 0 1 0 0 0 0 1 0 0   0.000 0   0.666 0   0.500 0 0 0 0.0 1   0.333 0 0 0 0 0 1 0  50.000 0  65.000 0 0 0 0 1 0.0 1 1 0 0
  0.000  38.200 0  64.000 0  24.000 0   0.666 0   0.666 0 0 0 1 0 0 0 0 0 0 0 0 0 1 0 0   0.000 0   0.666 0   0.500 0 0 0 0.0 1   0.000 0 0 0 0 1 0 0  45.000 0   7.500 0 1 0 0 0   2.000 0 0 1 0
  0.000  38.000 0 0.0 1  24.000 0   0.333 0   0.333 0 0 0 0 0 0 1 0 1 0 0 0 0 0 1 0 0.0 1   1.000 0   0.000 0 0 0 0.0 1 0.0 1 0 0 0 0 0 1  68.000 0   7.800 0 0 0 0 1 0.0 1 0 1 0
  0.000  37.800 0  82.000 0  12.000 0   0.333 0   0.666 0 1 0 0 0 0 0 0 1 0 0 0 0 1 0 0 0.0 1   0.666 0   0.000 0 0.5 0 0.0 1 0.0 1 0 0 0 0 0 1  50.000 0   7.000 0 0 0 0 1 0.0 1 0 0 1
  0.000  37.500 0  44.000 0  10.000 0   0.333 0   0.666 0 1 0 0 0 0 0 0 0 0 0 0 1 0 0 0   1.000 0   0.333 0   0.500 0 0.0 1 0.0 1   0.333 0 0 0 1 0 0 0  43.000 0  51.000 0 1 0 0 0   1.000 0 1 0 0
  0.000  38.100 0  66.000 0  12.000 0   0.333 0   0.333 0 0 0 0 0 1 0 0 0 0 0 0 1 0 0 0   0.333 0   0.000 0   0.500 0 0 0   3.000 0   1.000 0 0 0 0 0 1 0  44.000 0   6.000 0 0 1 0 0   3.600 0 1 0 0
  0.000  38.200 0  76.000 0 0.0 1   1.000 0   0.333 0 0 1 0 0 0 0 0 0 0 0 0 0 0 1 0   0.333 0   0.666 0   0.000 0 1 0   6.000 0   0.666 0 0 0 0 0 1 0  35.000 0   6.500 0 0 1 0 0   0.900 0 1 0 0
  0.000  38.500 0  40.000 0  16.000 0   0.666 0   0.666 0 1 0 0 0 0 0 0 0 0 0 1 0 0 0 0   1.000 0   0.000 0 0.0 1 0.0 1 0.0 1   0.333 0 0 1 0 0 0 0  37.000 0  67.000 0 0 0 0 1 0.0 1 1 0 0
  0.000  38.100 0  44.000 0   9.000 0   0.333 0   0.666 0 1 0 0 0 0 0 0 0 0 0 1 0 0 0 0   0.666 0   0.000 0   0.000 0 0 0 0.0 1   0.000 0 0 0 0 0 1 0  31.000 0   7.300 0 0 0 0 1 0.0 1 1 0 0
  0.000  38.600 0  42.000 0  34.000 0   1.000 0   0.666 0 0 0 0 1 0 0 0 0.0 1 0 1 0 0 0 0   0.333 0   0.000 0 0.0 1 0.0 1 0.0 1   0.666 0 0 0 0 0 0 1  48.000 0   7.200 0 0 0 0 1 0.0 1 1 0 0
  0.000  38.500 0  30.000 0  18.000 0 0.0 1 0.0 1 0 0 0 0 0 0 1 0.0 1 0 0 0 0 0 1 0.0 1 0.0 1 0.0 1 0.0 1 0.0 1 0.0 1 0 0 0 0 0 1  40.000 0   7.700 0 0 0 0 1 0.0 1 1 0 0
  0.000  37.200 0  40.000 0  20.000 0 0.0 1 0.0 1 0 0 0 0 0 0 1 0.0 1 0 0 0 0 0 1 0.0 1 0.0 1 0.0 1 0.0 1 0.0 1   0.000 0 1 0 0 0 0 0  36.000 0  62.000 0 1 0 0 0   1.000 0 0 0 1
  0.000  37.900 0  72.000 0 0.0 1   0.666 0   0.666 0 0 0 0 0 1 0 0 1 0 0 0 1 0 0 0   0.333 0   0.000 0   0.000 0 0.5 0   2.000 0   0.333 0 0 0 0 1 0 0  58.000 0  74.000 0 1 0 0 0   2.000 0 1 0 0
  0.000  37.500 0  48.000 0  30.000 0   0.000 0   0.666 0 0 0 1 0 0 0 0 0 0 0 0 0 0 0 1   0.666 0   0.000 0   0.000 0 0 0 0.0 1   0.666 0 1 0 0 0 0 0  48.000 0   8.600 0 0 0 0 1 0.0 1 1 0 0
  0.000  38.000 0  60.000 0  12.000 0   0.333 0   0.666 0 0 0 1 0 0 0 0 0 0 0 0 1 0 0 0   0.333 0   0.000 0   0.000 0 0 0 0.0 1   1.000 0 0 1 0 0 0 0  47.000 0   7.000 0 0 0 0 1 0.0 1 1 0 0
  0.000  37.700 0  66.000 0  12.000 0   0.666 0   0.666 0 0 0 1 0 0 0 0 0 0 0 0 1 0 0 0   0.333 0   0.333 0   0.500 0 0.0 1 0.0 1   0.000 0 0 0 0 1 0 0  31.500 0   6.200 0 0 1 0 0   1.600 0 1 0 0
  0.000  38.500 0 129.000 0  48.000 0   0.333 0   0.333 0 0 0 1 0 0 0 0 0 0 0 1 0 0 0 0   0.000 0   0.666 0   0.000 0 0.5 0   2.000 0 0.0 1 0 0 0 0 0 1  57.000 0  66.000 0 0 0 1 0   2.000 0 1 0 0
  1.000  38.600 0 160.000 0  20.000 0   0.333 0 0.0 1 0 0 0 0 1 0 0 0 0 0 0 1 0 0 0   0.333 0   1.000 0   1.000 0 0.0 1 0.0 1   0.000 0 0 0 0 0 0 1  38.000 0 0.0 1 0 1 0 0 0.0 1 0 1 0
  0.000  39.300 0 0.0 1 0.0 1   0.000 0   0.333 0 0 0 0 0 0 1 0 1 0 0 0 0 1 0 0   0.000 0   0.333 0   0.000 0 0.5 0   4.000 0   0.000 0 0 0 0 1 0 0  75.000 0 0.0 1 0 0 1 0   4.300 0 0 1 0
  0.000  37.900 0  40.000 0  24.000 0   0.666 0   0.666 0 1 0 0 0 0 0 0 0 0 0 1 0 0 0 0   0.333 0   0.000 0 0.0 1 0.0 1 0.0 1 0.0 1 0 0 1 0 0 0  40.000 0   5.700 0 0 0 0 1 0.0 1 1 0 0
  0.000 0.0 1  60.000 0  30.000 0   0.333 0   0.333 0 0 0 0 1 0 0 0 1 0 0 0 0 0 1 0   0.000 0   1.000 0   0.000 0 0 0 0.0 1   0.000 0 0 0 0 0 0 1  45.000 0  70.000 0 0 0 1 0   2.000 0 1 0 0
  0.000  38.100 0  70.000 0  22.000 0 0.0 1   0.666 0 0 0 0 0 0 0 1 0 0 0 0 0 0 1 0   0.333 0 0.0 1 0.0 1 0.0 1 0.0 1 0.0 1 0 0 0 0 1 0  36.000 0  65.000 0 0 0 0 1 0.0 1 0 0 1
  0.000  38.400 0  84.000 0  30.000 0   0.333 0   0.666 0 0 0 0 0 1 0 0 1 0 0 0 0 1 0 0   0.333 0   0.666 0   0.500 0 0.5 0   6.500 0   0.000 0 0 0 0 1 0 0  47.000 0   7.500 0 0 0 1 0 0.0 1 0 1 0
  0.000  39.300 0  64.000 0  90.000 0   1.000 0   0.333 0 1 0 0 0 0 0 0 0 0 0 0 0 0 0 1   0.333 0   0.000 0   0.000 0 1 0 0.0 1 0.0 1 0 0 0 0 0 1  39.000 0   6.700 0 0 0 0 1 0.0 1 1 0 0
  0.000  37.300 0  48.000 0  20.000 0 0.0 1   0.666 0 0 1 0 0 0 0 0 0 0 0 0 1 0 0 0   0.333 0   0.666 0   0.500 0 0 0 0.0 1   0.333 0 0 0 0 0 1 0  41.000 0  69.000 0 0 0 0 1 0.0 1 1 0 0
  0.000  37.800 0  88.000 0  80.000 0   0.333 0   0.333 0 0 0 0 0 1 0 0 1 0 0 0 0 0 0 1   0.333 0   0.666 0   0.500 0 0.5 0 0.0 1   0.000 0 0 0 0 0 1 0  64.000 0  89.000 0 0 0 0 1 0.0 1 0 0 1
  0.000 0.0 1 140.000 0 0.0 1 0.0 1 0.0 1 0 0 0 1 0 0 0 1 0 0 0 0 0 1 0   0.000 0   1.000 0   0.000 0 0 0 0.0 1 0.0 1 0 0 0 0 1 0  30.000 0  69.000 0 0 0 0 1 0.0 1 0 1 0
  0.000  36.100 0  88.000 0 0.0 1   0.333 0   0.333 0 0 0 1 0 0 0 0 0 0 0 0 1 0 0 0   0.333 0   0.333 0   0.500 0 0.5 0 0.0 1 0.0 1 0 0 0 1 0 0  45.000 0   7.000 0 0 0 1 0   4.800 0 0 0 1
  0.000  37.600 0  45.000 0  12.000 0   0.333 0   0.666 0 0 0 1 0 0 0 0 0 0 0 0 0 0 0 1   0.666 0   0.333 0   0.500 0 0 0 0.0 1   0.666 0 0 0 0 1 0 0  39.000 0   7.000 0 0 1 0 0   1.500 0 1 0 0
  1.000  38.800 0 124.000 0  36.000 0   0.333 0   0.666 0 0 1 0 0 0 0 0 0 0 0 1 0 0 0 0   0.333 0   1.000 0   0.000 0 0 0 0.0 1   0.000 0 0 0 0 1 0 0  50.000 0   7.600 0 0 0 1 0 0.0 1 0 1 0
  0.000  38.200 0  60.000 0 0.0 1   0.666 0 0.0 1 0 0 1 0 0 0 0 0 0 0 1 0 0 0 0   1.000 0   0.000 0   0.000 0 0 0 0.0 1   0.000 0 0 0 0 1 0 0  43.000 0   6.200 0 0 1 0 0   3.900 0 1 0 0
  0.000 0.0 1  56.000 0  68.000 0   0.333 0   0.666 0 1 0 0 0 0 0 0 0 0 0 0 1 0 0 0   0.333 0   0.000 0   0.500 0 0 0 0.0 1   0.666 0 0 0 0 0 0 1  40.000 0   6.000 0 0 0 0 1 0.0 1 0 0 1
  0.000  36.500 0 100.000 0  24.000 0   0.333 0   0.333 0 0 0 1 0 0 0 0 0 0 0 0 1 0 0 0   0.333 0   0.666 0   1.000 0 0 0 0.0 1   0.000 0 0 0 0 1 0 0  50.000 0   6.000 0 0 0 1 0   3.400 0 1 0 0
  0.000  39.500 0 0.0 1 0.0 1   0.333 0   0.333 0 0 0 0 1 0 0 0 1 0 0 0 1 0 0 0   0.000 0   0.666 0 0.0 1 0.5 0   5.500 0   0.000 0 0 0 0 0 1 0 0.0 1   6.700 0 1 0 0 0 0.0 1 0 0 1
  0.000  38.100 0  60.000 0  12.000 0   0.333 0   0.333 0 0 0 1 0 0 0 0 0 0 0 0 0 0 0 1   0.000 0   0.666 0   1.000 0 1 0   2.000 0 0.0 1 0 0 0 0 0 1  51.000 0  65.000 0 0 0 0 1 0.0 1 1 0 0
  0.000  38.200 0  42.000 0 0.0 1   0.333 0   0.666 0 1 0 0 0 0 0 0 0 0 1 0 0 0 0 0   1.000 0   0.333 0   0.500 0 0 0 0.0 1   0.333 0 0 1 0 0 0 0  35.000 0   5.900 0 0 1 0 0 0.0 1 1 0 0
  0.000  38.600 0  48.000 0  20.000 0   0.333 0   0.666 0 1 0 0 0 0 0 0 0 0 1 0 0 0 0 0   0.333 0   0.333 0   0.500 0 0 0 0.0 1   0.333 0 0 1 0 0 0 0  50.000 0   7.300 0 1 0 0 0 0.0 1 1 0 0
  0.000 0.0 1  36.000 0  32.000 0   0.666 0   0.666 0 0 0 0 1 0 0 0 0 0 0 0 0 0 1 0   0.333 0   0.666 0   0.500 0 0.5 0   4.000 0 0.0 1 0 0 0 1 0 0  41.000 0   5.900 0 0 0 0 1 0.0 1 0 1 0
  0.000 0.0 1 100.000 0 0.0 1   0.333 0   0.333 0 0 0 0 1 0 0 0 1 0 0 0 0 0 0 1   0.000 0   1.000 0   0.500 0 0 0   2.000 0 0.0 1 0 0 0 0 0 1  68.000 0  64.000 0 0 0 1 0   2.000 0 1 0 0
  0.000  37.700 0  55.000 0  28.000 0   1.000 0   0.666 0 0 1 0 0 0 0 0 0 0 0 1 0 0 0 0   0.333 0   0.666 0 0.0 1 0.5 0   5.000 0   0.000 0 0 0 0 0 1 0 0.0 1 0.0 1 0 0 0 1 0.0 1 1 0 0
  0.000  39.400 0  54.000 0  66.000 0   0.666 0   0.666 0 0 1 0 0 0 0 0 0 0 0 1 0 0 0 0   0.333 0   0.333 0   0.000 0 0 0 0.0 1   0.333 0 0 0 0 1 0 0  39.000 0   6.000 0 0 1 0 0 0.0 1 1 0 0
  0.000  37.400 0  84.000 0  20.000 0 0.0 1 0.0 1 0 0 1 0 0 0 0 0 0 0 1 0 0 0 0   0.333 0   0.666 0 0.0 1 0.0 1 0.0 1 0.0 1 0 0 0 0 0 1  31.000 0  61.000 0 0 0 0 1   1.000 0 0 0 1
  1.000 0.0 1 0.0 1 0.0 1 0.0 1 0.0 1 0 0 0 0 0 0 1 0.0 1 0 0 0 0 0 1 0.0 1 0.0 1 0.0 1 0.0 1 0.0 1 0.0 1 0 0 0 0 0 1  45.000 0   6.500 0 0 1 0 0 0.0 1 1 0 0
  0.000  36.500 0  78.000 0  30.000 0   0.666 0 0.0 1 1 0 0 0 0 0 0 0 0 0 0 0 0 1 0   0.333 0   0.000 0 0.0 1 0 0 0.0 1 0.0 1 0 0 0 0 0 1  34.000 0  75.000 0 0 1 0 0   1.000 0 1 0 0
  0.000  37.100 0  60.000 0  20.000 0   1.000 0 0.0 1 0 0 0 1 0 0 0 0 0 0 0 1 0 0 0 0.0 1   0.666 0 0.0 1 1 0   5.000 0   0.333 0 0 0 0 1 0 0  64.000 0   8.500 0 0 1 0 0 0.0 1 1 0 0
  0.000  37.500 0  72.000 0 0.0 1   1.000 0   0.666 0 1 0 0 0 0 0 0 0 0 0 1 0 0 0 0   1.000 0   0.000 0   0.000 0 0 0 0.0 1   0.666 0 0 0 0 0 0 1  35.000 0  65.000 0 0 1 0 0   2.000 0 0 0 1
  0.000  38.200 0  48.000 0 0.0 1   0.666 0   0.333 0 0 0 1 0 0 0 0 0 0 0 0 1 0 0 0   0.000 0   1.000 0   0.000 0 0.5 0   2.000 0   0.000 0 0 0 0 0 1 0  42.000 0  71.000 0 0 0 0 1 0.0 1 1 0 0
  0.000  38.900 0  44.000 0  14.000 0   0.333 0   0.666 0 1 0 0 0 0 0 0 0 0 0 1 0 0 0 0   0.333 0   0.333 0 0.0 1 0.0 1 0.0 1 0.0 1 0 1 0 0 0 0  33.000 0  64.000 0 0 0 0 1 0.0 1 1 0 0
  0.000  38.600 0  56.000 0  32.000 0   1.000 0   0.666 0 1 0 0 0 0 0 0 0 0 1 0 0 0 0 0   1.000 0   0.000 0   0.500 0 0.0 1 0.0 1   1.000 0 0 0 0 0 0 1  40.000 0   7.000 0 0 1 0 0   2.100 0 1 0 0
  0.000 0.0 1  75.000 0  12.000 0   0.666 0   0.666 0 0 0 0 1 0 0 0 0 0 0 0 0 0 1 0   0.333 0   0.666 0 0.0 1 0.5 0   5.800 0 0.0 1 0 0 0 0 0 1  58.000 0   8.500 0 1 0 0 0 0.0 1 1 0 0
  0.000  38.200 0  56.000 0  40.000 0   0.000 0   0.333 0 1 0 0 0 0 0 0 0 0 0 1 0 0 0 0   0.000 0   0.666 0   0.500 0 1 0   7.500 0 0.0 1 0 0 0 0 0 1  47.000 0   7.200 0 1 0 0 0   2.500 0 1 0 0
  0.000 0.0 1 0.0 1 0.0 1   0.333 0   0.333 0 1 0 0 0 0 0 0 0 0 0 0 0 0 1 0   0.333 0   0.666 0   0.000 0 0 0 0.0 1   0.000 0 0 0 0 0 1 0  38.000 0   6.500 0 0 0 0 1 0.0 1 0 1 0
  0.000  38.500 0  92.000 0  40.000 0   0.000 0   0.333 0 0 0 0 0 0 0 1 0 0 0 1 0 0 0 0   0.000 0   0.666 0 0.0 1 0.0 1 0.0 1   0.000 0 0 0 0 0 0 1  46.000 0  67.000 0 0 1 0 0   2.000 0 1 0 0
  0.000  37.700 0  56.000 0 0.0 1 0.0 1 0.0 1 0 0 0 0 0 0 1 0.0 1 0 0 0 0 0 1 0.0 1 0.0 1 0.0 1 0.0 1 0.0 1 0.0 1 0 0 0 0 0 1 0.0 1 0.0 1 0 0 0 1 0.0 1 0 1 0
  0.000  38.000 0  48.000 0  12.000 0   0.666 0   0.666 0 1 0 0 0 0 0 0 0 0 1 0 0 0 0 0   0.333 0 0.0 1   0.000 0 0 0 0.0 1   0.333 0 0 1 0 0 0 0  42.000 0   6.300 0 0 1 0 0   4.100 0 1 0 0
  0.000  39.600 0 108.000 0  51.000 0   0.333 0   0.333 0 0 0 0 0 0 1 0 1 0 0 1 0 0 0 0   0.000 0   0.666 0   0.000 0 1 0 0.0 1   0.333 0 0 0 0 0 1 0  59.000 0   8.000 0 0 1 0 0   2.600 0 1 0 0
  0.000  38.400 0  48.000 0  16.000 0   0.666 0 0.0 1 1 0 0 0 0 0 0 0 0 1 0 0 0 0 0   0.333 0   0.000 0   0.500 0 0.5 0   5.500 0   0.000 0 0 0 1 0 0 0  49.000 0   6.800 0 0 0 0 1 0.0 1 1 0 0
  0.000  37.400 0  84.000 0  36.000 0   0.666 0 0.0 1 0 0 1 0 0 0 0 1 0 0 0 1 0 0 0   0.333 0   0.333 0 0.0 1 0.0 1 0.0 1   0.000 0 0 0 0 0 1 0 0.0 1 0.0 1 0 0 1 0 0.0 1 0 1 0
  0.000  38.500 0  86.000 0 0.0 1   0.666 0   0.666 0 0 0 1 0 0 0 0 0 0 0 0 0 1 0 0   0.000 0   0.666 0   0.500 0 0 0 0.0 1   0.333 0 0 0 0 0 1 0  45.000 0   7.400 0 1 0 0 0   3.400 0 0 1 0
  0.000  37.200 0  72.000 0  24.000 0   0.333 0   1.000 0 0 0 0 1 0 0 0 1 0 0 0 0 1 0 0   0.333 0   0.666 0   1.000 0 0 0 0.0 1   0.000 0 0 0 0 1 0 0  44.000 0 0.0 1 0 0 1 0   3.300 0 0 0 1
  0.000  37.100 0  84.000 0  40.000 0   0.333 0   0.333 0 0 0 0 0 0 1 0 0 0 0 1 0 0 0 0   0.000 0   1.000 0   1.000 0 1 0   2.000 0   0.000 0 0 0 0 0 1 0  75.000 0  81.000 0 0 0 0 1 0.0 1 0 0 1
  1.000 0.0 1 0.0 1 0.0 1 0.0 1 0.0 1 0 0 0 0 0 0 1 0.0 1 0 0 0 0 0 1 0.0 1 0.0 1 0.0 1 0.0 1 0.0 1 0.0 1 0 0 0 0 0 1  37.000 0   4.900 0 0 0 0 1 0.0 1 0 1 0
  0.000  38.200 0  52.000 0  16.000 0   0.666 0   0.666 0 0 1 0 0 0 0 0 0 0 1 0 0 0 0 0   0.666 0   0.000 0   0.000 0 0 0 0.0 1   0.666 0 0 0 0 0 0 1  43.000 0   8.100 0 0 0 0 1 0.0 1 1 0 0
  0.000  38.000 0  48.000 0 0.0 1   0.666 0   0.666 0 1 0 0 0 0 0 0 0 0 1 0 0 0 0 0   0.666 0   1.000 0   0.500 0 1 0 0.0 1   0.000 0 0 0 0 0 1 0 0.0 1 0.0 1 0 0 0 1 0.0 1 1 0 0
  0.000 0.0 1 100.000 0 0.0 1   0.333 0 0.0 1 0 0 0 1 0 0 0 1 0 0 0 0 0 1 0   0.000 0 0.0 1   0.500 0 0.0 1 0.0 1   1.000 0 0 0 0 0 0 1  59.000 0   6.300 0 0 0 0 1 0.0 1 0 1 0
  0.000  38.300 0 112.000 0  16.000 0 0.0 1   0.333 0 0 0 0 0 1 0 0 1 0 0 0 0 0 0 1 0.0 1   0.000 0   0.000 0 1 0 0.0 1 0.0 1 0 0 0 0 1 0  51.000 0   6.000 0 0 1 0 0   1.000 0 0 0 1
  0.000  38.500 0  60.000 0 0.0 1   0.666 0   0.666 0 0 0 0 0 0 0 1 0 0 0 0 0 0 0 1   1.000 0   0.000 0 0.0 1 0.0 1 0.0 1 0.0 1 0 0 0 0 0 1  33.000 0  53.000 0 1 0 0 0 0.0 1 1 0 0
  0.000  39.400 0 110.000 0  35.000 0   0.000 0   0.333 0 0 0 0 0 0 1 0 0.0 1 0 0 0 0 0 1   0.333 0   0.666 0 0.0 1 0.0 1 0.0 1 0.0 1 0 0 0 0 0 1  55.000 0   8.700 0 0 0 0 1 0.0 1 1 0 0
  0.000  37.800 0  48.000 0  32.000 0   0.666 0   0.666 0 0 0 1 0 0 0 0 0 0 0 1 0 0 0 0   1.000 0 0.0 1   0.000 0 0 0 0.0 1   0.000 0 0 0 0 0 1 0  37.000 0   6.700 0 0 0 0 1 0.0 1 1 0 0
  1.000  38.800 0 150.000 0  50.000 0   0.666 0   0.333 0 0 0 0 0 0 1 0 1 0 0 0 0 0 1 0   0.333 0   0.333 0   0.000 0 0 0 0.0 1 0.0 1 0 0 0 0 0 1  50.000 0   6.200 0 0 0 0 1 0.0 1 0 1 0
  0.000 0.0 1 0.0 1 0.0 1 0.0 1 0.0 1 0 0 0 0 0 0 1 0.0 1 0 0 0 0 0 1 0.0 1 0.0 1 0.0 1 0.0 1 0.0 1 0.0 1 0 0 0 0 0 1 0.0 1 0.0 1 0 0 0 1 0.0 1 1 0 0
  0.000 0.0 1  60.000 0  36.000 0   0.333 0   0.666 0 0 0 1 0 0 0 0 0 0 0 0 1 0 0 0   0.333 0   0.333 0   0.000 0 0 0 0.0 1   0.333 0 0 0 0 1 0 0  26.000 0  72.000 0 0 1 0 0   1.000 0 1 0 0
  0.000  38.500 0  90.000 0 0.0 1   0.666 0   0.666 0 0 0 1 0 0 0 0 0 0 0 0 1 0 0 0   0.333 0   0.666 0   0.500 0 0.5 0   2.000 0   0.000 0 0 0 0 0 1 0  47.000 0  79.000 0 0 0 0 1 0.0 1 1 0 0
  0.000  38.300 0  54.000 0  18.000 0   0.333 0   0.666 0 0 1 0 0 0 0 0 0 0 0 1 0 0 0 0   0.333 0   0.333 0 0.0 1 0.5 0   5.400 0 0.0 1 0 0 0 1 0 0  44.000 0   7.200 0 0 0 1 0 0.0 1 1 0 0
  0.000 0.0 1  88.000 0 0.0 1   0.333 0   0.333 0 0 0 0 0 0 1 0 1 0 0 0 0 0 1 0   0.333 0   0.666 0   0.000 0 0.5 0 0.0 1   0.000 0 0 0 0 0 1 0  63.000 0   6.500 0 0 0 1 0 0.0 1 0 1 0
  0.000  37.700 0  48.000 0 0.0 1   1.000 0   0.666 0 1 0 0 0 0 0 0 0 0 1 0 0 0 0 0   1.000 0   0.000 0   0.000 0 0 0 0.0 1 0.0 1 0 0 0 0 0 1  45.000 0  76.000 0 0 0 0 1 0.0 1 1 0 0
  0.000  38.300 0  80.000 0 0.0 1   0.333 0   0.333 0 0 0 0 1 0 0 0 1 0 0 0 0 0 1 0   0.000 0   0.666 0   0.500 0 0 0 0.0 1   0.000 0 0 0 0 1 0 0  45.000 0   7.500 0 0 1 0 0   4.600 0 1 0 0
  0.000  37.800 0  60.000 0  24.000 0   0.666 0 0.0 1 0 0 1 0 0 0 0 1 0 0 0 0 0 0 1   0.000 0   1.000 0   0.500 0 0.5 0   2.000 0 0.0 1 0 0 0 0 1 0  52.000 0  75.000 0 0 0 0 1 0.0 1 0 0 1
  0.000  38.100 0  84.000 0  44.000 0   0.000 0 0.0 1 0 0 0 1 0 0 0 1 0 0 0 0 0 1 0   0.333 0   0.000 0   0.000 0 0.5 0   5.000 0 0.0 1 0 0 0 1 0 0  60.000 0   6.800 0 0 0 0 1   5.700 0 0 1 0
  0.000  38.300 0  42.000 0  10.000 0   0.666 0   0.666 0 1 0 0 0 0 0 0 0 0 1 0 0 0 0 0   1.000 0   0.000 0 0.0 1 0.0 1 0.0 1 0.0 1 0 0 0 0 0 1  38.000 0  61.000 0 0 0 0 1 0.0 1 1 0 0
  1.000  39.200 0 146.000 0  96.000 0 0.0 1 0.0 1 0 0 0 0 0 0 1 0.0 1 0 0 0 0 0 1 0.0 1 0.0 1 0.0 1 0.0 1 0.0 1 0.0 1 0 0 0 0 0 1 0.0 1 0.0 1 0 0 0 1 0.0 1 0 1 0
  1.000  38.600 0  88.000 0  28.000 0 0.0 1 0.0 1 0 0 0 0 0 0 1 0.0 1 0 0 0 0 0 1 0.0 1 0.0 1 0.0 1 0.0 1 0.0 1 0.0 1 0 0 0 0 0 1  35.000 0   5.900 0 0 0 0 1 0.0 1 1 0 0
  0.000  38.600 0  40.000 0  20.000 0 0.0 1 0.0 1 0 0 0 0 0 0 1 0 0 0 0 0 0 0 1 0.0 1 0.0 1 0.0 1 0.0 1 0.0 1 0.0 1 0 0 0 0 0 1  41.000 0   6.400 0 0 0 0 1 0.0 1 1 0 0
  0.000  38.300 0  72.000 0  30.000 0   0.000 0   0.333 0 0 0 1 0 0 0 0 1 0 0 0 1 0 0 0   0.333 0   0.666 0   0.500 0 0 0 0.0 1   0.333 0 0 0 0 0 1 0  43.000 0   7.000 0 0 1 0 0   3.900 0 1 0 0
  0.000  38.700 0  60.000 0  32.000 0   0.000 0   0.333 0 0 1 0 0 0 0 0 1 0 0 0 0 1 0 0   0.000 0   1.000 0 0.0 1 0.0 1 0.0 1   0.000 0 0 0 0 0 1 0  53.000 0  64.000 0 0 0 1 0   2.000 0 0 0 1
  0.000 0.0 1  60.000 0 0.0 1   0.333 0 0.0 1 0 0 0 0 0 0 1 0 0 0 0 0 0 0 1   0.000 0   0.333 0   0.500 0 0 0 0.0 1   0.333 0 0 0 0 1 0 0  44.000 0   8.300 0 0 0 0 1 0.0 1 0 1 0
  0.000  38.000 0  36.000 0  16.000 0   0.333 0   0.666 0 1 0 0 0 0 0 0 0 0 0 0 0 1 0 0   0.666 0   0.333 0   1.000 0 0.5 0   2.000 0   0.333 0 0 0 0 0 0 1  37.000 0  75.000 0 0 1 0 0   1.000 0 0 0 1
  1.000  38.400 0  84.000 0  40.000 0   0.333 0   0.333 0 0 1 0 0 0 0 0 0 0 0 0 1 0 0 0   0.333 0   0.666 0   0.000 0 0 0 0.0 1 0.0 1 0 0 0 0 0 1  36.000 0   6.600 0 0 1 0 0   2.800 0 0 1 0
  0.000  37.700 0  40.000 0  18.000 0   0.666 0   0.666 0 1 0 0 0 0 0 0 0.0 1 0 0 1 0 0 0   0.666 0   0.000 0   0.000 0 0 0 0.0 1   0.333 0 0 0 1 0 0 0  36.000 0   3.500 0 0 0 0 1 0.0 1 1 0 0
  0.000  38.500 0  54.000 0  20.000 0 0.0 1   0.666 0 0 1 0 0 0 0 0 1 0 0 0 1 0 0 0   0.000 0   0.000 0   0.500 0 1 0   5.900 0 0.0 1 0 1 0 0 0 0  42.000 0   6.300 0 0 0 0 1 0.0 1 1 0 0
  0.000 0.0 1  40.000 0  16.000 0 0.0 1 0.0 1 0 0 0 0 0 0 1 0 0 0 0 0 0 0 1 0.0 1 0.0 1 0.0 1 0.0 1 0.0 1 0.0 1 0 0 0 0 0 1  50.000 0   7.000 0 0 1 0 0   3.900 0 0 0 1
  0.000  37.400 0  50.000 0  32.000 0   0.333 0   0.333 0 0 0 0 0 0 0 1 0 0 0 0 0 1 0 0   0.000 0   0.000 0   0.500 0 0 0 0.0 1   0.666 0 0 0 0 0 0 1  45.000 0   7.900 0 0 1 0 0   1.000 0 1 0 0
  0.000 0.0 1  44.000 0  24.000 0   0.666 0   0.666 0 1 0 0 0 0 0 0 0 0 0 0 1 0 0 0   0.333 0   0.000 0   0.500 0 0 0 0.0 1 0.0 1 1 0 0 0 0 0 0.0 1   6.300 0 0 0 0 1 0.0 1 1 0 0
  0.000  37.900 0  48.000 0  16.000 0   0.666 0   0.666 0 1 0 0 0 0 0 0 0 0 0 0 1 0 0 0   0.333 0   0.666 0   0.000 0 0 0 0.0 1   0.333 0 0 0 0 0 1 0  37.000 0   7.000 0 0 0 0 1 0.0 1 1 0 0
  0.000  38.000 0  60.000 0  32.000 0   0.666 0   0.666 0 0 0 0 0 0 0 1 0 0 0 0 1 0 0 0   0.333 0 0.0 1   0.000 0 0 0 0.0 1 0.0 1 0 0 0 0 0 1  50.000 0   7.000 0 1 0 0 0   1.000 0 1 0 0
  0.000  38.700 0  76.000 0 0.0 1   0.666 0   0.666 0 0 0 0 0 1 0 0 1 0 0 0 1 0 0 0   0.333 0   0.333 0   0.500 0 1 0 0.0 1   0.000 0 0 0 0 1 0 0  50.000 0   8.000 0 0 0 0 1 0.0 1 1 0 0
  0.000  39.900 0  72.000 0  60.000 0   0.666 0   0.666 0 0 0 0 0 1 0 0 1 0 0 0 0 0 1 0   0.000 0   1.000 0   1.000 0 0 0 0.0 1   0.000 0 0 0 0 1 0 0  46.000 0   6.100 0 0 1 0 0 0.0 1 1 0 0
  0.000  38.000 0  80.000 0  30.000 0   0.333 0   0.333 0 0 0 1 0 0 0 0 0 0 0 0 0 0 0 1 0.0 1 0.0 1 0.0 1 0.0 1   6.000 0 0.0 1 0 0 0 0 0 1  48.000 0   8.300 0 0 0 0 1   4.300 0 1 0 0
  0.000  38.300 0  40.000 0  24.000 0   0.666 0   0.666 0 0 0 1 0 0 0 0 0 0 0 0 1 0 0 0   0.333 0   0.000 0 0.0 1 0.0 1 0.0 1   0.666 0 1 0 0 0 0 0  33.000 0   6.700 0 0 0 0 1 0.0 1 1 0 0
  0.000  37.800 0  30.000 0  12.000 0 0.0 1 0.0 1 0 0 0 0 0 0 1 0.0 1 0 0 0 0 0 1 0.0 1 0.0 1 0.0 1 0.0 1 0.0 1 0.0 1 0 0 0 0 0 1 0.0 1 0.0 1 0 0 0 1 0.0 1 0 1 0
  0.000  38.400 0  80.000 0  60.000 0   0.333 0   1.000 0 0 1 0 0 0 0 0 0 0 0 0 1 0 0 0   0.666 0   0.000 0   0.500 0 1 0 0.0 1   0.666 0 1 0 0 0 0 0  54.000 0   6.900 0 0 0 0 1 0.0 1 1 0 0
  0.000 0.0 1  80.000 0 0.0 1   0.333 0   0.333 0 0 0 1 0 0 0 0 0 0 0 0 0 1 0 0   0.000 0   1.000 0 0.0 1 0.0 1 0.0 1   0.000 0 0 0 0 0 1 0  43.000 0  70.000 0 0 0 0 1 0.0 1 1 0 0
  1.000  38.500 0 120.000 0  70.000 0 0.0 1 0.0 1 0 0 0 0 0 0 1 0.0 1 0 0 0 0 0 1   1.000 0 0.0 1   0.500 0 0.0 1 0.0 1   0.666 0 0 0 0 0 0 1  35.000 0  54.000 0 1 0 0 0   1.000 0 1 0 0
  0.000  39.300 0 100.000 0  51.000 0   0.000 0   0.000 0 0 0 0 0 0 1 0 0 0 0 1 0 0 0 0   0.000 0   0.000 0   0.000 0 0.5 0   2.000 0 0.0 1 0 0 0 1 0 0  66.000 0  13.000 0 0 0 1 0   2.000 0 0 0 1
  1.000 0.0 1 128.000 0  36.000 0   0.333 0   0.333 0 0 0 0 1 0 0 0 1 0 0 0 0 1 0 0   0.000 0   0.666 0   1.000 0 0.0 1 0.0 1   0.000 0 0 0 0 0 1 0  53.000 0   7.800 0 0 0 1 0   4.700 0 0 1 0
  0.000  37.600 0  68.000 0  32.000 0   0.333 0 0.0 1 0 0 1 0 0 0 0 0 0 0 0 0 1 0 0   0.666 0   1.000 0   0.500 0 1 0   6.500 0   0.666 0 0 0 0 0 1 0  47.000 0   7.200 0 1 0 0 0 0.0 1 1 0 0
  0.000  37.000 0  66.000 0  20.000 0   0.666 0   0.333 0 0 1 0 0 0 0 0 0 0 0 0 0 1 0 0   0.333 0   0.666 0   0.000 0 0.0 1 0.0 1   0.666 0 0 0 0 0 1 0  35.000 0   6.900 0 0 1 0 0 0.0 1 0 1 0
  0.000  38.300 0  72.000 0  30.000 0   0.000 0   0.333 0 0 0 1 0 0 0 0 1 0 0 0 1 0 0 0   0.333 0   0.666 0   0.500 0 0 0 0.0 1   0.333 0 0 0 0 0 1 0  43.000 0   7.000 0 0 1 0 0   3.900 0 1 0 0
  0.000  37.900 0  88.000 0  24.000 0   0.666 0   0.666 0 0 1 0 0 0 0 0 0 0 0 1 0 0 0 0   0.666 0   0.000 0 0.0 1 0.0 1 0.0 1   0.000 0 1 0 0 0 0 0  37.000 0  56.000 0 0 0 0 1 0.0 1 1 0 0
  0.000  39.100 0  72.000 0  52.000 0   1.000 0 0.0 1 0 1 0 0 0 0 0 0 0 0 1 0 0 0 0   1.000 0   0.333 0   0.000 0 0 0 0.0 1   0.000 0 0 0 0 1 0 0  50.000 0   7.800 0 0 0 0 1 0.0 1 1 0 0
  0.000  39.000 0  84.000 0  12.000 0   0.333 0   0.666 0 0 0 0 0 1 0 0 0 0 0 1 0 0 0 0   0.000 0   0.333 0   0.000 0 1 0   7.000 0 0.0 1 0 0 0 1 0 0  62.000 0   5.900 0 0 1 0 0   2.200 0 0 1 0
  0.000  38.300 0  44.000 0  60.000 0 0.0 1 0.0 1 1 0 0 0 0 0 0 0 0 0 0 0 0 0 1 0.0 1 0.0 1 0.0 1 0.0 1 0.0 1 0.0 1 0 0 0 0 0 1   6.400 0  36.000 0 0 0 0 1 0.0 1 1 0 0
  0.000  38.000 0  40.000 0  25.000 0 0.0 1   0.666 0 1 0 0 0 0 0 0 0 0 0 0 0 1 0 0   0.333 0   0.333 0   0.000 0 0 0 0.0 1   0.000 0 0 0 0 0 0 1  37.000 0  69.000 0 0 0 0 1 0.0 1 1 0 0
  0.000 0.0 1 0.0 1  12.000 0   0.666 0   0.666 0 0 1 0 0 0 0 0 0 0 0 1 0 0 0 0   1.000 0   0.333 0   1.000 0 0 0 0.0 1   0.666 0 0 0 1 0 0 0  44.000 0   7.500 0 0 1 0 0 0.0 1 1 0 0
  1.000  38.300 0 130.000 0  60.000 0 0.0 1   0.333 0 0 0 0 0 0 0 1 0 0 0 1 0 0 0 0   0.000 0 0.0 1 0.0 1 0.0 1 0.0 1 0.0 1 0 0 0 0 0 1  50.000 0  70.000 0 0 0 0 1 0.0 1 1 0 0
  0.000 0.0 1 0.0 1 0.0 1 0.0 1 0.0 1 0 0 0 0 0 0 1 0.0 1 0 0 0 1 0 0 0.0 1 0.0 1   0.000 0 0 0 0.0 1 0.0 1 0 0 0 0 1 0  35.000 0  58.000 0 0 1 0 0   1.000 0 1 0 0
  1.000  38.900 0 120.000 0  30.000 0   0.666 0   0.333 0 0 1 0 0 0 0 0 1 0 0 0 1 0 0 0   0.333 0   0.666 0   1.000 0 0 0   3.000 0 0.0 1 0 0 0 0 0 1  47.000 0   6.300 0 1 0 0 0 0.0 1 1 0 0
  0.000  39.200 0 0.0 1  23.000 0   0.333 0   0.666 0 0 0 1 0 0 0 0 0 0 0 0 0 1 0 0   0.000 0   0.333 0   0.500 0 0.0 1 0.0 1 0.0 1 0 0 0 0 0 1  36.000 0   6.600 0 1 0 0 0   3.000 0 1 0 0
  0.000 0.0 1 120.000 0 0.0 1   0.333 0   0.000 0 0 0 0 1 0 0 0 0 0 0 0 0 1 0 0   0.000 0   1.000 0   0.000 0 0 0 0.0 1 0.0 1 0 0 0 0 1 0  52.000 0  67.000 0 0 1 0 0   2.000 0 0 0 1
  0.000  40.300 0 114.000 0  36.000 0   0.333 0   0.333 0 1 0 0 0 0 0 0 1 0 0 1 0 0 0 0   0.333 0   0.666 0   0.500 0 0 0   7.000 0   0.666 0 0 0 0 0 1 0  57.000 0   8.100 0 0 0 1 0   4.500 0 0 0 1
  0.000  37.800 0  88.000 0  22.000 0   1.000 0   0.666 0 0 1 0 0 0 0 0 0 0 0 0 1 0 0 0 0.0 1 0.0 1   0.500 0 0.0 1 0.0 1   0.000 0 0 0 0 0 0 1  64.000 0   8.000 0 1 0 0 0   6.000 0 0 1 0
  0.000 0.0 1 0.0 1 0.0 1   0.000 0   0.333 0 0 0 0 0 0 0 1 1 0 0 1 0 0 0 0   0.000 0   0.000 0 0.0 1 0.0 1 0.0 1 0.0 1 0 0 0 0 0 1  54.000 0  76.000 0 0 0 1 0   2.000 0 1 0 0
  0.000  37.900 0 120.000 0  60.000 0   0.333 0   0.333 0 0 0 1 0 0 0 0 0 0 0 0 0 0 1 0   0.000 0   1.000 0   0.500 0 1 0   7.500 0   0.000 0 0 0 0 0 1 0  52.000 0   6.600 0 0 0 1 0   1.800 0 0 1 0
  0.000  38.200 0  68.000 0  32.000 0   1.000 0   1.000 0 0 1 0 0 0 0 0 0 0 1 0 0 0 0 0   1.000 0   0.000 0   1.000 0 0 0 0.0 1   0.666 0 1 0 0 0 0 0  43.000 0  65.000 0 0 0 0 1 0.0 1 1 0 0
  0.000  35.400 0 140.000 0  24.000 0   0.333 0   0.333 0 0 0 0 1 0 0 0 1 0 0 0 0 1 0 0   0.000 0 0.0 1   0.500 0 0 0 0.0 1 0.0 1 0 0 0 0 1 0  57.000 0  69.000 0 0 0 1 0   2.000 0 0 0 1
  0.000  38.200 0  60.000 0  30.000 0   0.666 0   0.666 0 0 0 1 0 0 0 0 0 0 0 0 1 0 0 0   0.333 0   0.000 0   0.500 0 0 0 0.0 1   0.333 0 0 1 0 0 0 0  48.000 0  66.000 0 0 0 0 1 0.0 1 1 0 0
  0.000  37.500 0  96.000 0  18.000 0   0.666 0   0.333 0 0 0 0 0 0 1 0 1 0 0 0 1 0 0 0   0.000 0   0.333 0   0.500 0 0.5 0   5.000 0 0.0 1 0 0 0 1 0 0  69.000 0   8.900 0 0 0 1 0 0.0 1 1 0 0
  0.000 0.0 1 0.0 1 0.0 1 0.0 1 0.0 1 0 0 0 0 0 0 1 0.0 1 0 0 0 0 0 1 0.0 1 0.0 1 0.0 1 0.0 1 0.0 1 0.0 1 0 0 0 0 0 1 0.0 1 0.0 1 0 0 0 1 0.0 1 1 0 0
  0.000  37.200 0  60.000 0 0.0 1   1.000 0   0.666 0 1 0 0 0 0 0 0 0 0 0 0 1 0 0 0   0.333 0   0.666 0   0.500 0 0 0 0.0 1   0.000 0 0 0 0 0 1 0  43.000 0   6.600 0 0 0 0 1 0.0 1 1 0 0
  0.000  37.800 0  48.000 0  12.000 0   1.000 0   0.666 0 0 1 0 0 0 0 0 0 0 0 0 1 0 0 0 0.0 1   0.000 0   0.500 0 0.0 1 0.0 1   1.000 0 0 0 0 0 0 1  48.000 0   7.300 0 1 0 0 0 0.0 1 1 0 0
  0.000  37.800 0  48.000 0  28.000 0   0.666 0   0.666 0 1 0 0 0 0 0 0 1 0 1 0 0 0 0 0   0.666 0   0.000 0   0.500 0 0.0 1 0.0 1   0.666 0 1 0 0 0 0 0  46.000 0   5.900 0 0 1 0 0   7.000 0 1 0 0
  0.000  37.800 0  60.000 0  42.000 0 0.0 1 0.0 1 0 0 0 0 0 0 1 0 0 0 0 0 0 0 1 0.0 1 0.0 1 0.0 1 0.0 1 0.0 1 0.0 1 0 0 0 0 0 1 0.0 1 0.0 1 0 0 0 1 0.0 1 1 0 0
  0.000  37.500 0  44.000 0  20.000 0   0.666 0   0.666 0 0 0 1 0 0 0 0 0 0 0 0 0 0 0 1   1.000 0   0.000 0 0.0 1 0.0 1 0.0 1   0.666 0 0 0 0 0 0 1  35.000 0   7.200 0 0 0 0 1 0.0 1 1 0 0
  0.000  38.200 0  60.000 0  24.000 0   0.333 0   0.666 0 0 0 1 0 0 0 0 1 0 0 0 1 0 0 0   0.333 0   0.333 0   1.000 0 0.5 0 0.0 1   0.000 0 0 0 0 1 0 0  53.000 0   7.500 0 0 1 0 0   1.400 0 1 0 0
  0.000  38.700 0 0.0 1 0.0 1   0.333 0   0.666 0 0 0 1 0 0 0 0 0 0 0 0 0 0 1 0   0.000 0   0.333 0 0.0 1 0.0 1 0.0 1 0.0 1 0 0 0 0 0 1  33.000 0   6.500 0 0 1 0 0 0.0 1 1 0 0
  0.000  38.500 0  60.000 0  20.000 0   0.666 0   0.666 0 0 0 0 0 1 0 0 1 0 0 1 0 0 0 0   0.666 0   0.000 0   0.500 0 0 0 0.0 1   1.000 0 0 0 1 0 0 0  63.000 0   7.500 0 0 1 0 0   2.300 0 0 0 1
  0.000  40.300 0 114.000 0  36.000 0   0.333 0   0.333 0 1 0 0 0 0 0 0 1 0 0 1 0 0 0 0   0.333 0   0.666 0   0.500 0 0 0   7.000 0   0.666 0 0 0 0 0 1 0  57.000 0   8.100 0 0 0 1 0   4.500 0 0 1 0
  1.000  39.700 0 100.000 0 0.0 1   0.333 0   0.333 0 0 0 0 0 1 0 0 1 0 0 1 0 0 0 0   0.333 0 0.0 1 0.0 1 0.0 1 0.0 1 0.0 1 0 0 0 0 0 1  48.000 0  57.000 0 0 1 0 0   2.000 0 0 0 1
  0.000  38.600 0  52.000 0 0.0 1   0.666 0   0.666 0 1 0 0 0 0 0 0 0 0 0 0 1 0 0 0   0.333 0   0.333 0   0.000 0 0 0 0.0 1   0.666 0 0 0 1 0 0 0  32.000 0   6.600 0 1 0 0 0   5.000 0 1 0 0
  1.000  38.200 0 124.000 0  88.000 0   0.666 0   0.333 0 0 1 0 0 0 0 0 0 0 0 1 0 0 0 0   0.333 0   1.000 0 0.0 1 0.0 1 0.0 1 0.0 1 0 0 0 0 0 1  47.000 0   8.000 0 1 0 0 0 0.0 1 1 0 0
  0.000 0.0 1 112.000 0  24.000 0   0.333 0   0.333 0 0 0 0 1 0 0 0 1 0 0 0 0 0 1 0   0.000 0   0.333 0 0.0 1 0.0 1 0.0 1   0.000 0 0 0 0 0 0 1  40.000 0   5.300 0 0 0 1 0   2.600 0 1 0 0
  0.000  38.000 0  42.000 0  12.000 0   0.333 0 0.0 1 0 0 1 0 0 0 0 0 0 1 0 0 0 0 0   1.000 0   0.000 0 0.0 1 0.0 1 0.0 1 0.0 1 1 0 0 0 0 0  37.000 0   5.800 0 0 0 0 1 0.0 1 1 0 0
  0.000  36.800 0  60.000 0  28.000 0 0.0 1 0.0 1 0 0 0 0 0 0 1 0.0 1 0 0 0 0 0 1 0.0 1 0.0 1 0.0 1 0.0 1 0.0 1 0.0 1 0 0 0 0 0 1 0.0 1 0.0 1 0 0 0 1  10.000 0 0 1 0
  0.000  37.700 0  44.000 0  40.000 0   1.000 0   0.666 0 0 0 1 0 0 0 0 0 0 1 0 0 0 0 0   0.333 0   0.333 0   0.000 0 0 0 0.0 1   0.666 0 0 0 0 0 1 0  41.000 0  60.000 0 0 0 0 1 0.0 1 1 0 0
  0.000  38.000 0  76.000 0  18.000 0 0.0 1 0.0 1 0 0 0 0 0 0 1 1 0 0 0 0 0 0 1 0.0 1 0.0 1 0.0 1 0.0 1 0.0 1 0.0 1 0 0 0 0 0 1  71.000 0  11.000 0 0 0 0 1 0.0 1 1 0 0
  0.000  38.700 0  40.000 0  28.000 0   1.000 0   0.666 0 1 0 0 0 0 0 0 0 0 0 0 1 0 0 0   1.000 0   0.000 0 0.0 1 0.0 1 0.0 1   0.666 0 0 0 0 0 0 1  39.000 0  62.000 0 1 0 0 0   1.000 0 1 0 0
  0.000  39.200 0 120.000 0  20.000 0   0.000 0   0.333 0 0 0 0 0 1 0 0 1 0 0 1 0 0 0 0   0.333 0   0.666 0   0.000 0 0.5 0 0.0 1 0.0 1 0 0 0 1 0 0  60.000 0   8.800 0 0 0 1 0 0.0 1 0 1 0
  0.000  38.500 0 100.000 0 0.0 1   0.333 0   0.333 0 0 0 0 0 1 0 0 1 0 0 0 0 1 0 0   0.333 0   1.000 0   0.500 0 0 0 0.0 1   0.000 0 0 0 0 0 1 0 0.0 1 0.0 1 0 0 0 1 0.0 1 0 0 1
  0.000  39.500 0  60.000 0  10.000 0   0.333 0 0.0 1 0 0 0 0 0 0 1 1 0 0 0 1 0 0 0   0.333 0   0.333 0   0.500 0 0 0 0.0 1   0.333 0 0 0 0 0 0 1  38.000 0  56.000 0 1 0 0 0 0.0 1 1 0 0
  0.000  38.300 0  52.000 0  96.000 0 0.0 1   0.333 0 0 0 1 0 0 0 0 0 0 0 0 0 0 0 1 0.0 1 0.0 1   0.000 0 0 0 0.0 1   0.666 0 0 0 0 0 0 1  43.000 0   6.100 0 0 0 0 1 0.0 1 1 0 0
  0.000  38.100 0  88.000 0  24.000 0   0.333 0   0.333 0 0 0 0 1 0 0 0 0 0 0 0 0 0 1 0   0.000 0   0.666 0   0.500 0 0 0 0.0 1   0.333 0 0 0 0 1 0 0  41.000 0   4.600 0 0 0 0 1 0.0 1 0 1 0
  0.000  37.200 0  36.000 0   9.000 0   0.666 0   0.666 0 1 0 0 0 0 0 0 0 0 0 1 0 0 0 0   0.333 0   0.000 0   0.500 0 0 0 0.0 1   0.000 0 1 0 0 0 0 0  35.000 0   5.700 0 0 0 0 1 0.0 1 1 0 0
  0.000 0.0 1  40.000 0 0.0 1   1.000 0   0.666 0 1 0 0 0 0 0 0 0 0 1 0 0 0 0 0   0.333 0   0.000 0   0.000 0 0 0 0.0 1 0.0 1 0 0 0 0 1 0  39.000 0  56.000 0 0 0 0 1 0.0 1 1 0 0
  0.000  38.200 0  42.000 0  26.000 0   0.666 0   0.666 0 1 0 0 0 0 0 0 0 0 0 0 1 0 0 0   1.000 0   0.333 0 0.0 1 0.0 1 0.0 1   0.666 0 0 0 0 0 0 1  36.000 0   6.900 0 0 0 0 1 0.0 1 1 0 0
  0.000  37.300 0  48.000 0  12.000 0   0.666 0 0.0 1 0 0 1 0 0 0 0 0 0 0 0 1 0 0 0   1.000 0   0.666 0   0.500 0 0 0 0.0 1   0.333 0 0 0 1 0 0 0  40.000 0   6.600 0 0 1 0 0 0.0 1 1 0 0
  1.000  39.500 0  84.000 0  30.000 0 0.0 1 0.0 1 0 0 0 0 0 0 1 0 0 0 0 0 0 0 1 0.0 1 0.0 1 0.0 1 0.0 1 0.0 1 0.0 1 0 0 0 0 0 1  28.000 0   5.000 0 0 0 0 1 0.0 1 1 0 0
  1.000  38.000 0 140.000 0  68.000 0   0.666 0   0.666 0 1 0 0 0 0 0 0 0 0 0 0 1 0 0 0   0.333 0   0.333 0 0.0 1 0.0 1 0.0 1   1.000 0 1 0 0 0 0 0  39.000 0   5.300 0 0 0 0 1 0.0 1 1 0 0
  0.000 0.0 1  68.000 0  14.000 0 0.0 1 0.0 1 0 0 0 1 0 0 0 0 0 0 0 0 1 0 0 0.0 1 0.0 1 0.0 1 0 0   4.300 0 0.0 1 0 0 0 0 0 1 0.0 1 0.0 1 0 1 0 0   2.800 0 0 1 0
  0.000  38.300 0  40.000 0  16.000 0   0.333 0 0.0 1 1 0 0 0 0 0 0 0 0 0 1 0 0 0 0 0.0 1 0.0 1 0.0 1 0.0 1 0.0 1 0.0 1 0 0 0 0 0 1  37.000 0  57.000 0 0 0 0 1 0.0 1 1 0 0
  0.000  37.900 0  54.000 0  42.000 0   1.000 0   0.666 0 0 0 0 0 1 0 0 0 0 0 0 1 0 0 0   1.000 0   0.000 0 0.0 1 0 0 0.0 1 0.0 1 0 1 0 0 0 0  47.000 0  54.000 0 0 0 1 0   1.000 0 1 0 0
  1.000  38.100 0 136.000 0  48.000 0   0.333 0   0.333 0 0 0 1 0 0 0 0 0 0 0 0 0 0 1 0   1.000 0   0.666 0   0.500 0 1 0   4.400 0   1.000 0 0 0 0 0 0 1  33.000 0   4.900 0 0 1 0 0   2.900 0 0 1 0
  0.000  37.800 0  60.000 0  80.000 0   0.666 0   0.333 0 0 1 0 0 0 0 0 1 0 0 1 0 0 0 0   0.333 0   0.666 0 0.0 1 1 0   5.500 0   0.000 0 0 0 0 0 0 1  40.000 0   4.500 0 0 1 0 0 0.0 1 1 0 0
  0.000  37.200 0 108.000 0  12.000 0   0.333 0   0.333 0 0 0 0 1 0 0 0 1 0 0 1 0 0 0 0   0.000 0   0.333 0 0.0 1 0.5 0   6.000 0   0.333 0 0 0 1 0 0 0  52.000 0   8.200 0 0 0 1 0   7.400 0 0 0 1
  0.000  39.500 0  92.000 0  28.000 0   0.333 0   0.333 0 0 0 0 0 0 1 0 0 0 0 0 0 0 1 0   0.000 0   0.000 0 0.0 1 0.5 0 0.0 1   0.000 0 0 0 0 0 0 1  72.000 0   6.400 0 0 0 0 1   3.600 0 0 1 0
  0.000  37.600 0  96.000 0  48.000 0   0.333 0   0.666 0 0 0 0 1 0 0 0 0 0 0 0 0 0 1 0   0.333 0   0.666 0   0.500 0 0.5 0   4.500 0   0.000 0 0 0 0 0 0 1  45.000 0   6.800 0 0 0 0 1 0.0 1 0 1 0
  0.000  37.500 0  48.000 0  40.000 0 0.0 1 0.0 1 0 0 0 0 0 0 1 0.0 1 0 0 0 0 0 1 0.0 1 0.0 1   0.000 0 0 0 0.0 1 0.0 1 0 0 0 0 1 0  41.000 0  55.000 0 0 0 1 0   2.000 0 0 0 1
  0.000  38.400 0  84.000 0  30.000 0   0.333 0   0.666 0 0 0 0 0 1 0 0 1 0 0 0 0 1 0 0   0.333 0   0.666 0   0.500 0 0.5 0   6.500 0   0.000 0 0 0 0 1 0 0  47.000 0   7.500 0 0 0 1 0 0.0 1 0 1 0
  0.000  38.700 0  52.000 0  20.000 0   1.000 0 0.0 1 1 0 0 0 0 0 0 0 0 1 0 0 0 0 0   1.000 0   0.000 0   0.000 0 0 0 0.0 1   0.666 0 1 0 0 0 0 0  33.000 0  77.000 0 0 0 0 1 0.0 1 1 0 0
  0.000  38.300 0  40.000 0  18.000 0   0.666 0   0.666 0 1 0 0 0 0 0 0 0 0 0 0 1 0 0 0   1.000 0   0.000 0 0.0 1 0.0 1 0.0 1   1.000 0 1 0 0 0 0 0  43.000 0   5.900 0 1 0 0 0 0.0 1 1 0 0
  0.000  38.100 0  56.000 0  20.000 0   1.000 0   0.666 0 0 1 0 0 0 0 0 0 0 1 0 0 0 0 0   0.333 0   0.000 0   0.000 0 0 0 0.0 1 0.0 1 0 0 0 0 0 1  46.000 0  70.000 0 0 0 0 1 0.0 1 1 0 0
  0.000 0.0 1 0.0 1 0.0 1   0.333 0   0.666 0 1 0 0 0 0 0 0 0 0 0 1 0 0 0 0   0.333 0   0.666 0   0.000 0 0.5 0   6.000 0   0.000 0 0 0 0 1 0 0 0.0 1 0.0 1 0 1 0 0 0.0 1 0 1 0
  0.000  38.000 0  44.000 0  12.000 0   0.333 0   0.666 0 1 0 0 0 0 0 0 0.0 1 0 0 0 0 0 1   1.000 0   0.333 0 0.0 1 0.0 1 0.0 1   0.666 0 0 0 0 0 0 1  42.000 0  64.000 0 0 0 0 1 0.0 1 1 0 0
  0.000 0.0 1  80.000 0  36.000 0   0.333 0   0.000 0 0 0 1 0 0 0 0 0 0 0 0 0 1 0 0   0.000 0   1.000 0   0.500 0 0 0 0.0 1   0.333 0 0 0 0 0 1 0  38.000 0   6.200 0 0 0 0 1 0.0 1 0 0 1
  0.000  38.000 0  90.000 0  30.000 0   0.000 0   0.333 0 0 0 0 1 0 0 0 1 0 0 0 0 0 1 0   0.000 0   1.000 0 0.0 1 0.0 1 0.0 1   0.000 0 0 0 0 0 1 0  55.000 0   6.100 0 0 0 0 1 0.0 1 0 1 0
  0.000  38.000 0  60.000 0  12.000 0   0.666 0   0.666 0 0 1 0 0 0 0 0 0 0 0 1 0 0 0 0   1.000 0   0.000 0   0.000 0 0 0 0.0 1   0.666 0 0 0 0 1 0 0  44.000 0  65.000 0 0 0 1 0   2.000 0 0 0 1
  0.000  38.000 0  56.000 0  44.000 0   0.333 0   0.333 0 0 0 1 0 0 0 0 0.0 1 0 0 0 0 0 1   1.000 0   0.000 0   0.500 0 0 0 0.0 1   0.000 0 0 0 0 0 0 1  47.000 0  70.000 0 0 1 0 0   1.000 0 1 0 0
  0.000  38.400 0  92.000 0  20.000 0   0.666 0 0.0 1 0 0 0 0 0 0 1 1 0 0 0 0 0 0 1   0.333 0   0.666 0 0.0 1 0.0 1 0.0 1   0.666 0 0 0 0 0 0 1 0.0 1 0.0 1 0 0 0 1 0.0 1 1 0 0
  0.000  38.200 0  42.000 0  20.000 0 0.0 1 0.0 1 1 0 0 0 0 0 0 0 0 0 0 0 0 0 1   0.333 0 0.0 1 0.0 1 0.0 1 0.0 1   0.333 0 0 0 0 0 0 1  47.000 0  60.000 0 0 0 0 1 0.0 1 1 0 0
  0.000  38.300 0  45.000 0  20.000 0   0.333 0   0.333 0 0 1 0 0 0 0 0 1 0 0 1 0 0 0 0   0.000 0   0.000 0   0.500 0 0.0 1 0.0 1   0.000 0 0 0 0 0 0 1 0.0 1 0.0 1 0 0 0 1 0.0 1 1 0 0
  0.000  38.400 0  54.000 0  24.000 0   0.666 0   0.666 0 1 0 0 0 0 0 0 0 0 1 0 0 0 0 0   0.333 0   0.000 0   0.500 0 0 0 0.0 1   0.333 0 0 1 0 0 0 0  49.000 0   7.200 0 1 0 0 0 0.0 1 1 0 0
  1.000  38.300 0  90.000 0 0.0 1   0.666 0 0.0 1 1 0 0 0 0 0 0 0 0 0 0 0 0 1 0   0.333 0   0.000 0   0.500 0 0 0 0.0 1   0.333 0 0 0 0 0 0 1  40.000 0   6.200 0 1 0 0 0   2.200 0 1 0 0
  0.000  38.800 0  48.000 0  40.000 0   0.666 0   0.666 0 0 0 1 0 0 0 0 0 0 0 0 1 0 0 0   0.333 0   1.000 0   0.500 0 0.0 1 0.0 1 0.0 1 0 0 0 0 1 0  41.000 0  65.000 0 0 0 0 1 0.0 1 1 0 0
  0.000  38.900 0  80.000 0  44.000 0   0.333 0   0.333 0 0 0 1 0 0 0 0 1 0 0 1 0 0 0 0   0.333 0   0.666 0   0.500 0 1 0   7.000 0   0.333 0 1 0 0 0 0 0  54.000 0   6.500 0 0 0 1 0 0.0 1 0 1 0
  0.000  38.600 0  48.000 0  12.000 0 0.0 1 0.0 1 1 0 0 0 0 0 0 0.0 1 1 0 0 0 0 0   1.000 0 0.0 1 0.0 1 0.0 1 0.0 1 0.0 1 0 0 0 0 0 1  36.000 0  67.000 0 0 0 0 1 0.0 1 1 0 0
  0.000  38.400 0  44.000 0  24.000 0   0.333 0 0.0 1 0 0 0 1 0 0 0 0.0 1 0 0 0 0 1 0   0.000 0   0.666 0   0.500 0 0 0 0.0 1   0.000 0 0 0 0 0 1 0  50.000 0  77.000 0 0 0 0 1 0.0 1 1 0 0
  0.000  39.100 0  60.000 0  10.000 0 0.0 1   0.666 0 1 0 0 0 0 0 0 0.0 1 0 1 0 0 0 0   0.333 0 0.0 1 0.0 1 0.0 1 0.0 1   0.000 0 0 0 0 1 0 0 0.0 1 0.0 1 0 0 0 1 0.0 1 1 0 0
  0.000  38.600 0  52.000 0  20.000 0   0.666 0   0.666 0 1 0 0 0 0 0 0 0 0 0 0 1 0 0 0   0.333 0   0.333 0   0.000 0 0 0 0.0 1   0.666 0 0 0 1 0 0 0  36.000 0   6.600 0 1 0 0 0   5.000 0 1 0 0
  0.000 0.0 1 0.0 1  20.000 0   0.000 0   0.333 0 0 0 1 0 0 0 0 0.0 1 0 0 0 0 1 0   0.000 0   0.666 0   0.500 0 0.0 1 0.0 1   0.000 0 0 0 0 1 0 0  53.000 0   5.900 0 0 0 1 0 0.0 1 0 1 0
  0.000 0.0 1 100.000 0  30.000 0   0.333 0   0.333 0 0 0 0 1 0 0 0 1 0 0 0 0 0 1 0   0.000 0   1.000 0   1.000 0 0.5 0 0.0 1   0.000 0 0 0 0 1 0 0  52.000 0   6.600 0 0 0 0 1 0.0 1 1 0 0
  0.000  37.700 0  44.000 0  28.000 0 0.0 1   0.000 0 0 0 1 0 0 0 0 1 0 0 0 0 0 1 0   0.000 0   1.000 0   0.000 0 0 0 0.0 1   0.333 0 0 0 0 0 1 0  45.000 0  70.000 0 0 0 1 0   2.000 0 1 0 0
  0.000  36.000 0 100.000 0  20.000 0   0.000 0   0.333 0 0 0 0 0 0 1 0 1 0 0 1 0 0 0 0   0.000 0   0.666 0   0.000 0 0 0 0.0 1   0.000 0 0 0 0 0 1 0  74.000 0   5.700 0 0 1 0 0   2.500 0 0 0 1
  0.000  38.500 0  60.000 0  40.000 0   0.333 0   0.666 0 0 1 0 0 0 0 0 0 0 0 1 0 0 0 0   1.000 0   0.333 0 0.0 1 0.0 1 0.0 1   0.333 0 0 1 0 0 0 0  49.000 0  59.000 0 0 0 0 1 0.0 1 1 0 0
  0.000  39.200 0  88.000 0  20.000 0 0.0 1 0.0 1 0 0 0 1 0 0 0 0 0 0 0 1 0 0 0   0.000 0   0.333 0 0.0 1 0.0 1 0.0 1   0.000 0 0 1 0 0 0 0  50.000 0  85.000 0 0 1 0 0   2.000 0 0 0 1
  0.000  38.700 0  34.000 0  30.000 0   1.000 0 0.0 1 0 0 1 0 0 0 0 0 0 0 1 0 0 0 0   0.333 0 0.0 1 0.0 1 0.0 1 0.0 1 0.0 1 0 0 0 0 0 1  33.000 0  69.000 0 0 0 0 1   2.000 0 0 0 1
  0.000  39.000 0  64.000 0  40.000 0   0.666 0   0.666 0 0 0 0 0 1 0 0 0 0 0 0 1 0 0 0   0.333 0   0.333 0   0.500 0 0 0 0.0 1   0.333 0 0 0 1 0 0 0  42.000 0   7.500 0 0 1 0 0   2.300 0 1 0 0
  0.000  37.800 0  48.000 0  12.000 0   0.333 0   0.666 0 1 0 0 0 0 0 0 0 0 0 0 0 0 0 1   0.333 0   0.333 0   0.000 0 0 0 0.0 1   0.666 0 0 0 1 0 0 0  37.000 0   5.500 0 0 1 0 0   1.300 0 1 0 0
  0.000  38.700 0  48.000 0  24.000 0 0.0 1 0.0 1 0 0 0 0 0 0 1 0.0 1 1 0 0 0 0 0   1.000 0 0.0 1   0.000 0 0 0 0.0 1   0.666 0 0 0 0 0 0 1  34.000 0  63.000 0 0 0 0 1 0.0 1 1 0 0
  0.000 0.0 1 104.000 0  24.000 0   0.000 0   0.333 0 0 0 1 0 0 0 0 1 0 0 0 0 1 0 0   0.000 0   0.666 0 0.0 1 0.5 0 0.0 1 0.0 1 0 1 0 0 0 0  73.000 0   8.400 0 0 0 0 1 0.0 1 0 0 1
  0.000  37.600 0  64.000 0  21.000 0   0.666 0   0.666 0 0 1 0 0 0 0 0 0 0 0 1 0 0 0 0   0.333 0   0.000 0   0.000 0 0 0 0.0 1   1.000 0 0 0 0 0 1 0  40.000 0   7.000 0 1 0 0 0 0.0 1 1 0 0
  0.000  38.100 0  72.000 0  30.000 0   0.333 0   0.333 0 0 0 1 0 0 0 0 0 0 0 0 0 1 0 0   0.000 0   0.666 0   0.500 0 0 0 0.0 1   0.333 0 0 0 0 0 1 0  37.000 0  56.000 0 0 0 1 0   1.000 0 1 0 0
  0.000  38.600 0  46.000 0 0.0 1   0.666 0   0.666 0 0 1 0 0 0 0 0 0 0 1 0 0 0 0 0   0.333 0   0.333 0   0.000 0 0 0 0.0 1 0.0 1 0 1 0 0 0 0  49.000 0   9.100 0 1 0 0 0   1.600 0 1 0 0
  0.000  38.500 0  96.000 0  36.000 0   0.333 0   0.333 0 0 0 0 0 0 0 1 1 0 0 1 0 0 0 0   0.000 0   0.333 0   0.000 0 1 0 0.0 1   0.000 0 0 0 0 0 1 0  70.000 0   8.500 0 0 0 0 1 0.0 1 0 1 0
  0.000  37.400 0  54.000 0  18.000 0   0.333 0 0.0 1 1 0 0 0 0 0 0 0 0 0 0 1 0 0 0   0.000 0   0.666 0   0.500 0 1 0 0.0 1   0.000 0 0 0 0 0 1 0  30.000 0   7.100 0 0 1 0 0 0.0 1 1 0 0
  0.000  37.600 0  38.000 0  20.000 0   0.333 0   0.333 0 1 0 0 0 0 0 0 0 0 0 0 1 0 0 0   0.333 0   0.333 0 0.0 1 0.0 1 0.0 1   0.333 0 0 0 0 0 0 1  37.000 0  68.000 0 0 0 0 1 0.0 1 1 0 0
  0.000 0.0 1  76.000 0 0.0 1 0.0 1   0.333 0 0 0 0 0 0 0 1 0.0 1 0 0 0 0 0 1   0.000 0   1.000 0 0.0 1 0.0 1 0.0 1 0.0 1 0 0 0 0 1 0 0.0 1 0.0 1 0 0 0 1 0.0 1 0 0 1
  0.000 0.0 1 120.000 0 0.0 1   0.000 0   0.333 0 0 0 0 1 0 0 0 1 0 0 0 0 0 1 0   0.000 0   1.000 0   0.000 0 0 0 0.0 1   0.000 0 0 0 0 0 1 0  60.000 0   6.500 0 0 0 1 0 0.0 1 0 1 0
  0.000  37.500 0  48.000 0  24.000 0   0.333 0   0.666 0 1 0 0 0 0 0 0 0 0 0 1 0 0 0 0   1.000 0 0.0 1   0.000 0 0 0 0.0 1   0.333 0 0 1 0 0 0 0  43.000 0   6.000 0 1 0 0 0   2.800 0 1 0 0
  0.000  37.800 0  56.000 0  16.000 0   0.666 0   0.666 0 0 1 0 0 0 0 0 0 0 0 1 0 0 0 0   1.000 0   0.000 0   0.500 0 0 0 0.0 1   0.666 0 0 0 0 0 0 1  44.000 0  68.000 0 1 0 0 0   1.000 0 1 0 0
  0.000  38.400 0  54.000 0  24.000 0   0.666 0   0.666 0 1 0 0 0 0 0 0 0 0 1 0 0 0 0 0   0.333 0   0.000 0   0.500 0 0 0 0.0 1   0.333 0 0 1 0 0 0 0  49.000 0   7.200 0 1 0 0 0   8.000 0 1 0 0
  0.000  37.000 0  60.000 0  20.000 0   0.333 0 0.0 1 0 0 0 0 0 0 1 0 0 0 0 1 0 0 0 0.0 1   0.666 0   0.500 0 1 0   4.500 0   0.000 0 0 0 0 1 0 0  43.000 0   7.600 0 0 0 0 1 0.0 1 0 0 1
  0.000  38.100 0  52.000 0  24.000 0   0.666 0   0.666 0 0 0 0 0 1 0 0 0 0 0 0 0 1 0 0   0.333 0   0.000 0   0.500 0 0.5 0   7.000 0   0.666 0 0 0 0 0 0 1  54.000 0   7.500 0 0 1 0 0   2.600 0 0 1 0
  0.000  37.600 0  48.000 0  36.000 0 0.0 1 0.0 1 1 0 0 0 0 0 0 0 0 0 0 0 0 0 1   0.333 0 0.0 1 0.0 1 0.0 1 0.0 1 0.0 1 0 0 0 0 0 1  44.000 0   6.300 0 1 0 0 0   5.000 0 1 0 0
  1.000  38.000 0  92.000 0  28.000 0   0.666 0   0.666 0 0 1 0 0 0 0 0 0 0 1 0 0 0 0 0   0.333 0   0.333 0   1.000 0 0.0 1   7.200 0 0.0 1 0 0 0 0 0 1  37.000 0   6.100 0 1 0 0 0   1.100 0 1 0 0
  0.000 0.0 1  96.000 0 0.0 1   0.333 0   0.333 0 0 0 1 0 0 0 0 1 0 0 0 0 0 1 0   0.000 0   1.000 0 0.0 1 0 0 0.0 1   0.000 0 0 0 0 0 1 0  60.000 0 0.0 1 0 0 0 1 0.0 1 0 1 0
  0.000  37.800 0  40.000 0  12.000 0   0.666 0   0.666 0 1 0 0 0 0 0 0 0 0 1 0 0 0 0 0   0.666 0   0.000 0   0.500 0 0 0 0.0 1   0.666 0 0 1 0 0 0 0  38.000 0   7.000 0 0 0 0 1 0.0 1 1 0 0
  0.000 0.0 1 0.0 1 0.0 1   0.333 0   0.333 0 0 0 1 0 0 0 0 1 0 0 0 0 0 1 0   0.333 0   0.666 0   1.000 0 1 0 0.0 1   0.000 0 0 0 0 0 1 0  46.000 0   5.900 0 0 0 0 1 0.0 1 0 1 0
  0.000  38.300 0  42.000 0  24.000 0 0.0 1 0.0 1 0 0 0 0 0 0 1 0 0 0 0 0 0 0 1 0.0 1 0.0 1 0.0 1 0.0 1 0.0 1 0.0 1 0 0 0 0 0 1  40.000 0   8.500 0 0 0 0 1 0.0 1 0 1 0
  1.000 0.0 1 100.000 0  44.000 0   1.000 0   0.666 0 1 0 0 0 0 0 0 0 0 0 0 0 1 0 0   1.000 0   0.000 0 0.0 1 0.0 1 0.0 1   0.666 0 0 0 0 0 0 1  37.000 0   4.700 0 0 0 0 1 0.0 1 1 0 0
  0.000  37.500 0  48.000 0  30.000 0   0.000 0   0.666 0 0 0 1 0 0 0 0 0 0 0 0 0 0 0 1   0.666 0   0.000 0   0.000 0 0 0 0.0 1   0.666 0 1 0 0 0 0 0  48.000 0   8.600 0 0 0 0 1 0.0 1 1 0 0
  0.000  37.300 0  50.000 0  32.000 0   0.666 0   0.666 0 0 0 1 0 0 0 0 0 0 1 0 0 0 0 0   0.333 0   0.333 0 0.0 1 0.0 1 0.0 1   0.666 0 0 0 0 0 0 1  44.000 0   7.000 0 0 0 0 1 0.0 1 1 0 0
  0.000  38.800 0  50.000 0  14.000 0   0.666 0   0.666 0 1 0 0 0 0 0 0 0 0 0 0 1 0 0 0   1.000 0   0.000 0   0.000 0 0 0 0.0 1   0.333 0 0 0 0 0 1 0  38.000 0  58.000 0 0 0 0 1 0.0 1 1 0 0
  1.000 0.0 1 150.000 0  60.000 0   0.000 0   0.000 0 0 0 0 1 0 0 0 1 0 0 0 0 0 1 0   0.000 0   1.000 0 0.0 1 0.0 1 0.0 1 0.0 1 0 0 0 0 0 1 0.0 1 0.0 1 0 0 0 1 0.0 1 0 1 0
  0.000  38.000 0  52.000 0  16.000 0 0.0 1 0.0 1 0 0 0 0 0 0 1 0.0 1 0 1 0 0 0 0 0.0 1 0.0 1 0.0 1 0.5 0   1.000 0   0.666 0 1 0 0 0 0 0  53.000 0  86.000 0 0 0 0 1 0.0 1 1 0 0
  0.000  39.300 0  64.000 0  90.000 0   1.000 0   0.333 0 1 0 0 0 0 0 0 0 0 0 0 0 0 0 1   0.333 0   0.000 0   0.000 0 1 0   6.500 0   0.666 0 0 0 0 0 1 0  39.000 0   6.700 0 0 0 0 1 0.0 1 1 0 0
  1.000  38.000 0  92.000 0  28.000 0   0.666 0   0.666 0 0 1 0 0 0 0 0 0 0 1 0 0 0 0 0   0.333 0   0.333 0   1.000 0 0.0 1   7.200 0   0.666 0 1 0 0 0 0 0  37.000 0   6.100 0 1 0 0 0 0.0 1 0 1 0
  0.000  37.900 0  60.000 0  15.000 0   0.333 0 0.0 1 0 0 0 1 0 0 0 1 0 0 0 0 0 1 0   0.000 0   1.000 0   0.500 0 1 0 0.0 1   0.000 0 0 0 0 0 1 0  65.000 0   7.500 0 0 0 0 1 0.0 1 1 0 0
  0.000  38.400 0  52.000 0  20.000 0   1.000 0   0.666 0 0 0 1 0 0 0 0 0 0 1 0 0 0 0 0   0.333 0   0.333 0   0.500 0 0 0 0.0 1   0.333 0 0 0 0 0 1 0  41.000 0  63.000 0 1 0 0 0   1.000 0 1 0 0
  0.000 0.0 1  70.000 0  36.000 0   0.666 0 0.0 1 0 0 1 0 0 0 0 1 0 0 1 0 0 0 0   0.333 0   0.333 0   0.500 0 0.0 1 0.0 1   0.000 0 0 0 0 0 1 0  36.000 0   7.300 0 0 0 0 1 0.0 1 1 0 0
  0.000  38.300 0  40.000 0  16.000 0   0.333 0 0.0 1 0 0 0 0 0 0 1 0 0 1 0 0 0 0 0   0.333 0   0.333 0 0.0 1 0.0 1 0.0 1 0.0 1 0 0 0 0 0 1  38.000 0  58.000 0 1 0 0 0   2.000 0 1 0 0
  1.000  39.000 0 150.000 0  72.000 0 0.0 1 0.0 1 0 0 0 0 0 0 1 0.0 1 0 0 0 0 0 1 0.0 1 0.0 1 0.0 1 0.0 1 0.0 1 0.0 1 0 0 0 0 0 1  47.000 0   8.500 0 0 0 0 1   0.100 0 1 0 0
  0.000  38.100 0  44.000 0  40.000 0   1.000 0   0.666 0 0 0 1 0 0 0 0 0 0 0 0 1 0 0 0   0.333 0   0.000 0 0.0 1 0.0 1 0.0 1   0.666 0 0 0 1 0 0 0  35.000 0   6.800 0 0 0 0 1 0.0 1 1 0 0
  0.000  38.300 0  66.000 0  30.000 0   1.000 0   0.333 0 1 0 0 0 0 0 0 0 0 0 1 0 0 0 0   0.000 0   0.666 0   1.000 0 1 0   8.500 0   0.000 0 0 0 0 0 1 0  37.000 0   6.000 0 0 0 0 1 0.0 1 1 0 0
  0.000  38.300 0  88.000 0 0.0 1 0.0 1 0.0 1 0 0 0 0 0 1 0 0.0 1 0 0 0 0 0 1 0.0 1 0.0 1 0.0 1 0.0 1 0.0 1 0.0 1 0 0 0 0 0 1 0.0 1 0.0 1 0 0 0 1 0.0 1 0 1 0
  0.000  37.800 0  48.000 0  16.000 0   0.666 0   0.666 0 1 0 0 0 0 0 0 0 0 0 0 0 0 0 1   1.000 0   0.000 0   0.500 0 0 0 0.0 1   0.000 0 0 0 1 0 0 0  43.000 0   7.500 0 0 0 0 1 0.0 1 1 0 0
  0.000  37.700 0 120.000 0  28.000 0   0.333 0   0.333 0 0 0 1 0 0 0 0 0 0 0 0 0 0 1 0   0.333 0   0.666 0   0.000 0 0 0 0.0 1 0.0 1 0 0 0 0 0 1  65.000 0   7.000 0 0 0 1 0 0.0 1 0 1 0
  0.000  37.600 0  48.000 0  20.000 0   0.333 0   0.666 0 0 0 0 1 0 0 0 0 0 1 0 0 0 0 0   1.000 0   0.666 0   0.500 0 0 0 0.0 1   0.666 0 1 0 0 0 0 0  37.000 0   5.500 0 0 0 0 1 0.0 1 0 0 1
  0.000  36.600 0  42.000 0  18.000 0   0.333 0   0.333 0 0 1 0 0 0 0 0 0 0 1 0 0 0 0 0   0.000 0   0.000 0   0.000 0 0 0 0.0 1 0.0 1 0 0 0 0 1 0  52.000 0   7.100 0 0 0 0 1 0.0 1 0 1 0
  0.000  38.000 0  66.000 0  20.000 0   0.666 0   0.333 0 0 0 1 0 0 0 0 0 0 0 0 0 0 1 0   0.333 0   0.000 0   0.000 0 0 0 0.0 1   0.333 0 0 0 0 0 0 1  46.000 0  46.000 0 0 0 1 0   2.000 0 0 0 1
  0.000  37.500 0  40.000 0  32.000 0   0.333 0   0.666 0 0 0 1 0 0 0 0 0 0 0 0 1 0 0 0   0.666 0   0.666 0   0.500 0 0 0 0.0 1 0.0 1 0 0 0 0 1 0  32.000 0   6.400 0 1 0 0 0   1.100 0 1 0 0
  0.000  37.500 0  72.000 0  30.000 0   0.000 0   0.333 0 0 0 0 1 0 0 0 0 0 0 0 0 1 0 0   0.000 0   0.666 0   0.500 0 0 0 0.0 1   0.333 0 0 0 0 0 1 0  60.000 0   6.800 0 0 0 0 1 0.0 1 0 1 0
  0.000  37.700 0  80.000 0 0.0 1   0.333 0   0.333 0 0 0 0 0 0 1 0 0 0 0 0 0 0 1 0   0.000 0   0.000 0   0.500 0 0.5 0 0.0 1   0.333 0 1 0 0 0 0 0  50.000 0  55.000 0 0 0 1 0   2.000 0 1 0 0
  0.000  38.300 0 132.000 0 0.0 1 0.0 1   0.333 0 0 0 0 0 0 1 0 1 0 0 1 0 0 0 0   0.000 0   0.333 0   0.500 0 0.5 0   6.200 0   0.000 0 0 0 0 1 0 0  57.000 0   8.000 0 0 0 0 1   5.200 0 1 0 0
  0.000  37.800 0  42.000 0  40.000 0   0.666 0   0.666 0 1 0 0 0 0 0 0 0 0 1 0 0 0 0 0   0.333 0   0.000 0 0.0 1 0.0 1 0.0 1   0.333 0 0 0 1 0 0 0  36.000 0   6.200 0 0 0 0 1 0.0 1 1 0 0
  0.000 0.0 1 0.0 1 0.0 1   1.000 0   0.666 0 0 0 1 0 0 0 0 0 0 0 1 0 0 0 0   0.333 0   0.333 0   0.500 0 0 0 0.0 1   0.333 0 0 0 1 0 0 0 0.0 1 0.0 1 0 0 0 1 0.0 1 1 0 0
  0.000  38.600 0  60.000 0  30.000 0   0.666 0   0.666 0 0 0 1 0 0 0 0 0 0 0 0 0 1 0 0   0.666 0   0.333 0   0.000 0 0 0 0.0 1 0.0 1 0 0 0 0 0 1  40.000 0   6.000 0 1 0 0 0 0.0 1 1 0 0
  0.000  38.300 0  80.000 0  40.000 0 0.0 1 0.0 1 0 0 0 0 0 1 0 1 0 0 0 0 1 0 0   0.333 0   0.000 0 0.0 1 1 0 0.0 1   0.666 0 0 0 0 1 0 0  67.000 0  10.200 0 0 1 0 0   1.000 0 0 0 1
  0.000  38.900 0  80.000 0  44.000 0   0.333 0   0.333 0 0 0 1 0 0 0 0 0 0 0 1 0 0 0 0   0.333 0   0.666 0   0.500 0 1 0   7.000 0   0.333 0 1 0 0 0 0 0  54.000 0   6.500 0 0 0 1 0 0.0 1 0 1 0
  0.000  38.000 0  50.000 0  36.000 0 0.0 1   0.666 0 1 0 0 0 0 0 0 0 0 0 0 1 0 0 0   0.666 0   0.333 0 0.0 1 0.0 1 0.0 1   0.333 0 0 0 0 0 0 1  39.000 0   6.600 0 1 0 0 0   5.300 0 1 0 0
  0.000  38.000 0  86.000 0  24.000 0   0.000 0   0.333 0 0 0 0 1 0 0 0 0 0 0 1 0 0 0 0   0.000 0   1.000 0   0.000 0 0 0 0.0 1   0.000 0 0 0 0 0 1 0  45.000 0   5.500 0 1 0 0 0  10.100 0 0 1 0
  0.000 0.0 1 112.000 0  13.000 0   0.000 0   0.000 0 0 0 0 1 0 0 0 0 0 0 1 0 0 0 0   0.333 0   0.000 0   0.500 0 0 0   4.500 0   0.000 0 0 0 0 1 0 0  60.000 0   6.300 0 0 0 1 0 0.0 1 1 0 0
  0.000 0.0 1  52.000 0  16.000 0   0.666 0 0.0 1 0 0 1 0 0 0 0 0 0 0 0 0 0 0 1 0.0 1 0.0 1   0.500 0 0.5 0   5.500 0 0.0 1 0 0 0 0 0 1  55.000 0   7.200 0 0 0 0 1 0.0 1 1 0 0
  0.000  38.200 0  48.000 0  18.000 0   0.666 0   0.666 0 1 0 0 0 0 0 0 0 0 0 0 1 0 0 0   0.333 0   0.666 0   0.000 0 1 0 0.0 1   0.000 0 0 0 0 0 0 1  48.000 0  74.000 0 1 0 0 0   2.000 0 1 0 0
  0.000  38.200 0  40.000 0  16.000 0   0.333 0   0.333 0 1 0 0 0 0 0 0 0 0 1 0 0 0 0 0   0.333 0 0.0 1 0.0 1 0.0 1 0.0 1   0.666 0 1 0 0 0 0 0  34.000 0  66.000 0 0 0 0 1 0.0 1 1 0 0
  0.000  38.000 0  42.000 0  12.000 0   0.333 0 0.0 1 0 0 1 0 0 0 0 0 0 1 0 0 0 0 0 0.0 1   0.000 0 0.0 1 0.0 1 0.0 1 0.0 1 0 1 0 0 0 0  37.000 0   5.800 0 0 0 0 1 0.0 1 1 0 0
  0.000  37.100 0  75.000 0  36.000 0 0.0 1 0.0 1 0 0 1 0 0 0 0 1 0 0 0 0 1 0 0   0.000 0   0.333 0   0.500 0 0.5 0   5.000 0   0.000 0 0 0 0 1 0 0  48.000 0   7.400 0 0 0 1 0   3.200 0 0 1 0
  0.000  38.600 0  48.000 0  20.000 0   0.333 0   0.666 0 1 0 0 0 0 0 0 0 0 0 0 0 1 0 0   0.333 0   0.000 0 0.0 1 0.0 1 0.0 1   0.333 0 0 0 0 0 0 1  37.000 0  75.000 0 0 0 0 1 0.0 1 1 0 0
  0.000  39.000 0 120.000 0 0.0 1   0.000 0   0.333 0 0 0 0 0 1 0 0 1 0 0 1 0 0 0 0   0.000 0   0.666 0   0.500 0 0.5 0   8.000 0 0.0 1 0 0 0 0 0 1  65.000 0   8.200 0 0 0 1 0   4.600 0 1 0 0
  0.000  38.000 0  72.000 0  36.000 0   0.666 0   0.666 0 0 0 1 0 0 0 0 0 0 0 0 1 0 0 0 0.0 1   0.333 0   0.500 0 0 0 0.0 1   0.333 0 0 0 0 0 1 0  38.000 0   6.800 0 0 1 0 0   2.000 0 1 0 0
  0.000 0.0 1  60.000 0  20.000 0   0.000 0   0.333 0 0 0 0 1 0 0 0 1 0 0 0 0 0 1 0   0.000 0 0.0 1 0.0 1 0 0 0.0 1   0.000 0 0 0 0 0 1 0 0.0 1 0.0 1 0 0 0 1 0.0 1 0 0 1
  0.000 0.0 1  65.000 0  24.000 0 0.0 1 0.0 1 0 0 0 0 0 0 1 1 0 0 0 0 0 1 0 0.0 1   1.000 0   1.000 0 0 0 0.0 1 0.0 1 0 0 0 0 1 0 0.0 1 0.0 1 0 0 0 1 0.0 1 0 0 1
  0.000  38.100 0  88.000 0  32.000 0   0.333 0   0.333 0 0 0 0 1 0 0 0 0 0 0 1 0 0 0 0   0.333 0   0.666 0 0.0 1 0.5 0   1.000 0   0.000 0 0 0 0 0 1 0  55.000 0  60.000 0 0 0 0 1 0.0 1 0 0 1
  0.000  38.200 0  72.000 0  18.000 0 0.0 1 0.0 1 0 0 0 0 0 0 1 0.0 1 0 0 0 0 0 1 0.0 1 0.0 1 0.0 1 0.0 1 0.0 1 0.0 1 0 0 0 0 0 1  35.000 0   6.400 0 0 0 0 1 0.0 1 1 0 0
  0.000 0.0 1  36.000 0  12.000 0   0.666 0   0.666 0 1 0 0 0 0 0 0 0 0 1 0 0 0 0 0   0.666 0   0.000 0   0.000 0 0 0 0.0 1   0.666 0 0 0 0 0 1 0  44.000 0 0.0 1 0 0 0 1 0.0 1 1 0 0
  0.000 0.0 1  70.000 0  16.000 0   0.333 0   0.000 0 0 0 0 0 1 0 0 1 0 0 1 0 0 0 0   0.333 0   0.333 0   0.500 0 0 0 0.0 1   0.000 0 0 0 0 0 1 0  60.000 0   7.500 0 0 0 0 1 0.0 1 0 1 0
  0.000  37.500 0  88.000 0  20.000 0   1.000 0   0.333 0 0 0 1 0 0 0 0 0 0 0 0 0 1 0 0   0.333 0   0.666 0 0.0 1 0.0 1 0.0 1 0.0 1 0 0 0 0 0 1  35.000 0   6.400 0 1 0 0 0 0.0 1 0 1 0
  0.000  38.200 0  48.000 0 0.0 1   1.000 0 0.0 1 1 0 0 0 0 0 0 1 0 0 0 1 0 0 0   0.333 0   0.000 0   0.500 0 0 0 0.0 1 0.0 1 0 1 0 0 0 0  34.000 0   6.600 0 0 0 0 1 0.0 1 1 0 0
  0.000 0.0 1  52.000 0  28.000 0   0.333 0   0.333 0 0 0 0 1 0 0 0 0 0 0 0 1 0 0 0   0.000 0   0.666 0   0.500 0 0 0 0.0 1   0.000 0 0 0 0 1 0 0  37.000 0   8.100 0 0 0 0 1 0.0 1 1 0 0
  0.000  37.500 0  44.000 0 0.0 1   0.666 0   0.666 0 1 0 0 0 0 0 0 0 0 0 0 1 0 0 0   0.333 0   0.333 0 0.0 1 0.0 1 0.0 1 0.0 1 0 0 0 0 0 1  45.000 0   5.800 0 0 1 0 0   1.400 0 1 0 0
  0.000  38.000 0  44.000 0  12.000 0   0.666 0   0.666 0 1 0 0 0 0 0 0 0 0 0 0 1 0 0 0   0.333 0   0.666 0   0.500 0 0 0 0.0 1   0.000 0 0 0 0 0 1 0  42.000 0  65.000 0 0 0 0 1 0.0 1 1 0 0
  0.000  38.300 0  60.000 0  20.000 0   0.666 0   0.666 0 1 0 0 0 0 0 0 1 0 1 0 0 0 0 0   0.333 0   0.000 0 0.0 1 0.0 1 0.0 1   0.333 0 0 0 0 0 0 1  34.000 0  66.000 0 0 0 0 1 0.0 1 1 0 0
  0.000  38.500 0 120.000 0  60.000 0   0.000 0   0.333 0 0 0 0 0 0 1 0 1 0 0 0 0 0 0 1   0.333 0 0.0 1 0.0 1 0.0 1 0.0 1 0.0 1 0 0 0 0 0 1  54.000 0 0.0 1 0 0 0 1 0.0 1 1 0 0
  0.000  38.500 0  54.000 0 0.0 1   0.666 0   0.666 0 1 0 0 0 0 0 0 0 0 0 0 1 0 0 0   1.000 0   0.000 0   0.500 0 0 0 0.0 1   0.666 0 0 0 0 0 0 1  40.000 0   6.800 0 0 1 0 0   7.000 0 1 0 0
  0.000  38.100 0  40.000 0  36.000 0   0.666 0   1.000 0 0 1 0 0 0 0 0 0 0 0 1 0 0 0 0   0.666 0 0.0 1 0.0 1 0.0 1 0.0 1 0.0 1 0 0 0 0 0 1 0.0 1 0.0 1 0 0 0 1 0.0 1 0 0 1
  0.000  37.300 0  40.000 0 0.0 1 0.0 1   0.333 0 1 0 0 0 0 0 0 0 0 0 1 0 0 0 0   0.333 0   0.333 0   1.000 0 0 0 0.0 1   0.333 0 0 0 0 0 1 0  36.000 0 0.0 1 0 0 1 0   2.000 0 1 0 0
  0.000 0.0 1 0.0 1 0.0 1   0.333 0   0.000 0 0 0 0 0 0 1 0 0.0 1 0 0 0 1 0 0 0.0 1   1.000 0 0.0 1 0.0 1 0.0 1 0.0 1 0 0 0 0 0 1 0.0 1 0.0 1 0 0 0 1 0.0 1 0 1 0
  0.000  38.100 0  52.000 0  24.000 0   0.666 0   0.666 0 0 0 0 0 1 0 0 0 0 0 0 0 1 0 0   0.333 0   0.000 0   0.500 0 0.5 0   7.000 0   0.666 0 0 0 0 0 0 1  54.000 0   7.500 0 0 1 0 0   2.600 0 0 1 0
  0.000  39.200 0  88.000 0  58.000 0   0.000 0   0.000 0 0 0 0 0 0 0 1 1 0 0 0 0 0 1 0   0.000 0 0.0 1 0.0 1 0.0 1 0.0 1 0.0 1 0 0 0 0 0 1 0.0 1 0.0 1 0 1 0 0   2.000 0 0 0 1
  0.000  37.500 0  48.000 0  16.000 0   0.666 0   0.666 0 1 0 0 0 0 0 0 0 0 1 0 0 0 0 0   1.000 0   0.000 0   0.000 0 0 0 0.0 1   0.666 0 0 0 0 0 0 1  37.000 0   6.500 0 0 0 0 1 0.0 1 1 0 0
  0.000  38.400 0  49.000 0 0.0 1 0.0 1 0.0 1 1 0 0 0 0 0 0 0 0 0 0 0 0 0 1 0.0 1   0.000 0   0.500 0 0 0 0.0 1 0.0 1 0 0 0 0 0 1  44.000 0   7.600 0 0 0 0 1 0.0 1 1 0 0
  0.000  37.000 0  44.000 0  12.000 0   0.333 0   0.666 0 1 0 0 0 0 0 0 1 0 1 0 0 0 0 0   1.000 0   0.000 0 0.0 1 0.0 1 0.0 1   0.000 0 0 1 0 0 0 0  40.000 0   6.700 0 0 0 1 0   8.000 0 1 0 0
  0.000  38.500 0 100.000 0 0.0 1   0.333 0   0.333 0 0 0 0 0 1 0 0 1 0 0 0 0 1 0 0   0.333 0   1.000 0   0.500 0 0 0 0.0 1   0.000 0 0 0 0 0 1 0 0.0 1 0.0 1 0 0 0 1 0.0 1 0 0 1
  0.000 0.0 1  70.000 0  16.000 0   0.333 0   0.000 0 0 0 0 0 1 0 0 1 0 0 1 0 0 0 0   0.333 0   0.333 0   0.500 0 0 0 0.0 1   0.000 0 0 0 0 0 1 0  60.000 0   7.500 0 0 0 0 1 0.0 1 0 1 0
  0.000  37.600 0  88.000 0  36.000 0   0.333 0   0.666 0 1 0 0 0 0 0 0 0 0 0 0 1 0 0 0   0.333 0   0.333 0   0.000 0 0.5 0   1.500 0 0.0 1 0 0 0 0 0 1  44.000 0   6.000 0 0 0 0 1 0.0 1 0 1 0
  0.000  38.000 0  56.000 0 0.0 1   0.666 0   1.000 0 0 0 1 0 0 0 0 0 0 1 0 0 0 0 0   1.000 0   0.000 0   0.000 0 0 0 0.0 1   0.666 0 1 0 0 0 0 0  42.000 0  71.000 0 0 0 0 1 0.0 1 1 0 0
  0.000  38.500 0 104.000 0  40.000 0   0.333 0   0.333 0 0 0 0 0 0 0 1 0 0 0 0 0 1 0 0   0.333 0   1.000 0 0.0 1 0.0 1 0.0 1 0.0 1 0 0 0 0 0 1 0.0 1 0.0 1 0 0 0 1 0.0 1 1 0 0
  0.000 0.0 1  60.000 0  48.000 0   0.333 0   0.333 0 0 0 0 1 0 0 0 1 0 0 0 0 1 0 0   0.333 0   1.000 0 0.0 1 0.0 1 0.0 1 0.0 1 0 0 0 0 0 1  58.000 0   7.600 0 0 0 0 1 0.0 1 0 1 0
  0.000  38.000 0 0.0 1  24.000 0   0.333 0   0.333 0 0 0 0 0 0 1 0 1 0 0 0 0 0 1 0 0.0 1   1.000 0   0.000 0 0 0 0.0 1 0.0 1 0 0 0 0 0 1  68.000 0   7.800 0 0 0 0 1 0.0 1 0 1 0
  0.000  38.300 0  60.000 0  16.000 0   0.333 0   0.666 0 1 0 0 0 0 0 0 0 0 0 1 0 0 0 0   1.000 0   0.000 0   0.500 0 1 0   3.000 0   0.666 0 0 0 0 1 0 0  30.000 0   6.000 0 1 0 0 0   3.000 0 1 0 0
  0.000 0.0 1 0.0 1 0.0 1 0.0 1 0.0 1 0 0 0 0 0 0 1 0.0 1 0 0 0 0 0 1 0.0 1 0.0 1 0.0 1 0.0 1 0.0 1 0.0 1 0 0 0 0 0 1  45.000 0   8.700 0 0 0 0 1 0.0 1 0 1 0
  0.000  37.300 0  90.000 0  40.000 0   0.333 0 0.0 1 0 0 0 0 0 1 0 1 0 0 0 0 0 1 0   0.000 0   0.666 0   0.500 0 1 0 0.0 1   0.666 0 0 0 0 0 1 0  65.000 0  50.000 0 0 0 1 0   2.000 0 0 0 1
  0.000  38.400 0 104.000 0  40.000 0   0.666 0   0.666 0 0 0 1 0 0 0 0 0 0 0 1 0 0 0 0   0.000 0   0.333 0   0.500 0 0.5 0   6.500 0 0.0 1 0 0 0 1 0 0  55.000 0   8.500 0 0 0 0 1 0.0 1 1 0 0
  0.000  38.500 0  66.000 0  28.000 0   0.333 0   0.333 0 0 0 0 0 0 0 1 1 0 0 0 0 0 1 0   0.000 0   1.000 0 0.0 1 0.0 1 0.0 1   0.333 0 0 0 0 0 1 0  45.000 0   8.400 0 0 0 0 1 0.0 1 0 1 0
  0.000  36.000 0  42.000 0  30.000 0 0.0 1 0.0 1 0 0 0 0 1 0 0 0 0 0 0 0 0 0 1 0.0 1 0.0 1 0.0 1 0.0 1 0.0 1 0.0 1 0 0 0 0 0 1  64.000 0   6.800 0 0 0 0 1 0.0 1 0 1 0
  1.000  38.800 0 184.000 0  84.000 0   0.666 0 0.0 1 1 0 0 0 0 0 0 0 0 0 0 0 1 0 0   1.000 0   0.666 0 0.0 1 0.0 1 0.0 1   1.000 0 0 0 0 0 0 1  33.000 0   3.300 0 0 0 0 1 0.0 1 0 1 0
  0.000  38.000 0  42.000 0  40.000 0   0.333 0   0.666 0 1 0 0 0 0 0 0 0 0 0 0 1 0 0 0   0.333 0   0.000 0 0.0 1 0.0 1 0.0 1 0.0 1 0 0 0 0 0 1 0.0 1 0.0 1 0 0 0 1 0.0 1 1 0 0
  0.000  37.300 0 104.000 0  35.000 0 0.0 1 0.0 1 0 0 0 0 0 1 0 1 0 0 0 0 0 0 1 0.0 1 0.0 1 0.0 1 0.0 1 0.0 1 0.0 1 0 0 0 0 0 1  74.000 0   7.400 0 0 0 0 1 0.0 1 0 1 0
  0.000  38.700 0  52.000 0 0.0 1   0.666 0   0.666 0 1 0 0 0 0 0 0 0 0 1 0 0 0 0 0   0.333 0   0.000 0 0.0 1 0.0 1 0.0 1   0.666 0 0 0 1 0 0 0   4.000 0  74.000 0 0 0 0 1 0.0 1 1 0 0
  0.000  39.000 0  64.000 0  36.000 0   0.333 0   0.666 0 0 0 0 1 0 0 0 1 0 0 0 1 0 0 0   0.333 0   0.333 0   0.000 0 1 0   7.000 0   0.000 0 0 0 0 0 1 0  44.000 0   7.500 0 0 0 1 0   5.000 0 1 0 0
  0.000  37.700 0  96.000 0  30.000 0   0.333 0   0.333 0 0 0 0 1 0 0 0 1 0 0 0 0 0 1 0   0.000 0   1.000 0   1.000 0 1 0   4.000 0   0.000 0 0 0 0 0 1 0  66.000 0   7.500 0 0 0 0 1 0.0 1 0 1 0
  0.000  37.000 0  56.000 0  24.000 0   0.333 0   0.666 0 0 0 0 1 0 0 0 1 0 0 0 0 1 0 0   0.000 0   0.666 0   0.000 0 0 0 0.0 1 0.0 1 0 0 0 0 0 1  35.000 0  61.000 0 0 0 1 0   2.000 0 0 0 1
  0.000 0.0 1 0.0 1 0.0 1 0.0 1 0.0 1 0 0 0 0 0 0 1 0.0 1 0 0 0 0 0 1 0.0 1 0.0 1 0.0 1 0.0 1 0.0 1 0.0 1 0 0 0 0 0 1  24.000 0   6.700 0 0 0 0 1 0.0 1 1 0 0
  0.000  38.400 0  80.000 0  30.000 0   0.000 0   0.333 0 1 0 0 0 0 0 0 0 0 0 0 1 0 0 0   0.333 0   0.666 0   1.000 0 0.5 0 0.0 1   0.000 0 0 0 0 0 1 0  32.000 0   6.100 0 0 0 1 0   4.300 0 1 0 0
  0.000  37.200 0  42.000 0  12.000 0   1.000 0   0.666 0 1 0 0 0 0 0 0 0 0 0 0 1 0 0 0   0.333 0   0.666 0   1.000 0 0 0 0.0 1   0.000 0 0 0 0 0 1 0 0.0 1   7.000 0 0 0 0 1 0.0 1 1 0 0
  0.000  37.500 0  52.000 0  12.000 0   0.666 0   0.666 0 1 0 0 0 0 0 0 0 0 0 1 0 0 0 0   0.333 0   0.333 0   0.500 0 0 0 0.0 1   0.333 0 0 0 0 0 1 0  36.000 0  61.000 0 1 0 0 0   1.000 0 1 0 0
  0.000 0.0 1 0.0 1 0.0 1   0.666 0   0.666 0 0 0 1 0 0 0 0 0 0 1 0 0 0 0 0   0.333 0   0.000 0 0.0 1 0.0 1 0.0 1   1.000 0 0 1 0 0 0 0  43.000 0   7.700 0 0 0 0 1 0.0 1 1 0 0
  0.000  36.900 0  50.000 0  40.000 0   1.000 0   0.333 0 0 0 1 0 0 0 0 0 0 1 0 0 0 0 0   0.333 0   0.333 0   1.000 0 0 0   7.000 0 0.0 1 0 0 0 0 0 1  37.500 0   6.500 0 0 0 0 1 0.0 1 1 0 0
  1.000  38.100 0 100.000 0  80.000 0   0.333 0   0.666 0 0 1 0 0 0 0 0 0 0 0 0 1 0 0 0   0.000 0   0.000 0 0.0 1 0.0 1 0.0 1   0.666 0 0 0 0 0 0 1  36.000 0   5.700 0 0 0 0 1 0.0 1 1 0 0
  0.000  37.800 0  52.000 0  24.000 0   0.666 0   0.333 0 0 0 1 0 0 0 0 0 0 0 0 0 1 0 0   0.000 0   0.000 0   0.500 0 0.5 0   5.700 0   1.000 0 0 0 0 0 1 0  48.000 0   6.600 0 1 0 0 0   3.700 0 0 1 0
  0.000 0.0 1 0.0 1  40.000 0   0.333 0   0.666 0 1 0 0 0 0 0 0 0 0 0 0 1 0 0 0   0.333 0   0.333 0 0.0 1 0.0 1 0.0 1 0.0 1 0 0 0 0 0 1  45.000 0  70.000 0 0 0 0 1 0.0 1 1 0 0
  0.000  39.400 0 120.000 0  48.000 0 0.0 1 0.0 1 0 0 0 0 1 0 0 0 0 0 0 0 0 0 1   0.333 0   0.666 0   0.000 0 0.0 1 0.0 1   0.000 0 0 0 0 0 0 1  56.000 0  64.000 0 1 0 0 0   2.000 0 0 0 1
  1.000  38.200 0  78.000 0  60.000 0   0.000 0   0.000 0 0 0 0 0 0 1 0 0.0 1 0 0 1 0 0 0   0.333 0   0.666 0 0.0 1 0.0 1 0.0 1   0.666 0 0 0 0 0 0 1  59.000 0   5.800 0 0 0 1 0   3.100 0 0 1 0
  0.000  37.800 0  60.000 0  16.000 0   0.666 0   0.666 0 0 0 1 0 0 0 0 0 0 0 1 0 0 0 0   0.333 0   0.333 0   0.000 0 1 0 0.0 1   0.333 0 0 0 0 0 0 1  41.000 0  73.000 0 0 0 0 1 0.0 1 0 0 1
  0.000  38.800 0  50.000 0  20.000 0   0.333 0   0.666 0 1 0 0 0 0 0 0 0 0 1 0 0 0 0 0   1.000 0   0.000 0   0.500 0 0 0 0.0 1   0.333 0 1 0 0 0 0 0  42.000 0   6.200 0 0 0 0 1 0.0 1 1 0 0
  0.000  39.000 0  86.000 0  16.000 0   0.333 0   0.333 0 0 0 0 0 1 0 0 0.0 1 0 0 1 0 0 0   0.333 0   0.666 0 0.0 1 1 0 0.0 1 0.0 1 0 0 0 0 0 1  68.000 0   5.800 0 0 0 1 0   6.000 0 0 1 0
  0.000  37.900 0  68.000 0  20.000 0 0.0 1   0.666 0 0 1 0 0 0 0 0 0 0 0 1 0 0 0 0   0.000 0   0.333 0 0.0 1 0.0 1 0.0 1   0.666 0 0 0 0 0 1 0  45.000 0   4.000 0 0 0 1 0   2.800 0 0 1 0
  0.000  37.900 0  45.000 0  36.000 0   0.333 0   0.333 0 0 0 1 0 0 0 0 1 0 0 1 0 0 0 0   0.333 0   0.000 0   0.500 0 0 0 0.0 1   0.333 0 0 0 0 0 0 1  33.000 0   5.700 0 0 0 1 0 0.0 1 1 0 0
  0.000 0.0 1  82.000 0  72.000 0   0.333 0   0.666 0 0 0 0 1 0 0 0 0 0 0 1 0 0 0 0   0.333 0   0.666 0 0.0 1 0.5 0 0.0 1   0.000 0 0 0 0 1 0 0  53.000 0  65.000 0 0 0 1 0   2.000 0 0 0 1
  0.000  37.500 0  48.000 0  24.000 0 0.0 1 0.0 1 0 0 0 0 0 0 1 0.0 1 0 0 0 0 0 1 0.0 1 0.0 1 0.0 1 0.0 1 0.0 1 0.0 1 0 0 0 0 0 1 0.0 1 0.0 1 0 0 0 1 0.0 1 1 0 0
  0.000  38.400 0  48.000 0  16.000 0   1.000 0   0.666 0 1 0 0 0 0 0 0 0 0 1 0 0 0 0 0 0.0 1   0.333 0   0.500 0 0 0 0.0 1 0.0 1 0 1 0 0 0 0  39.000 0   6.500 0 0 0 0 1 0.0 1 1 0 0
  0.000  40.000 0  78.000 0 0.0 1   0.333 0   0.333 0 0 0 0 0 1 0 0 0 0 0 1 0 0 0 0   0.333 0   0.000 0   0.000 0 0 0 0.0 1   0.000 0 1 0 0 0 0 0  66.000 0   6.500 0 0 0 0 1 0.0 1 0 1 0
  0.000  37.100 0  40.000 0   8.000 0 0.0 1   0.666 0 0 0 0 1 0 0 0 0 0 0 0 1 0 0 0   0.333 0   0.000 0   0.000 0 0 0 0.0 1   0.333 0 0 0 1 0 0 0  23.000 0   6.700 0 0 0 1 0 0.0 1 1 0 0
  0.000  38.600 0  45.000 0  16.000 0   1.000 0   0.666 0 0 1 0 0 0 0 0 0 0 1 0 0 0 0 0   1.000 0 0.0 1 0.0 1 0.0 1 0.0 1   0.666 0 1 0 0 0 0 0  43.000 0  58.000 0 0 0 0 1 0.0 1 1 0 0
  1.000  39.100 0 164.000 0  84.000 0   0.000 0   0.666 0 0 0 0 0 0 1 0 1 0 0 1 0 0 0 0   0.000 0   1.000 0   0.000 0 1 0   5.000 0   0.333 0 0 0 0 0 0 1  48.000 0   7.200 0 0 0 1 0   5.300 0 0 1 0
  0.000  37.800 0  40.000 0  16.000 0   0.666 0   0.666 0 1 0 0 0 0 0 0 0 0 1 0 0 0 0 0   1.000 0   0.000 0 0.0 1 0.0 1 0.0 1   0.666 0 1 0 0 0 0 0  37.000 0   6.800 0 0 0 0 1 0.0 1 1 0 0
  0.000 0.0 1 120.000 0 0.0 1   0.000 0   0.333 0 0 0 0 0 0 1 0 1 0 0 0 0 0 1 0   0.000 0   1.000 0 0.0 1 0.0 1 0.0 1   0.000 0 0 0 0 0 1 0  57.000 0   4.500 0 0 0 1 0   3.900 0 0 1 0
  1.000  38.200 0  78.000 0  60.000 0   0.000 0   0.000 0 0 0 0 0 0 1 0 0.0 1 0 0 1 0 0 0   0.333 0   0.666 0 0.0 1 0.0 1 0.0 1   0.666 0 0 0 0 0 0 1  59.000 0   5.800 0 0 0 1 0   3.100 0 0 1 0
