;
364
;
  2   X    71  23   2   2   4   2   5   1   4   3   2   X     1   4  52.000   6.600   X     X   1 0 0
  2   X    75   X     2   2   5   2   2   1   3   X     2   X     1   4  69.000   8.600   2   3.400 0 1 0
  2  38.700  67  21   2   2   4   1   X     1   X     X     2   7.500   X     X    64.000   9.000   X     X   0 1 0
  2  37.800  19   7   X     X     1   1   3   X     2   1   2   5.300   3   X    35.000   7.500   X     X   1 0 0
  2   X    51  25   2   2   2   1   2   2   3   2   1   X     2   X    50.000  80.000   X     X   1 0 0
  2   X    35  29   4   X     2   1   5   2   3   2   3   X     X     X    42.000   7.700   X     X   0 1 0
  2  38.000  79  53   4   2   4   1   4   2   3   2   X     X     2   4   X     X     3   X   1 0 0
  2   X    67   X     2   2   3   2   5   1   4   1   3   X     1   5  60.000   X     X     X   0 1 0
  2   X     X     X     X     X     X     X     X     X     X     X     X     X     X     X     X     X     X     X   0 1 0
  2  37.800  19  21   3   3   1   1   1   3   1   2   X     X     3   1  46.000   5.900   2   7.000 1 0 0
  2  38.200 101   9   1   2   4   2   2   1   4   1   1   X     X     X    65.000  82.000   2   2.000 0 0 1
  2  37.200  55  41   2   2   5   2   4   4   2   1   3   X     4   1  73.000   5.500   2   4.100 0 1 0
  2  37.500  31  43   2   2   1   1   3   2   2   2   3   3.500   2   4  35.000   6.500   X     X   0 1 0
  2  37.600  59  29   2   3   1   1   3   2   2   1   2   1.500   X     X    44.000   6.000   X     X   0 1 0
  2  37.800  43   X     X     2   X     1   5   2   1   X     1   X     3   1  56.000  80.000   1   2.000 1 0 0
  2  38.300  15  14   2   3   2   1   3   2   3   2   1   X     3   5  44.000   6.500   2   4.400 1 0 0
  2  36.400  69  28   2   2   4   1   4   2   2   X     X     X     1   4  47.000   6.400   3   3.600 0 1 0
  2  37.600  11   X     3   3   1   1   1   4   1   X     X     X     3   1   X     X     2   2.100 1 0 0
  2  37.100  85  33   2   X     3   2   2   3   1   X     X     X     X     3  32.000   X     3   6.500 1 0 0
  2  40.800  43  35   2   2   1   1   2   2   1   2   1   X     X     X    54.000   7.400   3   X   0 1 0
  2   X    49  17   2   2   3   1   X     2   X     2   1   X     X     4  43.000  62.000   X     2.000 0 0 1
  2  38.200  35  21   3   3   1   1   3   4   X     X     X     X     1   4  49.000   8.600   2   6.600 1 0 0
  2   X    55  29   X     X     3   1   X     2   1   2   1   X     2   2  44.000   8.500   X     X   1 0 0
  2  38.500  37  17   3   3   1   1   3   2   1   2   1   X     1   5  40.000   6.700   1   X   1 0 0
  2  38.000  15   5   4   3   3   1   3   1   3   1   3   6.500   3   4  33.000   6.500   X     X   0 1 0
  2  38.000  19  13   2   2   4   1   1   1   2   2   X     5.000   X     2  49.000   8.300   1   X   1 0 0
  2  39.700  71  23   X     X     6   2   4   1   3   1   X     X     1   5  65.000  75.000   X     X   0 0 1
  2  38.200  47  21   2   3   1   1   3   1   1   2   3   X     1   4  46.000  81.000   1   2.000 1 0 0
  2  38.200  13   9   3   3   3   1   1   2   1   X     X     X     3   X    35.000  60.000   1   1.000 1 0 0
  2   X    91  63   1   X     4   2   2   1   X     X     X     X     X     5  55.000  65.000   X     X   0 0 1
  2   X     X     X     X     X     X     X     X     X     X     X     X     X     X     X     X     X     X     X   1 0 0
  2   X    31  33   2   X     1   1   X     1   X     3   3   X     X     5  42.000  72.000   X     X   1 0 0
  2  38.600  39  13   4   3   3   1   3   2   2   1   1   X     3   5  38.000   6.500   1   X   1 0 0
  2  36.600  19   9   2   3   3   1   4   4   1   1   1   X     X     X    27.000  56.000   X     X   0 0 1
  2  38.000  13  61   1   3   1   1   3   2   2   2   3   X     1   4  41.000   7.600   X     X   1 0 0
  2   X    19  89   3   3   3   1   X     1   1   2   1   X     3   4  42.000   8.000   1   X   1 0 0
  2   X    59  33   2   2   4   2   5   1   3   3   X     X     1   5  50.000   7.700   3   1.400 0 1 0
  2  38.500  31   X     4   4   1   1   1   3   2   2   1   X     3   1  44.000   7.700   X     X   1 0 0
  2  38.500  67  23   4   2   4   2   4   1   3   2   1   X     2   5  50.000  65.000   X     X   1 0 0
  2  38.200  35  17   3   3   3   1   4   1   3   2   1   X     1   4  45.000   7.500   1   2.000 0 1 0
  2  38.000   X    17   2   2   6   2   5   X     4   1   1   X     X     X    68.000   7.800   X     X   0 1 0
  2  37.800  53   5   2   3   1   2   4   X     3   1   2   X     X     X    50.000   7.000   X     X   0 0 1
  2  37.500  15   3   2   3   1   1   3   4   2   2   X     X     2   3  43.000  51.000   1   1.000 1 0 0
  2  38.100  37   5   2   2   5   1   3   2   1   2   1   3.000   4   5  44.000   6.000   2   3.600 1 0 0
  2  38.200  47   X     4   2   2   1   5   2   3   1   3   6.000   3   5  35.000   6.500   2   0.900 1 0 0
  2  38.500  11   9   3   3   1   1   2   4   1   X     X     X     2   2  37.000  67.000   X     X   1 0 0
  2  38.100  15   2   2   3   1   1   2   3   1   1   1   X     1   5  31.000   7.300   X     X   1 0 0
  2  38.600  13  27   4   3   4   X     2   2   1   X     X     X     3   X    48.000   7.200   X     X   1 0 0
  2  38.500   1  11   X     X     X     X     X     X     X     X     X     X     X     X    40.000   7.700   X     X   1 0 0
  2  37.200  11  13   X     X     X     X     X     X     X     X     X     X     1   1  36.000  62.000   1   1.000 0 0 1
  2  37.900  43   X     3   3   5   2   3   2   1   1   2   2.000   2   4  58.000  74.000   1   2.000 1 0 0
  2  37.500  19  23   1   3   3   1   X     3   1   1   1   X     3   1  48.000   8.600   X     X   1 0 0
  2  38.000  31   5   2   3   3   1   3   2   1   1   1   X     4   2  47.000   7.000   X     X   1 0 0
  2  37.700  37   5   3   3   3   1   3   2   2   2   X     X     1   4  31.500   6.200   2   1.600 1 0 0
  2  38.500 100  41   2   2   3   1   2   1   3   1   2   2.000   X     X    57.000  66.000   3   2.000 1 0 0
  1  38.600 131  13   2   X     5   1   3   2   4   3   X     X     1   X    38.000   X     2   X   0 1 0
  2  39.300   X     X     1   2   6   2   4   1   2   1   2   4.000   1   4  75.000   X     3   4.300 0 1 0
  2  37.900  11  17   3   3   1   1   2   2   1   X     X     X     X     3  40.000   5.700   X     X   1 0 0
  2   X    31  23   2   2   4   2   5   1   4   1   1   X     1   X    45.000  70.000   3   2.000 1 0 0
  2  38.100  41  15   X     3   X     1   5   2   X     X     X     X     X     5  36.000  65.000   X     X   0 0 1
  2  38.400  55  23   2   3   5   2   4   2   3   2   2   6.500   1   4  47.000   7.500   3   X   0 1 0
  2  39.300  35  83   4   2   1   1   X     2   1   1   3   X     X     X    39.000   6.700   X     X   1 0 0
  2  37.300  19  13   X     3   2   1   3   2   3   2   1   X     2   5  41.000  69.000   X     X   1 0 0
  2  37.800  59  73   2   2   5   2   X     2   3   2   2   X     1   5  64.000  89.000   X     X   0 0 1
  2   X   111   X     X     X     4   2   5   1   4   1   1   X     X     5  30.000  69.000   X     X   0 1 0
  2  36.100  59   X     2   2   3   1   3   2   2   2   2   X     X     4  45.000   7.000   3   4.800 0 0 1
  2  37.600  16   5   2   3   3   1   X     3   2   2   1   X     3   4  39.000   7.000   2   1.500 1 0 0
  1  38.800  95  29   2   3   2   1   2   2   4   1   1   X     1   4  50.000   7.600   3   X   0 1 0
  2  38.200  31   X     3   X     3   1   2   4   1   1   1   X     1   4  43.000   6.200   2   3.900 1 0 0
  2   X    27  61   2   3   1   1   3   2   1   2   1   X     3   X    40.000   6.000   X     X   0 0 1
  2  36.500  71  17   2   2   3   1   3   2   3   3   1   X     1   4  50.000   6.000   3   3.400 1 0 0
  2  39.500   X     X     2   2   4   2   3   1   3   X     2   5.500   1   5   X     6.700   1   X   0 0 1
  2  38.100  31   5   2   2   3   1   X     1   3   3   3   2.000   X     X    51.000  65.000   X     X   1 0 0
  2  38.200  13   X     2   3   1   1   1   4   2   2   1   X     2   2  35.000   5.900   2   X   1 0 0
  2  38.600  19  13   2   3   1   1   1   2   2   2   1   X     2   2  50.000   7.300   1   X   1 0 0
  2   X     7  25   3   3   4   1   5   2   3   2   2   4.000   X     4  41.000   5.900   X     X   0 1 0
  2   X    71   X     2   2   4   2   X     1   4   2   1   2.000   X     X    68.000  64.000   3   2.000 1 0 0
  2  37.700  26  21   4   3   2   1   2   2   3   X     2   5.000   1   5   X     X     X     X   1 0 0
  2  39.400  25  59   3   3   2   1   2   2   2   1   1   X     2   4  39.000   6.000   2   X   1 0 0
  2  37.400  55  13   X     X     3   1   2   2   3   X     X     X     X     X    31.000  61.000   X     1.000 0 0 1
  1   X     X     X     X     X     X     X     X     X     X     X     X     X     X     X    45.000   6.500   2   X   1 0 0
  2  36.500  49  23   3   X     1   1   5   2   1   X     1   X     X     X    34.000  75.000   2   1.000 1 0 0
  2  37.100  31  13   4   X     4   1   3   X     3   X     3   5.000   2   4  64.000   8.500   2   X   1 0 0
  2  37.500  43   X     4   3   1   1   2   4   1   1   1   X     3   X    35.000  65.000   2   2.000 0 0 1
  2  38.200  19   X     3   2   3   1   3   1   4   1   2   2.000   1   5  42.000  71.000   X     X   1 0 0
  2  38.900  15   7   2   3   1   1   2   2   2   X     X     X     X     2  33.000  64.000   X     X   1 0 0
  2  38.600  27  25   4   3   1   1   1   4   1   2   X     X     4   X    40.000   7.000   2   2.100 1 0 0
  2   X    46   5   3   3   4   1   5   2   3   X     2   5.800   X     X    58.000   8.500   1   X   1 0 0
  2  38.200  27  33   1   2   1   1   2   1   3   2   3   7.500   X     X    47.000   7.200   1   2.500 1 0 0
  2   X     X     X     2   2   1   1   5   2   3   1   1   X     1   5  38.000   6.500   X     X   0 1 0
  2  38.500  63  33   1   2   X     1   2   1   3   X     X     X     1   X    46.000  67.000   2   2.000 1 0 0
  2  37.700  27   X     X     X     X     X     X     X     X     X     X     X     X     X     X     X     X     X   0 1 0
  2  38.000  19   5   3   3   1   1   1   2   X     1   1   X     2   2  42.000   6.300   2   4.100 1 0 0
  2  39.600  79  44   2   2   6   2   2   1   3   1   3   X     2   5  59.000   8.000   2   2.600 1 0 0
  2  38.400  19   9   3   X     1   1   1   2   1   2   2   5.500   1   3  49.000   6.800   X     X   1 0 0
  2  37.400  55  29   3   X     3   2   3   2   2   X     X     X     1   5   X     X     3   X   0 1 0
  2  38.500  57   X     3   3   3   1   4   1   3   2   1   X     2   5  45.000   7.400   1   3.400 0 1 0
  2  37.200  43  17   2   4   4   2   4   2   3   3   1   X     1   4  44.000   X     3   3.300 0 0 1
  2  37.100  55  33   2   2   6   1   2   1   4   3   3   2.000   1   5  75.000  81.000   X     X   0 0 1
  1   X     X     X     X     X     X     X     X     X     X     X     X     X     X     X    37.000   4.900   X     X   0 1 0
  2  38.200  23   9   3   3   2   1   1   3   1   1   1   X     3   X    43.000   8.100   X     X   1 0 0
  2  38.000  19   X     3   3   1   1   1   3   4   2   3   X     1   5   X     X     X     X   1 0 0
  2   X    71   X     2   X     4   2   5   1   X     2   X     X     4   X    59.000   6.300   X     X   0 1 0
  2  38.300  83   9   X     2   5   2   X     X     1   1   3   X     X     5  51.000   6.000   2   1.000 0 0 1
  2  38.500  31   X     3   3   X     1   X     4   1   X     X     X     X     X    33.000  53.000   1   X   1 0 0
  2  39.400  81  28   1   2   6   X     X     2   3   X     X     X     X     X    55.000   8.700   X     X   1 0 0
  2  37.800  19  25   3   3   3   1   2   4   X     1   1   X     1   5  37.000   6.700   X     X   1 0 0
  1  38.800 121  43   3   2   6   2   5   2   2   1   1   X     X     X    50.000   6.200   X     X   0 1 0
  2   X     X     X     X     X     X     X     X     X     X     X     X     X     X     X     X     X     X     X   1 0 0
  2   X    31  29   2   3   3   1   3   2   2   1   1   X     2   4  26.000  72.000   2   1.000 1 0 0
  2  38.500  61   X     3   3   3   1   3   2   3   2   2   2.000   1   5  47.000  79.000   X     X   1 0 0
  2  38.300  25  11   2   3   2   1   2   2   2   X     2   5.400   X     4  44.000   7.200   3   X   1 0 0
  2   X    59   X     2   2   6   2   5   2   3   1   2   X     1   5  63.000   6.500   3   X   0 1 0
  2  37.700  19   X     4   3   1   1   1   4   1   1   1   X     X     X    45.000  76.000   X     X   1 0 0
  2  38.300  51   X     2   2   4   2   5   1   3   2   1   X     1   4  45.000   7.500   2   4.600 1 0 0
  2  37.800  31  17   3   X     3   2   X     1   4   2   2   2.000   X     5  52.000  75.000   X     X   0 0 1
  2  38.100  55  37   1   X     4   2   5   2   1   1   2   5.000   X     4  60.000   6.800   X     5.700 0 1 0
  2  38.300  13   3   3   3   1   1   1   4   1   X     X     X     X     X    38.000  61.000   X     X   1 0 0
  1  39.200 117  89   X     X     X     X     X     X     X     X     X     X     X     X     X     X     X     X   0 1 0
  1  38.600  59  21   X     X     X     X     X     X     X     X     X     X     X     X    35.000   5.900   X     X   1 0 0
  2  38.600  11  13   X     X     X     1   X     X     X     X     X     X     X     X    41.000   6.400   X     X   1 0 0
  2  38.300  43  23   1   2   3   2   3   2   3   2   1   X     2   5  43.000   7.000   2   3.900 1 0 0
  2  38.700  31  25   1   2   2   2   4   1   4   X     X     X     1   5  53.000  64.000   3   2.000 0 0 1
  2   X    31   X     2   X     X     1   X     1   2   2   1   X     2   4  44.000   8.300   X     X   0 1 0
  2  38.000   7   9   2   3   1   1   4   3   2   3   2   2.000   2   X    37.000  75.000   2   1.000 0 0 1
  1  38.400  55  33   2   2   2   1   3   2   3   1   1   X     X     X    36.000   6.600   2   2.800 0 1 0
  2  37.700  11  11   3   3   1   X     3   3   1   1   1   X     2   3  36.000   3.500   X     X   1 0 0
  2  38.500  25  13   X     3   2   2   3   1   1   2   3   5.900   X     2  42.000   6.300   X     X   1 0 0
  2   X    11   9   X     X     X     1   X     X     X     X     X     X     X     X    50.000   7.000   2   3.900 0 0 1
  2  37.400  21  25   2   2   X     1   4   1   1   2   1   X     3   X    45.000   7.900   2   1.000 1 0 0
  2   X    15  17   3   3   1   1   3   2   1   2   1   X     X     1   X     6.300   X     X   1 0 0
  2  37.900  19   9   3   3   1   1   3   2   3   1   1   X     2   5  37.000   7.000   X     X   1 0 0
  2  38.000  31  25   3   3   X     1   3   2   X     1   1   X     X     X    50.000   7.000   1   1.000 1 0 0
  2  38.700  47   X     3   3   5   2   3   2   2   2   3   X     1   4  50.000   8.000   X     X   1 0 0
  2  39.900  43  53   3   3   5   2   5   1   4   3   1   X     1   4  46.000   6.100   2   X   1 0 0
  2  38.000  51  23   2   2   3   1   X     X     X     X     X     6.000   X     X    48.000   8.300   X     4.300 1 0 0
  2  38.300  11  17   3   3   3   1   3   2   1   X     X     X     3   1  33.000   6.700   X     X   1 0 0
  2  37.800   1   5   X     X     X     X     X     X     X     X     X     X     X     X     X     X     X     X   0 1 0
  2  38.400  51  53   2   4   2   1   3   3   1   2   3   X     3   1  54.000   6.900   X     X   1 0 0
  2   X    51   X     2   2   3   1   4   1   4   X     X     X     1   5  43.000  70.000   X     X   1 0 0
  1  38.500  91  63   X     X     X     X     X     4   X     2   X     X     3   X    35.000  54.000   1   1.000 1 0 0
  2  39.300  71  44   1   1   6   1   2   1   1   1   2   2.000   X     4  66.000  13.000   3   2.000 0 0 1
  1   X    99  29   2   2   4   2   4   1   3   3   X     X     1   5  53.000   7.800   3   4.700 0 1 0
  2  37.600  39  25   2   X     3   1   4   3   4   2   3   6.500   3   5  47.000   7.200   1   X   1 0 0
  2  37.000  37  13   3   2   2   1   4   2   3   1   X     X     3   5  35.000   6.900   2   X   0 1 0
  2  38.300  43  23   1   2   3   2   3   2   3   2   1   X     2   5  43.000   7.000   2   3.900 1 0 0
  2  37.900  59  17   3   3   2   1   2   3   1   X     X     X     1   1  37.000  56.000   X     X   1 0 0
  2  39.100  43  45   4   X     2   1   2   4   2   1   1   X     1   4  50.000   7.800   X     X   1 0 0
  2  39.000  55   5   2   3   5   1   2   1   2   1   3   7.000   X     4  62.000   5.900   2   2.200 0 1 0
  2  38.300  15  53   X     X     1   1   X     X     X     X     X     X     X     X     6.400  36.000   X     X   1 0 0
  2  38.000  11  18   X     3   1   1   4   2   2   1   1   X     1   X    37.000  69.000   X     X   1 0 0
  2   X     X     5   3   3   2   1   2   4   2   3   1   X     3   3  44.000   7.500   2   X   1 0 0
  1  38.300 101  53   X     2   X     1   2   1   X     X     X     X     X     X    50.000  70.000   X     X   1 0 0
  2   X     X     X     X     X     X     X     4   X     X     1   1   X     X     5  35.000  58.000   2   1.000 1 0 0
  1  38.900  91  23   3   2   2   2   3   2   3   3   1   3.000   X     X    47.000   6.300   1   X   1 0 0
  2  39.200   X    16   2   3   3   1   4   1   2   2   X     X     X     X    36.000   6.600   1   3.000 1 0 0
  2   X    91   X     2   1   4   1   4   1   4   1   1   X     X     5  52.000  67.000   2   2.000 0 0 1
  2  40.300  85  29   2   2   1   2   2   2   3   2   1   7.000   3   5  57.000   8.100   3   4.500 0 0 1
  2  37.800  59  15   4   3   2   1   3   X     X     2   X     X     1   X    64.000   8.000   1   6.000 0 1 0
  2   X     X     X     1   2   X     2   2   1   1   X     X     X     X     X    54.000  76.000   3   2.000 1 0 0
  2  37.900  91  53   2   2   3   1   5   1   4   2   3   7.500   1   5  52.000   6.600   3   1.800 0 1 0
  2  38.200  39  25   4   4   2   1   1   4   1   3   1   X     3   1  43.000  65.000   X     X   1 0 0
  2  35.400 111  17   2   2   4   2   4   1   X     2   1   X     X     5  57.000  69.000   3   2.000 0 0 1
  2  38.200  31  23   3   3   3   1   3   2   1   2   1   X     2   2  48.000  66.000   X     X   1 0 0
  2  37.500  67  11   3   2   6   2   3   1   2   2   2   5.000   X     4  69.000   8.900   3   X   1 0 0
  2   X     X     X     X     X     X     X     X     X     X     X     X     X     X     X     X     X     X     X   1 0 0
  2  37.200  31   X     4   3   1   1   3   2   3   2   1   X     1   5  43.000   6.600   X     X   1 0 0
  2  37.800  19   5   4   3   2   1   3   X     1   2   X     X     4   X    48.000   7.300   1   X   1 0 0
  2  37.800  19  21   3   3   1   2   1   3   1   2   X     X     3   1  46.000   5.900   2   7.000 1 0 0
  2  37.800  31  35   X     X     X     1   X     X     X     X     X     X     X     X     X     X     X     X   1 0 0
  2  37.500  15  13   3   3   3   1   X     4   1   X     X     X     3   X    35.000   7.200   X     X   1 0 0
  2  38.200  31  17   2   3   3   2   3   2   2   3   2   X     1   4  53.000   7.500   2   1.400 1 0 0
  2  38.700   X     X     2   3   3   1   5   1   2   X     X     X     X     X    33.000   6.500   2   X   1 0 0
  2  38.500  31  13   3   3   5   2   2   3   1   2   1   X     4   3  63.000   7.500   2   2.300 0 0 1
  2  40.300  85  29   2   2   1   2   2   2   3   2   1   7.000   3   5  57.000   8.100   3   4.500 0 1 0
  1  39.700  71   X     2   2   5   2   2   2   X     X     X     X     X     X    48.000  57.000   2   2.000 0 0 1
  2  38.600  23   X     3   3   1   1   3   2   2   1   1   X     3   3  32.000   6.600   1   5.000 1 0 0
  1  38.200  95  81   3   2   2   1   2   2   4   X     X     X     X     X    47.000   8.000   1   X   1 0 0
  2   X    83  17   2   2   4   2   5   1   2   X     X     X     1   X    40.000   5.300   3   2.600 1 0 0
  2  38.000  13   5   2   X     3   1   1   4   1   X     X     X     X     1  37.000   5.800   X     X   1 0 0
  2  36.800  31  21   X     X     X     X     X     X     X     X     X     X     X     X     X     X     X    10.000 0 1 0
  2  37.700  15  33   4   3   3   1   1   2   2   1   1   X     3   5  41.000  60.000   X     X   1 0 0
  2  38.000  47  11   X     X     X     2   X     X     X     X     X     X     X     X    71.000  11.000   X     X   1 0 0
  2  38.700  11  21   4   3   1   1   3   4   1   X     X     X     3   X    39.000  62.000   1   1.000 1 0 0
  2  39.200  91  13   1   2   5   2   2   2   3   1   2   X     X     4  60.000   8.800   3   X   0 1 0
  2  38.500  71   X     2   2   5   2   4   2   4   2   1   X     1   5   X     X     X     X   0 0 1
  2  39.500  31   3   2   X     X     2   3   2   2   2   1   X     2   X    38.000  56.000   1   X   1 0 0
  2  38.300  23  89   X     2   3   1   X     X     X     1   1   X     3   X    43.000   6.100   X     X   1 0 0
  2  38.100  59  17   2   2   4   1   5   1   3   2   1   X     2   4  41.000   4.600   X     X   0 1 0
  2  37.200   7   2   3   3   1   1   2   2   1   2   1   X     1   1  35.000   5.700   X     X   1 0 0
  2   X    11   X     4   3   1   1   1   2   1   1   1   X     X     5  39.000  56.000   X     X   1 0 0
  2  38.200  13  19   3   3   1   1   3   4   2   X     X     X     3   X    36.000   6.900   X     X   1 0 0
  2  37.300  19   5   3   X     3   1   3   4   3   2   1   X     2   3  40.000   6.600   2   X   1 0 0
  1  39.500  55  23   X     X     X     1   X     X     X     X     X     X     X     X    28.000   5.000   X     X   1 0 0
  1  38.000 111  61   3   3   1   1   3   2   2   X     X     X     4   1  39.000   5.300   X     X   1 0 0
  2   X    39   7   X     X     4   1   4   X     X     X     1   4.300   X     X     X     X     2   2.800 0 1 0
  2  38.300  11   9   2   X     1   1   2   X     X     X     X     X     X     X    37.000  57.000   X     X   1 0 0
  2  37.900  25  35   4   3   5   1   3   4   1   X     1   X     X     2  47.000  54.000   3   1.000 1 0 0
  1  38.100 107  41   2   2   3   1   5   4   3   2   3   4.400   4   X    33.000   4.900   2   2.900 0 1 0
  2  37.800  31  73   3   2   2   2   2   2   3   X     3   5.500   1   X    40.000   4.500   2   X   1 0 0
  2  37.200  79   5   2   2   4   2   2   1   2   X     2   6.000   2   3  52.000   8.200   3   7.400 0 0 1
  2  39.500  63  21   2   2   6   1   5   1   1   X     2   X     1   X    72.000   6.400   X     3.600 0 1 0
  2  37.600  67  41   2   3   4   1   5   2   3   2   2   4.500   1   X    45.000   6.800   X     X   0 1 0
  2  37.500  19  33   X     X     X     X     X     X     X     1   1   X     X     5  41.000  55.000   3   2.000 0 0 1
  2  38.400  55  23   2   3   5   2   4   2   3   2   2   6.500   1   4  47.000   7.500   3   X   0 1 0
  2  38.700  23  13   4   X     1   1   1   4   1   1   1   X     3   1  33.000  77.000   X     X   1 0 0
  2  38.300  11  11   3   3   1   1   3   4   1   X     X     X     4   1  43.000   5.900   1   X   1 0 0
  2  38.100  27  13   4   3   2   1   1   2   1   1   1   X     X     X    46.000  70.000   X     X   1 0 0
  2   X     X     X     2   3   1   1   2   2   3   1   2   6.000   1   4   X     X     2   X   0 1 0
  2  38.000  15   5   2   3   1   X     X     4   2   X     X     X     3   X    42.000  64.000   X     X   1 0 0
  2   X    51  29   2   1   3   1   4   1   4   2   1   X     2   5  38.000   6.200   X     X   0 0 1
  2  38.000  61  23   1   2   4   2   5   1   4   X     X     X     1   5  55.000   6.100   X     X   0 1 0
  2  38.000  31   5   3   3   2   1   2   4   1   1   1   X     3   4  44.000  65.000   3   2.000 0 0 1
  2  38.000  27  37   2   2   3   X     X     4   1   2   1   X     1   X    47.000  70.000   2   1.000 1 0 0
  2  38.400  63  13   3   X     X     2   X     2   3   X     X     X     3   X     X     X     X     X   1 0 0
  2  38.200  13  13   X     X     1   1   X     2   X     X     X     X     2   X    47.000  60.000   X     X   1 0 0
  2  38.300  16  13   2   2   2   2   2   1   1   2   X     X     1   X     X     X     X     X   1 0 0
  2  38.400  25  17   3   3   1   1   1   2   1   2   1   X     2   2  49.000   7.200   1   X   1 0 0
  1  38.300  61   X     3   X     1   1   5   2   1   2   1   X     2   X    40.000   6.200   1   2.200 1 0 0
  2  38.800  19  33   3   3   3   1   3   2   4   2   X     X     X     5  41.000  65.000   X     X   1 0 0
  2  38.900  51  37   2   2   3   2   2   2   3   2   3   7.000   2   1  54.000   6.500   3   X   0 1 0
  2  38.600  19   5   X     X     1   X     1   4   X     X     X     X     X     X    36.000  67.000   X     X   1 0 0
  2  38.400  15  17   2   X     4   X     5   1   3   2   1   X     1   5  50.000  77.000   X     X   1 0 0
  2  39.100  31   3   X     3   1   X     2   2   X     X     X     X     1   4   X     X     X     X   1 0 0
  2  38.600  23  13   3   3   1   1   3   2   2   1   1   X     3   3  36.000   6.600   1   5.000 1 0 0
  2   X     X    13   1   2   3   X     5   1   3   2   X     X     1   4  53.000   5.900   3   X   0 1 0
  2   X    71  23   2   2   4   2   5   1   4   3   2   X     1   4  52.000   6.600   X     X   1 0 0
  2  37.700  15  21   X     1   3   2   5   1   4   1   1   X     2   5  45.000  70.000   3   2.000 1 0 0
  2  36.000  71  13   1   2   6   2   2   1   3   1   1   X     1   5  74.000   5.700   2   2.500 0 0 1
  2  38.500  31  33   2   3   2   1   2   4   2   X     X     X     2   2  49.000  59.000   X     X   1 0 0
  2  39.200  59  13   X     X     4   1   3   1   2   X     X     X     1   2  50.000  85.000   2   2.000 0 0 1
  2  38.700   5  23   4   X     3   1   2   2   X     X     X     X     X     X    33.000  69.000   X     2.000 0 0 1
  2  39.000  35  33   3   3   5   1   3   2   2   2   1   X     2   3  42.000   7.500   2   2.300 1 0 0
  2  37.800  19   5   2   3   1   1   X     2   2   1   1   X     3   3  37.000   5.500   2   1.300 1 0 0
  2  38.700  19  17   X     X     X     X     1   4   X     1   1   X     3   X    34.000  63.000   X     X   1 0 0
  2   X    75  17   1   2   3   2   4   1   3   X     2   X     X     2  73.000   8.400   X     X   0 0 1
  2  37.600  35  14   3   3   2   1   2   2   1   1   1   X     4   5  40.000   7.000   1   X   1 0 0
  2  38.100  43  23   2   2   3   1   4   1   3   2   1   X     2   5  37.000  56.000   3   1.000 1 0 0
  2  38.600  17   X     3   3   2   1   1   2   2   1   1   X     X     2  49.000   9.100   1   1.600 1 0 0
  2  38.500  67  29   2   2   X     2   2   1   2   1   3   X     1   5  70.000   8.500   X     X   0 1 0
  2  37.400  25  11   2   X     1   1   3   1   3   2   3   X     1   5  30.000   7.100   2   X   1 0 0
  2  37.600   9  13   2   2   1   1   3   2   2   X     X     X     2   X    37.000  68.000   X     X   1 0 0
  2   X    47   X     X     2   X     X     X     1   4   X     X     X     X     5   X     X     X     X   0 0 1
  2   X    91   X     1   2   4   2   5   1   4   1   1   X     1   5  60.000   6.500   3   X   0 1 0
  2  37.500  19  17   2   3   1   1   2   4   X     1   1   X     2   2  43.000   6.000   1   2.800 1 0 0
  2  37.800  27   9   3   3   2   1   2   4   1   2   1   X     3   X    44.000  68.000   1   1.000 1 0 0
  2  38.400  25  17   3   3   1   1   1   2   1   2   1   X     2   2  49.000   7.200   1   8.000 1 0 0
  2  37.000  31  13   2   X     X     1   3   X     3   2   3   4.500   1   4  43.000   7.600   X     X   0 0 1
  2  38.100  23  17   3   3   5   1   4   2   1   2   2   7.000   3   X    54.000   7.500   2   2.600 0 1 0
  2  37.600  19  29   X     X     1   1   X     2   X     X     X     X     X     X    44.000   6.300   1   5.000 1 0 0
  1  38.000  63  21   3   3   2   1   1   2   2   3   X     7.200   X     X    37.000   6.100   1   1.100 1 0 0
  2   X    67   X     2   2   3   2   5   1   4   X     1   X     1   5  60.000   X     X     X   0 1 0
  2  37.800  11   5   3   3   1   1   1   3   1   2   1   X     3   2  38.000   7.000   X     X   1 0 0
  2   X     X     X     2   2   3   2   5   2   3   3   3   X     1   5  46.000   5.900   X     X   0 1 0
  2  38.300  13  17   X     X     X     1   X     X     X     X     X     X     X     X    40.000   8.500   X     X   0 1 0
  1   X    71  37   4   3   1   1   4   4   1   X     X     X     3   X    37.000   4.700   X     X   1 0 0
  2  37.500  19  23   1   3   3   1   X     3   1   1   1   X     3   1  48.000   8.600   X     X   1 0 0
  2  37.300  21  25   3   3   3   1   1   2   2   X     X     X     3   X    44.000   7.000   X     X   1 0 0
  2  38.800  21   7   3   3   1   1   3   4   1   1   1   X     2   5  38.000  58.000   X     X   1 0 0
  1   X   121  53   1   1   4   2   5   1   4   X     X     X     X     X     X     X     X     X   0 1 0
  2  38.000  23   9   X     X     X     X     2   X     X     X     2   1.000   3   1  53.000  86.000   X     X   1 0 0
  2  39.300  35  83   4   2   1   1   X     2   1   1   3   6.500   3   5  39.000   6.700   X     X   1 0 0
  1  38.000  63  21   3   3   2   1   1   2   2   3   X     7.200   3   1  37.000   6.100   1   X   0 1 0
  2  37.900  31   8   2   X     4   2   5   1   4   2   3   X     1   5  65.000   7.500   X     X   1 0 0
  2  38.400  23  13   4   3   3   1   1   2   2   2   1   X     2   5  41.000  63.000   1   1.000 1 0 0
  2   X    41  29   3   X     3   2   2   2   2   2   X     X     1   5  36.000   7.300   X     X   1 0 0
  2  38.300  11   9   2   X     X     1   1   2   2   X     X     X     X     X    38.000  58.000   1   2.000 1 0 0
  1  39.000 121  65   X     X     X     X     X     X     X     X     X     X     X     X    47.000   8.500   X     0.100 1 0 0
  2  38.100  15  33   4   3   3   1   3   2   1   X     X     X     3   3  35.000   6.800   X     X   1 0 0
  2  38.300  37  23   4   2   1   1   2   1   3   3   3   8.500   1   5  37.000   6.000   X     X   1 0 0
  2  38.300  59   X     X     X     6   X     X     X     X     X     X     X     X     X     X     X     X     X   0 1 0
  2  37.800  19   9   3   3   1   1   X     4   1   2   1   X     1   3  43.000   7.500   X     X   1 0 0
  2  37.700  91  21   2   2   3   1   5   2   3   1   1   X     X     X    65.000   7.000   3   X   0 1 0
  2  37.600  19  13   2   3   4   1   1   4   3   2   1   X     3   1  37.000   5.500   X     X   0 0 1
  2  36.600  13  11   2   2   2   1   1   1   1   1   1   X     X     5  52.000   7.100   X     X   0 1 0
  2  38.000  37  13   3   2   3   1   5   2   1   1   1   X     2   X    46.000  46.000   3   2.000 0 0 1
  2  37.500  11  25   2   3   3   1   3   3   3   2   1   X     X     5  32.000   6.400   1   1.100 1 0 0
  2  37.500  43  23   1   2   4   1   4   1   3   2   1   X     2   5  60.000   6.800   X     X   0 1 0
  2  37.700  51   X     2   2   6   1   5   1   1   2   2   X     2   1  50.000  55.000   3   2.000 1 0 0
  2  38.300 103   X     X     2   6   2   2   1   2   2   2   6.200   1   4  57.000   8.000   X     5.200 1 0 0
  2  37.800  13  33   3   3   1   1   1   2   1   X     X     X     2   3  36.000   6.200   X     X   1 0 0
  2   X     X     X     4   3   3   1   2   2   2   2   1   X     2   3   X     X     X     X   1 0 0
  2  38.600  31  23   3   3   3   1   4   3   2   1   1   X     X     X    40.000   6.000   1   X   1 0 0
  2  38.300  51  33   X     X     6   2   4   2   1   X     3   X     3   4  67.000  10.200   2   1.000 0 0 1
  2  38.900  51  37   2   2   3   1   2   2   3   2   3   7.000   2   1  54.000   6.500   3   X   0 1 0
  2  38.000  21  29   X     3   1   1   3   3   2   X     X     X     2   X    39.000   6.600   1   5.300 1 0 0
  2  38.000  57  17   1   2   4   1   2   1   4   1   1   X     1   5  45.000   5.500   1  10.100 0 1 0
  2   X    83   6   1   1   4   1   2   2   1   2   1   4.500   1   4  60.000   6.300   3   X   1 0 0
  2   X    23   9   3   X     3   1   X     X     X     2   2   5.500   X     X    55.000   7.200   X     X   1 0 0
  2  38.200  19  11   3   3   1   1   3   2   3   1   3   X     1   X    48.000  74.000   1   2.000 1 0 0
  2  38.200  11   9   2   2   1   1   1   2   X     X     X     X     3   1  34.000  66.000   X     X   1 0 0
  2  38.000  13   5   2   X     3   1   1   X     1   X     X     X     X     2  37.000   5.800   X     X   1 0 0
  2  37.100  46  29   X     X     3   2   4   1   2   2   2   5.000   1   4  48.000   7.400   3   3.200 0 1 0
  2  38.600  19  13   2   3   1   1   4   2   1   X     X     X     2   X    37.000  75.000   X     X   1 0 0
  2  39.000  91   X     1   2   5   2   2   1   3   2   2   8.000   X     X    65.000   8.200   3   4.600 1 0 0
  2  38.000  43  29   3   3   3   1   3   X     2   2   1   X     2   5  38.000   6.800   2   2.000 1 0 0
  2   X    31  13   1   2   4   2   5   1   X     X     1   X     1   5   X     X     X     X   0 0 1
  2   X    36  17   X     X     X     2   5   X     4   3   1   X     X     5   X     X     X     X   0 0 1
  2  38.100  59  25   2   2   4   1   2   2   3   X     2   1.000   1   5  55.000  60.000   X     X   0 0 1
  2  38.200  43  11   X     X     X     X     X     X     X     X     X     X     X     X    35.000   6.400   X     X   1 0 0
  2   X     7   5   3   3   1   1   1   3   1   1   1   X     3   5  44.000   X     X     X   1 0 0
  2   X    41   9   2   1   5   2   2   2   2   2   1   X     1   5  60.000   7.500   X     X   0 1 0
  2  37.500  59  13   4   2   3   1   4   2   3   X     X     X     X     X    35.000   6.400   1   X   0 1 0
  2  38.200  19   X     4   X     1   2   3   2   1   2   1   X     X     2  34.000   6.600   X     X   1 0 0
  2   X    23  21   2   2   4   1   3   1   3   2   1   X     1   4  37.000   8.100   X     X   1 0 0
  2  37.500  15   X     3   3   1   1   3   2   2   X     X     X     X     X    45.000   5.800   2   1.400 1 0 0
  2  38.000  15   5   3   3   1   1   3   2   3   2   1   X     1   5  42.000  65.000   X     X   1 0 0
  2  38.300  31  13   3   3   1   2   1   2   1   X     X     X     2   X    34.000  66.000   X     X   1 0 0
  2  38.500  91  53   1   2   6   2   X     2   X     X     X     X     X     X    54.000   X     X     X   1 0 0
  2  38.500  25   X     3   3   1   1   3   4   1   2   1   X     3   X    40.000   6.800   2   7.000 1 0 0
  2  38.100  11  29   3   4   2   1   2   3   X     X     X     X     X     X     X     X     X     X   0 0 1
  2  37.300  11   X     X     2   1   1   2   2   2   3   1   X     2   5  36.000   X     3   2.000 1 0 0
  2   X     X     X     2   1   6   X     4   X     4   X     X     X     X     X     X     X     X     X   0 1 0
  2  38.100  23  17   3   3   5   1   4   2   1   2   2   7.000   3   X    54.000   7.500   2   2.600 0 1 0
  2  39.200  59  51   1   1   X     2   5   1   X     X     X     X     X     X     X     X     2   2.000 0 0 1
  2  37.500  19   9   3   3   1   1   1   4   1   1   1   X     3   X    37.000   6.500   X     X   1 0 0
  2  38.400  20   X     X     X     1   1   X     X     1   2   1   X     X     X    44.000   7.600   X     X   1 0 0
  2  37.000  15   5   2   3   1   2   1   4   1   X     X     X     1   2  40.000   6.700   3   8.000 1 0 0
  2  38.500  71   X     2   2   5   2   4   2   4   2   1   X     1   5   X     X     X     X   0 0 1
  2   X    41   9   2   1   5   2   2   2   2   2   1   X     1   5  60.000   7.500   X     X   0 1 0
  2  37.600  59  29   2   3   1   1   3   2   2   1   2   1.500   X     X    44.000   6.000   X     X   0 1 0
  2  38.000  27   X     3   4   3   1   1   4   1   1   1   X     3   1  42.000  71.000   X     X   1 0 0
  2  38.500  75  33   2   2   X     1   4   2   4   X     X     X     X     X     X     X     X     X   1 0 0
  2   X    31  41   2   2   4   2   4   2   4   X     X     X     X     X    58.000   7.600   X     X   0 1 0
  2  38.000   X    17   2   2   6   2   5   X     4   1   1   X     X     X    68.000   7.800   X     X   0 1 0
  2  38.300  31   9   2   3   1   1   2   4   1   2   3   3.000   3   4  30.000   6.000   1   3.000 1 0 0
  2   X     X     X     X     X     X     X     X     X     X     X     X     X     X     X    45.000   8.700   X     X   0 1 0
  2  37.300  61  33   2   X     6   2   5   1   3   2   3   X     3   5  65.000  50.000   3   2.000 0 0 1
  2  38.400  75  33   3   3   3   1   2   1   2   2   2   6.500   X     4  55.000   8.500   X     X   1 0 0
  2  38.500  37  21   2   2   X     2   5   1   4   X     X     X     2   5  45.000   8.400   X     X   0 1 0
  2  36.000  13  23   X     X     5   1   X     X     X     X     X     X     X     X    64.000   6.800   X     X   0 1 0
  1  38.800 155  77   3   X     1   1   4   4   3   X     X     X     4   X    33.000   3.300   X     X   0 1 0
  2  38.000  13  33   2   3   1   1   3   2   1   X     X     X     X     X     X     X     X     X   1 0 0
  2  37.300  75  28   X     X     6   2   X     X     X     X     X     X     X     X    74.000   7.400   X     X   0 1 0
  2  38.700  23   X     3   3   1   1   1   2   1   X     X     X     3   3   4.000  74.000   X     X   1 0 0
  2  39.000  35  29   2   3   4   2   3   2   2   1   3   7.000   1   5  44.000   7.500   3   5.000 1 0 0
  2  37.700  67  23   2   2   4   2   5   1   4   3   3   4.000   1   5  66.000   7.500   X     X   0 1 0
  2  37.000  27  17   2   3   4   2   4   1   3   1   1   X     X     X    35.000  61.000   3   2.000 0 0 1
  2   X     X     X     X     X     X     X     X     X     X     X     X     X     X     X    24.000   6.700   X     X   1 0 0
  2  38.400  51  23   1   2   1   1   3   2   3   3   2   X     1   5  32.000   6.100   3   4.300 1 0 0
  2  37.200  13   5   4   3   1   1   3   2   3   3   1   X     1   5   X     7.000   X     X   1 0 0
  2  37.500  23   5   3   3   1   1   2   2   2   2   1   X     2   5  36.000  61.000   1   1.000 1 0 0
  2   X     X     X     3   3   3   1   1   2   1   X     X     X     4   2  43.000   7.700   X     X   1 0 0
  2  36.900  21  33   4   2   3   1   1   2   2   3   1   7.000   X     X    37.500   6.500   X     X   1 0 0
  1  38.100  71  73   2   3   2   1   3   1   1   X     X     X     3   X    36.000   5.700   X     X   1 0 0
  2  37.800  23  17   3   2   3   1   4   1   1   2   2   5.700   4   5  48.000   6.600   1   3.700 0 1 0
  2   X     X    33   2   3   1   1   3   2   2   X     X     X     X     X    45.000  70.000   X     X   1 0 0
  2  39.400  91  41   X     X     5   1   X     2   3   1   X     X     1   X    56.000  64.000   1   2.000 0 0 1
  1  38.200  49  53   1   1   6   X     3   2   3   X     X     X     3   X    59.000   5.800   3   3.100 0 1 0
  2  37.800  31   9   3   3   3   1   2   2   2   1   3   X     2   X    41.000  73.000   X     X   0 0 1
  2  38.800  21  13   2   3   1   1   1   4   1   2   1   X     2   1  42.000   6.200   X     X   1 0 0
  2  39.000  57   9   2   2   5   X     3   2   3   X     3   X     X     X    68.000   5.800   3   6.000 0 1 0
  2  37.900  39  13   X     3   2   1   2   1   2   X     X     X     3   5  45.000   4.000   3   2.800 0 1 0
  2  37.900  16  29   2   2   3   2   2   2   1   2   1   X     2   X    33.000   5.700   3   X   1 0 0
  2   X    53  65   2   3   4   1   2   2   3   X     2   X     1   4  53.000  65.000   3   2.000 0 0 1
  2  37.500  19  17   X     X     X     X     X     X     X     X     X     X     X     X     X     X     X     X   1 0 0
  2  38.400  19   9   4   3   1   1   1   X     2   2   1   X     X     2  39.000   6.500   X     X   1 0 0
  2  40.000  49   X     2   2   5   1   2   2   1   1   1   X     1   1  66.000   6.500   X     X   0 1 0
  2  37.100  11   1   X     3   4   1   3   2   1   1   1   X     2   3  23.000   6.700   3   X   1 0 0
  2  38.600  16   9   4   3   2   1   1   4   X     X     X     X     3   1  43.000  58.000   X     X   1 0 0
  1  39.100 135  77   1   3   6   2   2   1   4   1   3   5.000   2   X    48.000   7.200   3   5.300 0 1 0
  2  37.800  11   9   3   3   1   1   1   4   1   X     X     X     3   1  37.000   6.800   X     X   1 0 0
  2   X    91   X     1   2   6   2   5   1   4   X     X     X     1   5  57.000   4.500   3   3.900 0 1 0
  1  38.200  49  53   1   1   6   X     3   2   3   X     X     X     3   X    59.000   5.800   3   3.100 0 1 0
