;
768
;
  4 113.000  44.000  13.000   X    22.400   0.140  2 0 1
  2 135.000  54.000   X     X    26.700   0.687 42 0 1
  3 102.000  86.000  36.000 120.000  45.500   0.127  3 1 0
  3  88.000  74.000  19.000  53.000  29.000   0.229  2 0 1
 11 101.000  76.000  48.000 180.000  32.900   0.171 43 0 1
  5 183.000   X     X     X    28.400   0.212 16 1 0
  2 126.000  56.000  29.000 152.000  28.700   0.801  1 0 1
  7 102.000  90.000  39.000   X    35.700   0.674  8 0 1
  8 160.000  54.000  32.000 175.000  30.500   0.588 19 1 0
 12 155.000  76.000  28.000 150.000  33.300   1.353 31 1 0
  3  99.000  52.000  15.000  94.000  24.600   0.637  1 0 1
  5 123.000  80.000  15.000 176.000  32.000   0.443 14 0 1
  1 189.000 104.000  25.000   X    34.300   0.435 21 1 0
  3 144.000  58.000  33.000 135.000  31.600   0.422  5 1 0
  1  99.000   X     X     X    25.000   0.253  2 0 1
  2 101.000  50.000  15.000  36.000  24.200   0.526  6 0 1
  4 111.000  62.000   X     X    22.600   0.142  1 0 1
  2 113.000  64.000  35.000   X    33.600   0.543  1 1 0
  4 126.000  88.000  41.000 235.000  39.300   0.704  7 0 1
  2 130.000  60.000  23.000 170.000  28.600   0.692  1 0 1
  3 146.000   X     X     X    27.500   0.240  8 1 0
  8 159.000  64.000   X     X    27.400   0.294 20 0 1
  2 108.000  60.000  46.000 178.000  35.500   0.415  4 0 1
  3 108.000  52.000  26.000  63.000  32.500   0.318  2 0 1
  3  99.000   X     X     X    22.200   0.108  3 0 1
  7 119.000  50.000  22.000 176.000  27.100   1.318 13 1 0
  2 112.000  80.000  45.000 132.000  34.800   0.217  4 0 1
  2 126.000  60.000   X     X    30.100   0.349 27 1 0
  1 152.000  82.000  39.000 272.000  41.500   0.270  7 0 1
  6 105.000  72.000  29.000 325.000  36.900   0.159  8 0 1
  1 162.000  76.000  36.000   X    49.600   0.364  6 1 0
  3  92.000  52.000   X     X    30.100   0.141  2 0 1
  6 168.000  64.000   X     X    32.900   0.135 21 1 0
  5 103.000  60.000  33.000 192.000  24.000   0.966 13 0 1
  4 193.000  70.000  31.000   X    34.900   0.241  5 1 0
  2 106.000  70.000  28.000 135.000  34.200   0.142  2 0 1
  8 133.000  84.000   X     X    40.200   0.696 17 0 1
  6 136.000  84.000  41.000  88.000  35.000   0.286 15 1 0
  1 114.000  80.000  34.000 285.000  44.200   0.167  7 0 1
  4 102.000  44.000  20.000  94.000  30.800   0.400  6 0 1
  2 131.000  64.000  14.000 415.000  23.700   0.389  1 0 1
  5 158.000  78.000   X     X    32.900   0.803 11 1 0
  3 157.000  74.000  35.000 440.000  39.400   0.134 10 0 1
  1 131.000   X     X     X    43.200   0.270  6 1 0
  7  92.000  62.000  32.000 126.000  32.000   0.085 26 0 1
  5  96.000  56.000  17.000  49.000  20.800   0.340  6 0 1
  9 155.000  62.000  26.000 495.000  34.000   0.543 26 1 0
  8  81.000  78.000  40.000  48.000  46.700   0.261 22 0 1
  1  67.000  76.000   X     X    45.300   0.194 26 0 1
  2  90.000  68.000   8.000   X    24.500   1.138 16 0 1
  1 123.000  88.000  37.000   X    35.200   0.197  9 0 1
 12 136.000  84.000  35.000 130.000  28.300   0.260 22 1 0
  6 122.000  86.000   X     X    34.700   0.290 13 0 1
  9  65.000  72.000  23.000   X    32.000   0.600 22 0 1
 10 112.000  82.000  24.000   X    28.200   1.282 30 1 0
  3 141.000  58.000  34.000 128.000  25.400   0.699  4 0 1
  7 166.000  74.000   X     X    26.600   0.304 46 0 1
  2 111.000  86.000  19.000   X    30.100   0.143  3 0 1
  9 179.000  72.000  42.000 130.000  32.700   0.719 16 1 0
  3  90.000  80.000  14.000  55.000  24.400   0.249  4 0 1
  2 107.000  50.000  19.000   X    28.300   0.181  9 0 1
  4 108.000  62.000  24.000   X    26.000   0.223  5 0 1
  4 112.000  74.000  30.000   X    31.600   0.197  5 1 0
  5 127.000  88.000  11.000 155.000  34.500   0.598  8 0 1
  2 147.000  94.000  41.000   X    49.300   0.358  7 1 0
  5 156.000  75.000   X     X    48.300   0.238 12 1 0
  1 106.000  70.000  37.000 148.000  39.400   0.605  2 0 1
  2  80.000  55.000   X     X    19.100   0.258  1 0 1
  6 117.000  86.000  30.000 105.000  39.100   0.251 22 0 1
  9 197.000  74.000   X     X    25.900   1.191 19 1 0
  7 111.000  64.000  39.000   X    34.200   0.260  4 0 1
  3 101.000  58.000  17.000 265.000  24.200   0.614  3 0 1
  4 191.000  68.000  15.000 130.000  30.900   0.299 14 0 1
  7 108.000  44.000  20.000 130.000  24.000   0.813 15 0 1
 12 138.000  74.000  26.000 144.000  36.100   0.557 30 1 0
  4 129.000  64.000  29.000 115.000  26.400   0.219  8 1 0
  2 111.000  94.000   X     X    32.800   0.265 25 0 1
  7  96.000   X     X     X    23.700   0.190  8 0 1
  5  91.000  70.000  32.000  88.000  33.100   0.446  2 0 1
  1 108.000  68.000  20.000   X    27.300   0.787 12 0 1
  1 140.000  65.000  26.000 130.000  42.600   0.431  4 1 0
  2  95.000  60.000  18.000  58.000  23.900   0.260  2 0 1
 14  76.000  60.000   X     X    32.800   0.180 21 0 1
  2  86.000  66.000  52.000  65.000  41.300   0.917  9 0 1
 11 122.000  68.000   X     X    31.200   0.258 21 0 1
  8 114.000  66.000   X     X    32.800   0.258 22 1 0
  4 100.000  68.000  23.000  81.000  31.600   0.949  8 0 1
  1 101.000  65.000  28.000   X    24.600   0.237  2 0 1
  8 109.000  80.000  31.000   X    35.900   1.127 23 1 0
  3 122.000  70.000  27.000   X    36.800   0.340  7 0 1
  3 146.000  70.000  38.000 360.000  28.000   0.337  9 1 0
  3 114.000  68.000  22.000   X    28.700   0.092  5 0 1
  2 119.000  88.000  41.000 170.000  45.300   0.507  6 0 1
  2 102.000  74.000   X     X    39.500   0.293 22 1 0
  4 169.000  74.000  19.000 125.000  29.900   0.268 11 1 0
  4 125.000  58.000   X     X    31.600   0.151  4 0 1
  9 100.000  74.000  40.000 215.000  39.400   0.661 23 1 0
  1 101.000  76.000   X     X    35.700   0.198  6 0 1
 13  88.000  74.000  40.000  54.000  35.300   0.378 28 0 1
  4 116.000   X     X     X    23.500   0.187  3 0 1
  2  71.000  48.000  18.000  76.000  20.400   0.323  2 0 1
  4  81.000  86.000  16.000  66.000  27.500   0.306  2 0 1
  9 126.000  88.000  36.000 108.000  38.500   0.349 29 0 1
  1 179.000  90.000  27.000   X    44.100   0.686  3 1 0
  6 130.000  82.000   X     X    39.100   0.956 17 1 0
  6 123.000  74.000  40.000  77.000  34.100   0.269  8 0 1
  8 150.000  78.000  29.000 126.000  35.200   0.692 34 1 0
  4 150.000  76.000   X     X    21.000   0.207 17 0 1
  3  90.000  68.000  42.000   X    38.200   0.503  7 1 0
  2 189.000  60.000  23.000 846.000  30.100   0.398 39 1 0
  8 106.000  60.000  24.000   X    26.500   0.296  9 1 0
  3 128.000  64.000  42.000   X    40.000   1.101  4 0 1
  3 120.000  54.000   X     X    26.800   0.455  7 0 1
  3  88.000  58.000  26.000  16.000  28.400   0.766  2 0 1
  2 172.000  68.000  49.000 579.000  42.400   0.702  8 1 0
  5 129.000  60.000  12.000 231.000  27.500   0.527 11 0 1
  2 138.000  82.000   X     X    40.100   0.236  8 0 1
  1  98.000  82.000  15.000  84.000  25.200   0.299  2 0 1
  2  71.000  62.000   X     X    21.800   0.416  6 0 1
  7 104.000  74.000  18.000 156.000  29.900   0.722 21 1 0
  1 126.000  84.000  29.000 215.000  30.700   0.520  4 0 1
  3 142.000  82.000  18.000  64.000  24.700   0.761  1 0 1
  1 117.000   X     X     X    33.800   0.932 24 0 1
 13  84.000  72.000  31.000   X    29.700   0.297 26 1 0
  4  88.000  58.000  11.000  54.000  24.800   0.267  2 0 1
  1  73.000   X     X     X    21.100   0.342  5 0 1
  4  96.000  56.000  34.000 115.000  24.700   0.944 19 0 1
  2 115.000  70.000  30.000  96.000  34.600   0.529 12 1 0
  6 162.000 104.000   X     X    37.700   0.151 32 1 0
  4 111.000  56.000  39.000   X    30.100   0.557 10 0 1
  3 107.000  74.000  30.000 100.000  33.600   0.404  3 0 1
  8 194.000  68.000  28.000   X    35.900   0.745 21 1 0
  1 107.000  76.000   X     X    45.300   0.686  4 0 1
  5  84.000  90.000  23.000  56.000  39.500   0.159  5 0 1
 13  92.000  62.000   7.000 258.000  27.600   0.926 24 1 0
  1 173.000  78.000  32.000 265.000  46.500   1.159 38 0 1
  2 146.000  56.000   X     X    29.700   0.564  9 0 1
  6 109.000  62.000  41.000 129.000  35.800   0.514  5 1 0
  3  92.000  76.000  20.000   X    24.200   1.698  8 0 1
 11 148.000  84.000  48.000 237.000  37.600   1.001 31 1 0
  5 132.000  86.000  31.000   X    28.000   0.419 43 0 1
 11  75.000  82.000   X     X    33.300   0.263 18 0 1
  3  81.000  60.000  22.000   X    27.700   0.290  5 0 1
  9  91.000  82.000   X     X    35.600   0.587 48 0 1
  9 154.000  78.000  32.000   X    32.400   0.443 25 1 0
  1 131.000  66.000  40.000   X    34.300   0.196  2 1 0
  9 109.000  76.000  39.000 114.000  27.900   0.640 11 1 0
  2  89.000  76.000  34.000  37.000  31.200   0.192  3 0 1
 11  68.000 106.000  23.000  49.000  35.500   0.285 27 0 1
  3 118.000  80.000   X     X    42.900   0.693  1 1 0
  6 121.000  72.000  23.000 112.000  26.200   0.245 10 0 1
  9  95.000  72.000   X     X    36.800   0.485 37 0 1
  8 107.000  74.000   X     X    29.600   0.254 11 1 0
  5 114.000  64.000   X     X    28.900   0.126  4 0 1
  5 129.000  86.000  20.000 270.000  35.100   0.231  3 0 1
  6 136.000  82.000   X     X     X     0.640 49 0 1
  4 158.000  64.000  13.000 387.000  31.200   0.295  4 0 1
  1  57.000  60.000   X     X    21.700   0.735 47 0 1
  7 123.000  72.000  45.000 230.000  33.600   0.733 14 0 1
  1 147.000  85.000  54.000   X    42.800   0.375  4 0 1
  6 103.000 108.000  37.000   X    39.200   0.305 45 0 1
  5 120.000  68.000   X     X    29.600   0.709 14 0 1
  9  85.000  55.000  20.000   X    24.400   0.136 22 0 1
  5 146.000  78.000   X     X    38.500   0.520 47 1 0
  6 166.000  72.000  19.000 175.000  25.800   0.587 31 1 0
  1  94.000   X     X     X     X     0.256  5 0 1
  3 134.000  70.000   X     X    28.900   0.542  3 1 0
  3 127.000  46.000  21.000 335.000  34.400   0.176  2 0 1
  5 117.000  64.000  27.000 120.000  33.200   0.230  4 0 1
  4 128.000  72.000  25.000 190.000  32.400   0.549  7 1 0
 11 115.000  98.000   X     X    24.000   1.022 14 0 1
  1 135.000  68.000  42.000 250.000  42.300   0.365  4 1 0
 11 162.000  84.000   X     X    27.700   0.182 34 0 1
 10 152.000  78.000  34.000 171.000  34.200   0.893 13 1 0
 11 111.000  70.000  27.000   X    27.500   0.141 20 1 0
  8 187.000  68.000  39.000 304.000  37.700   0.254 21 1 0
  8 181.000  84.000  21.000 192.000  35.900   0.586 31 1 0
  6  78.000  48.000   X     X    33.700   0.654  5 0 1
  2  97.000  66.000  15.000 140.000  23.200   0.487  2 0 1
  2 124.000  74.000  36.000   X    27.800   0.100 10 0 1
 10 112.000  82.000  32.000 175.000  34.200   0.260 16 1 0
  4 122.000  78.000   X     X    23.000   0.254 20 0 1
  8  83.000  78.000  26.000  71.000  29.300   0.767 16 0 1
  3 108.000  64.000   X     X    30.800   0.158  1 0 1
  1 179.000  50.000  36.000 159.000  37.800   0.455  2 1 0
  2 128.000  98.000  41.000  58.000  32.000   1.321 13 1 0
  5 197.000  70.000  39.000 744.000  36.700   2.329 11 0 1
  3  92.000  62.000  28.000   X    31.600   0.130  4 0 1
  5 111.000  72.000  47.000 207.000  37.100   1.390 36 1 0
  5  94.000  65.000  22.000   X    24.700   0.148  1 0 1
  2  95.000  66.000  13.000  38.000  19.600   0.334  5 0 1
  5  99.000  72.000  17.000   X    25.600   0.294  8 0 1
  4 111.000  90.000  12.000  78.000  28.400   0.495  9 0 1
  1 129.000 110.000  46.000 130.000  67.100   0.319  6 1 0
  4  99.000  80.000  11.000  64.000  19.300   0.284 10 0 1
  8  94.000  64.000  25.000  79.000  33.300   0.738 21 0 1
  5 117.000  62.000  12.000   X    29.700   0.380 10 1 0
  4 141.000   X     X     X    30.000   0.761  7 1 0
  5 137.000  84.000   X     X    31.200   0.252 10 0 1
  8 168.000  88.000  42.000 321.000  38.200   0.787 20 1 0
  3 109.000  92.000   X     X    42.700   0.845 34 0 1
  3  91.000  62.000   X     X    27.300   0.525  2 0 1
 10 120.000  72.000  22.000  56.000  20.800   0.733 28 0 1
  3 110.000  74.000  29.000 125.000  32.400   0.698  7 0 1
  5 114.000  65.000   X     X    21.900   0.432 17 0 1
 10  72.000  78.000  25.000   X    31.600   0.280 18 0 1
  3  56.000  56.000  28.000  45.000  24.200   0.332  2 0 1
  2 199.000  76.000  43.000   X    42.900   1.394  2 1 0
  8 178.000  84.000   X     X    39.900   0.331 21 1 0
  7 103.000  66.000   X     X    24.300   0.249  9 0 1
  1 127.000  80.000  37.000 210.000  36.300   0.804  3 0 1
  9 151.000  78.000  32.000 210.000  42.900   0.516 16 1 0
 11 115.000   X     X     X     X     0.261 10 1 0
  2 119.000  44.000  47.000  63.000  35.500   0.280  5 0 1
  3 174.000  88.000  37.000 120.000  44.500   0.646  4 1 0
 10 134.000  74.000  33.000  60.000  25.900   0.460 61 0 1
  2 116.000  78.000  29.000 180.000  36.100   0.496  5 0 1
  6 109.000  75.000  26.000   X    36.000   0.546 40 0 1
  1 101.000  62.000   X     X    21.900   0.336  5 0 1
  1 105.000  84.000   X     X    27.900   0.741 42 1 0
 15 175.000  62.000  30.000   X    33.600   0.212 18 1 0
  3  93.000  64.000  32.000 160.000  38.000   0.674  3 1 0
  3 123.000  48.000  32.000 165.000  42.100   0.520  6 0 1
  2 151.000  60.000   X     X    26.100   0.179  2 0 1
  9 126.000  74.000  38.000  75.000  25.900   0.162 19 0 1
  5 110.000  92.000   X     X    37.600   0.191 10 0 1
  8 147.000  76.000   X     X    39.400   0.257 23 1 0
  6  73.000  60.000   X     X    26.800   0.268  7 0 1
  2 167.000  74.000  17.000 144.000  23.400   0.447 13 1 0
  7 102.000  82.000   X     X    30.800   0.180 16 1 0
  7 183.000  94.000   X     X    40.800   1.461 25 0 1
  2 108.000  88.000  19.000   X    27.100   0.400  4 0 1
  2 111.000  62.000  13.000 182.000  24.000   0.138  3 0 1
  6 104.000  74.000   X     X    28.800   0.153 28 0 1
  1 118.000  64.000  23.000  89.000   X     1.731  1 0 1
  2 109.000  58.000  18.000 116.000  28.500   0.219  2 0 1
  6  85.000  74.000  22.000   X    29.000   1.224 12 1 0
  2 121.000  78.000  39.000  74.000  39.000   0.261  8 0 1
  3 108.000  80.000   X     X    27.000   0.259 32 1 0
  9 167.000 106.000  46.000 231.000  37.600   0.165 23 1 0
  7 124.000  72.000   X     X    27.600   0.368  9 1 0
  6 110.000  68.000   X     X    26.000   0.292 10 0 1
  9 194.000  80.000   X     X    26.100   0.551 47 0 1
 18 163.000  72.000  41.000 114.000  40.900   0.817 27 1 0
  5  90.000  88.000  47.000  54.000  37.700   0.362  9 0 1
  1 151.000  90.000  46.000   X    42.100   0.371  1 1 0
  2 119.000  54.000  13.000  50.000  22.300   0.205  4 0 1
  2  84.000  64.000  23.000 115.000  36.900   0.471  8 0 1
  6  99.000  54.000  28.000  83.000  34.000   0.499 10 0 1
  2  89.000  66.000  23.000  94.000  28.100   0.167  1 0 1
  3 158.000  90.000   X     X    31.600   0.805 46 1 0
  2  91.000  64.000  24.000   X    29.200   0.192  1 0 1
  9 183.000  64.000   X     X    23.300   0.672 12 1 0
  3 108.000  62.000  10.000 278.000  25.300   0.881  2 0 1
 10  91.000  68.000   X     X    24.200   0.200 38 0 1
 11 115.000   X     X     X    35.300   0.134  9 0 1
  4 106.000  72.000   X     X    25.800   0.207  7 0 1
  3 101.000  58.000  35.000  90.000  21.800   0.155  2 0 1
  1 125.000  68.000   X     X    24.700   0.206  1 0 1
  5 145.000  82.000  18.000   X    32.500   0.235 50 1 0
  1 141.000  84.000  26.000   X    32.400   0.433  2 0 1
  1 102.000  86.000  17.000 105.000  29.300   0.695  7 0 1
 13 100.000  84.000  33.000 105.000  30.000   0.488 26 0 1
  2 164.000  82.000  43.000  67.000  32.800   0.341 30 0 1
  3 127.000  58.000  24.000 275.000  27.700   1.600  5 0 1
  5 125.000  70.000  18.000 122.000  28.900   1.144 25 1 0
  2  90.000  62.000  12.000  43.000  27.200   0.580  4 0 1
  2 130.000  70.000  13.000 105.000  25.900   0.472  2 0 1
  3 119.000   X     X     X    19.600   0.832 52 0 1
  2  80.000  74.000  11.000  60.000  30.000   0.527  2 0 1
  7  91.000   X     X     X    29.800   0.501 11 0 1
  2 143.000  74.000  22.000  61.000  26.200   0.256  1 0 1
  6 114.000  74.000   X     X    24.900   0.744 37 0 1
  1 124.000  70.000  20.000   X    27.400   0.254 16 1 0
  6 155.000  84.000  44.000 545.000  38.700   0.619 14 0 1
  4 176.000  86.000  27.000 156.000  33.300   1.154 32 1 0
  6  77.000  82.000  41.000  42.000  35.800   0.156 15 0 1
  2  87.000  60.000  37.000  75.000  37.200   0.509  2 0 1
  9 120.000  78.000   X     X    25.000   0.409 44 0 1
  8 103.000  66.000  32.000   X    39.100   0.344 11 1 0
  9 181.000  68.000  36.000 495.000  30.100   0.615 40 1 0
  4  89.000  74.000  16.000  85.000  30.400   0.551 18 0 1
  7  99.000  60.000  19.000  54.000  26.900   0.497 12 0 1
  3  82.000  52.000  22.000 115.000  28.500   1.699  5 0 1
  1  86.000  68.000  32.000   X    35.800   0.238  5 0 1
  3  85.000  65.000   X     X    39.600   0.930  7 0 1
  2 107.000  72.000  30.000  82.000  30.800   0.821  4 0 1
 13 151.000  70.000  40.000 271.000  41.800   0.742 18 1 0
  5 173.000  70.000  14.000 168.000  29.700   0.361 13 1 0
  5  95.000  64.000   X     X    32.000   0.161 11 1 0
  2   X    74.000  20.000  23.000  27.700   0.299  1 0 1
  9  74.000  70.000  40.000  49.000  35.300   0.705 19 0 1
  4  83.000  58.000  31.000  18.000  34.300   0.336  5 0 1
  3 129.000  84.000   X     X    28.000   0.284  7 0 1
  7 194.000  78.000   X     X    23.500   0.129 39 1 0
  3  90.000  60.000   X     X    23.500   0.191  5 0 1
  6 158.000  70.000   X     X    29.800   0.207 43 0 1
  3 115.000  64.000  22.000   X    30.800   0.421  1 0 1
  2 112.000  72.000  30.000 176.000  34.400   0.528  5 0 1
  1  93.000  60.000   X     X    35.300   0.263  5 0 1
 11 179.000  70.000   X     X    35.100   0.200 17 0 1
 12 135.000   X     X     X    52.300   0.578 20 1 0
 10 156.000  86.000   X     X    24.800   0.230 33 1 0
  2  87.000  78.000  27.000  32.000  34.600   0.101  2 0 1
 14 106.000  70.000   X     X    34.200   0.251 32 0 1
  8 142.000  90.000  24.000 480.000  30.400   0.128 23 1 0
 14 104.000  72.000   X     X    31.200   0.465 18 1 0
  4 111.000  58.000  31.000  44.000  29.500   0.430  2 0 1
  2 181.000  64.000  30.000 180.000  34.100   0.328 18 1 0
  4 130.000  78.000  23.000  79.000  28.400   0.323 14 1 0
  1 181.000  88.000  44.000 510.000  43.300   0.222  6 1 0
  5 148.000  60.000  27.000 318.000  30.900   0.150  9 1 0
  8 102.000  74.000  40.000 105.000  37.200   0.204 25 0 1
  2 109.000  56.000  21.000 135.000  25.200   0.833  3 0 1
 11 161.000  68.000  23.000 132.000  25.500   0.326 27 1 0
  3 146.000  76.000  35.000 194.000  38.200   0.329  9 0 1
  3  68.000  62.000  13.000  15.000  20.100   0.257  3 0 1
  2 196.000  76.000  36.000 249.000  36.500   0.875  9 1 0
  4  99.000  62.000  19.000  74.000  21.800   0.279  6 0 1
  6 189.000  64.000  33.000 325.000  31.200   0.583  9 1 0
  2   X    68.000  35.000   X    32.000   0.389  2 0 1
  8 161.000  86.000   X     X    30.400   0.165 27 1 0
 14 145.000  82.000  19.000 110.000  22.200   0.245 37 0 1
  2 117.000  60.000  23.000 106.000  33.800   0.466  7 0 1
  2  82.000  64.000  13.000  95.000  21.200   0.415  3 0 1
  5  95.000  70.000  32.000   X    32.100   0.612  4 0 1
  2 100.000  66.000  15.000  56.000  23.600   0.666  6 0 1
 11 129.000  62.000  36.000   X    41.200   0.441 18 1 0
  8 124.000  70.000  33.000 215.000  25.500   0.161 17 0 1
  5 122.000  68.000   X     X    35.000   0.394  9 0 1
  2  83.000  68.000   X     X    18.200   0.624  7 0 1
  3 122.000  76.000  27.000 200.000  35.900   0.483  6 0 1
  8  62.000  78.000   X     X    32.600   0.391 21 0 1
  4 180.000  64.000  25.000  70.000  34.000   0.271  6 0 1
  2  81.000  74.000  41.000  57.000  46.300   1.096 12 0 1
  3 112.000  78.000  50.000 140.000  39.400   0.175  4 0 1
 11 139.000  80.000   X     X    27.100   1.441 37 0 1
  2 120.000  80.000  48.000 200.000  38.900   1.162 21 0 1
  6 112.000  66.000   X     X    37.800   0.261 21 1 0
  7 105.000  80.000  28.000   X    32.500   0.878  6 0 1
  2  88.000  30.000  42.000  99.000  55.000   0.496  6 1 0
  3 105.000  75.000   X     X    23.300   0.560 33 0 1
  1 104.000  64.000  23.000 116.000  27.800   0.454  3 0 1
  2  96.000 122.000   X     X    22.400   0.207  7 0 1
  6 116.000  74.000  29.000   X    32.300   0.660 15 1 0
  3 124.000  68.000  28.000 205.000  32.900   0.875 10 1 0
  5 115.000  72.000   X     X    28.900   0.376 26 1 0
  3  99.000  70.000  16.000  44.000  20.400   0.235  7 0 1
  5 142.000  86.000   X     X    44.000   0.645  2 1 0
  9  84.000  74.000  31.000   X    38.300   0.457 19 0 1
  1 102.000  75.000  23.000   X     X     0.572  1 0 1
  2  97.000  70.000  40.000   X    38.100   0.218 10 0 1
  3 100.000  66.000  20.000  90.000  32.900   0.867  8 1 0
  2 139.000  46.000  19.000  83.000  28.700   0.654  2 0 1
  7 162.000  62.000   X     X    24.300   0.178 30 1 0
  1 123.000  72.000   X     X    36.300   0.258 32 1 0
  7 147.000  80.000   X     X    29.500   0.178 30 1 0
 12 143.000  94.000  33.000 146.000  36.600   0.254 31 1 0
  6 128.000  80.000   X     X    34.600   0.144 25 0 1
  6 158.000  84.000  41.000 210.000  39.400   0.395  9 1 0
 11 101.000  86.000  37.000   X    45.600   1.136 18 1 0
  3  95.000  54.000  14.000  88.000  26.100   0.748  2 0 1
  7 144.000  72.000  27.000 228.000  33.900   0.255 20 0 1
  5 131.000  68.000  21.000 166.000  33.100   0.160  8 0 1
  6  88.000  66.000  21.000  23.000  24.400   0.342 10 0 1
  8 137.000  90.000  41.000   X    32.000   0.391 19 0 1
  5  76.000  62.000   X     X    34.000   0.391  5 0 1
  6  44.000  62.000   X     X    25.000   0.587 16 0 1
  1  84.000  82.000  31.000 125.000  38.200   0.233  3 0 1
 10 122.000  56.000   X     X    33.300   1.114 13 1 0
  4  96.000  78.000  39.000   X    37.300   0.238 20 0 1
  2  92.000  62.000  25.000  41.000  19.500   0.482  5 0 1
  3 100.000  68.000  25.000  71.000  38.500   0.324  6 0 1
  6 117.000  92.000   X     X    34.100   0.337 18 0 1
  3 117.000  90.000  19.000  71.000  25.200   0.313  1 0 1
  5 141.000  74.000   X     X    27.600   0.244 20 0 1
  3  84.000  50.000  23.000  76.000  30.400   0.968  1 0 1
  7  98.000  58.000  33.000 190.000  34.000   0.430 23 0 1
  5 118.000  70.000   X     X    44.500   0.904  6 0 1
  1  78.000  88.000  29.000  40.000  36.900   0.434  1 0 1
  8 159.000  66.000   X     X    30.400   0.383 16 1 0
  2 157.000  72.000  21.000 168.000  25.600   0.123  4 0 1
  4 158.000  70.000  30.000 328.000  35.500   0.344 15 1 0
  9 112.000  72.000   X     X    23.600   0.840 38 0 1
 10 119.000  80.000  35.000   X    29.000   0.263  9 1 0
  2 122.000  90.000  51.000 220.000  49.700   0.325 11 1 0
  2 139.000  62.000  41.000 480.000  40.700   0.536  1 0 1
 12 138.000  76.000   X     X    33.200   0.420 15 0 1
  9 110.000  76.000   X     X    27.800   0.237 38 0 1
  2 125.000  50.000  40.000 167.000  33.300   0.962  8 1 0
  4 113.000  50.000  10.000  85.000  29.500   0.626  5 0 1
  8 195.000  70.000  33.000 145.000  25.100   0.163 35 1 0
  1 138.000   X     X     X    36.300   0.933  5 1 0
  8 184.000  84.000  33.000   X    35.500   0.355 21 1 0
  2 144.000  82.000  46.000 180.000  46.100   0.335 26 1 0
  5 125.000  80.000   X     X    32.300   0.536  7 1 0
  7 103.000  72.000  32.000 190.000  37.700   0.324 35 0 1
  4 102.000  74.000   X     X    29.500   0.121 12 0 1
  7 107.000  88.000   X     X    36.800   0.727 11 0 1
  1 161.000  50.000   X     X    21.900   0.254 45 0 1
  1 137.000  40.000  35.000 168.000  43.100   2.288 13 1 0
 13 106.000  80.000   X     X    23.600   0.137 24 0 1
  9 124.000  76.000  24.000 600.000  28.700   0.687 32 1 0
  4 171.000  72.000  33.000 135.000  33.300   0.199  4 1 0
  3 155.000  52.000  27.000 540.000  38.700   0.240  5 1 0
  2  87.000  68.000  34.000  77.000  37.600   0.401  4 0 1
  1 165.000  76.000  43.000 255.000  47.900   0.259  6 0 1
  6 139.000  80.000  35.000 160.000  31.600   0.361  5 1 0
  3  87.000   X    23.000   X    28.900   0.773  5 0 1
  2 128.000  88.000  39.000 110.000  36.500   1.057 17 1 0
  8 114.000  76.000  17.000 110.000  23.800   0.466 11 0 1
  3 130.000  96.000   X     X    22.600   0.268  1 0 1
 16 136.000  70.000  32.000 110.000  37.100   0.153 23 1 0
  8  97.000  76.000  32.000  91.000  40.900   0.871 12 1 0
  7 151.000  62.000  31.000 120.000  35.500   0.692  8 0 1
  6 187.000  76.000  27.000 207.000  43.600   1.034 33 1 0
 10 165.000  88.000   X     X    30.400   0.302 29 1 0
  8 105.000   X     X     X     X     0.305  4 0 1
  1  94.000  70.000  27.000 115.000  43.500   0.347  1 0 1
  3  94.000  76.000  18.000  66.000  31.600   0.649  3 0 1
  5 132.000   X     X     X    32.900   0.302  3 1 0
  1 167.000   X     X     X    32.300   0.839 10 1 0
 13 140.000  85.000  33.000   X    37.400   0.244 21 0 1
  7 134.000  70.000  23.000 130.000  35.400   0.542  9 1 0
  8 179.000  95.000  31.000   X    34.200   0.164 40 0 1
  8 114.000  64.000   X     X    27.400   0.732 14 1 0
  6 132.000  80.000   X     X    26.800   0.186 49 0 1
  2 143.000  86.000  30.000 330.000  30.100   0.892  3 0 1
  4 174.000  58.000  22.000 194.000  32.900   0.593 16 1 0
  1  91.000  68.000  32.000 210.000  39.900   0.381  5 0 1
  1  95.000  80.000  45.000  92.000  36.500   0.330  6 0 1
  2 124.000  60.000  32.000   X    35.800   0.514  1 0 1
  4 121.000  52.000   X     X    36.000   0.127  5 1 0
  2   X    48.000  20.000   X    24.700   0.140  2 0 1
  7   X    68.000  41.000   X    39.000   0.727 21 1 0
  3 112.000  66.000  22.000   X    25.000   0.307  4 0 1
  4 163.000  70.000  18.000 105.000  31.600   0.268  8 1 0
  3  84.000   X     X     X     X     0.304  1 0 1
  8 142.000  60.000  33.000 190.000  28.800   0.687 41 0 1
  3 100.000  70.000  52.000  57.000  40.500   0.677  5 0 1
 10 140.000  94.000   X     X    32.700   0.734 25 1 0
  4 187.000  70.000  22.000 200.000  36.400   0.408 16 1 0
  6 137.000 108.000   X     X    48.800   0.227 17 1 0
  1 180.000  78.000  63.000  14.000  59.400   2.420  5 1 0
  4 132.000  80.000   X     X    34.400   0.402 24 1 0
 12 127.000 106.000   X     X    39.000   0.190 31 0 1
 12 120.000  80.000  37.000 150.000  42.300   0.785 28 1 0
  1 119.000  64.000  18.000  92.000  34.900   0.725  3 0 1
  3 108.000  62.000  32.000  56.000  25.200   0.128  1 0 1
  2 114.000  66.000  36.000 200.000  38.100   0.289  1 0 1
  4 103.000  72.000  30.000 152.000  27.600   0.730  7 0 1
  8 133.000  88.000  15.000 155.000  32.400   0.262 17 0 1
  2 193.000  50.000  16.000 375.000  25.900   0.655  4 0 1
  5 110.000  76.000  20.000 100.000  28.400   0.118  7 0 1
  2 136.000  74.000  50.000 204.000  37.400   0.399  4 0 1
  3  68.000  70.000  32.000  66.000  25.000   0.187  5 0 1
  3 175.000  88.000   X     X    22.900   0.326  2 0 1
 10  89.000  62.000   X     X    22.500   0.142 13 0 1
  3 139.000  75.000   X     X    25.600   0.167  9 0 1
  1 141.000   X     X     X    42.400   0.205  9 1 0
 11 168.000  74.000   X     X    38.000   0.537 14 1 0
 10 154.000  78.000  30.000 100.000  30.900   0.164 25 0 1
  4  61.000  82.000  28.000   X    34.400   0.243 26 0 1
  6  99.000  74.000  27.000   X    29.000   0.203 12 0 1
  5 154.000  62.000  31.000 284.000  32.800   0.237  3 0 1
  8 136.000  90.000   X     X    29.900   0.210 30 0 1
  3 197.000  70.000  99.000   X    34.700   0.575 42 1 0
  1 126.000  86.000  27.000 120.000  27.400   0.515  1 0 1
  1  84.000  64.000  22.000  66.000  35.800   0.545  1 0 1
  2 168.000  88.000  29.000   X    35.000   0.905 32 1 0
  1 125.000  96.000   X     X    22.500   0.262  1 0 1
  3  74.000   X     X     X     X     0.102  2 0 1
  4 158.000  76.000  36.000 245.000  31.600   0.851  8 1 0
 10  57.000  80.000  37.000   X    32.800   0.096 21 0 1
  1 146.000  82.000   X     X    40.500   1.781 24 0 1
  5  83.000  86.000  19.000   X    29.300   0.317 14 0 1
  4  90.000  78.000   X     X    42.700   0.559  1 0 1
 14 152.000  90.000  33.000  29.000  26.800   0.731 23 1 0
  7 115.000  60.000  39.000   X    33.700   0.245 20 1 0
  1 137.000  68.000  14.000 148.000  24.800   0.143  1 0 1
  1 124.000  56.000  13.000 105.000  21.800   0.452  1 0 1
  2 143.000  84.000  23.000 310.000  42.400   1.076  2 0 1
  3 100.000  64.000  23.000   X    29.700   0.368  1 0 1
  5 110.000  66.000   X     X    31.900   0.471  9 0 1
  1 146.000  70.000   X     X    37.900   0.334  8 1 0
  4 142.000  80.000  15.000   X    32.400   0.200 43 0 1
  5 144.000  82.000  32.000   X    38.500   0.554 17 1 0
 10 106.000  52.000   X     X    31.200   0.380 22 0 1
  3  89.000  90.000  30.000   X    33.500   0.292 22 0 1
  1 137.000  70.000  38.000   X    33.200   0.170  2 0 1
  8 106.000  92.000  18.000   X    22.700   0.235 28 0 1
 10 171.000 110.000  24.000 240.000  45.400   0.721 34 1 0
  4  80.000   X     X     X     X     0.174  2 0 1
  1 165.000  90.000  33.000 680.000  52.300   0.427  3 0 1
 13 140.000  82.000  43.000 325.000  39.200   0.528 38 1 0
  8 125.000  86.000   X     X    37.600   0.304 31 0 1
  3 122.000  60.000  18.000 106.000  29.800   0.717  2 0 1
  9 188.000  78.000   X     X    47.900   0.137 23 1 0
  3  87.000  58.000  16.000  52.000  32.700   0.166  5 0 1
  4 130.000  64.000   X     X    23.100   0.314  2 0 1
  7 105.000  70.000  32.000  68.000  30.800   0.122 17 0 1
  2  89.000  24.000  19.000  25.000  27.800   0.559  1 0 1
  4  78.000  70.000   X     X    32.500   0.270 19 0 1
  5  95.000  60.000  32.000   X    35.400   0.284  8 0 1
  9 118.000  72.000  19.000   X    23.100   1.476 26 0 1
  2 119.000  86.000  39.000 220.000  45.600   0.808  9 1 0
  4 173.000  78.000  39.000 185.000  33.800   0.970 11 1 0
  3 122.000  52.000  43.000 158.000  36.200   0.816  8 0 1
 11  92.000  62.000   X     X    25.900   0.167 11 0 1
  3 129.000   X     X     X    38.500   0.304 21 0 1
  2 144.000  82.000  40.000   X    41.300   0.607  8 0 1
  2 107.000  68.000  19.000   X    26.500   0.165  4 0 1
  9 186.000  90.000  35.000 225.000  34.500   0.423 17 1 0
 11 122.000  78.000  31.000   X    27.600   0.512 25 0 1
  2  97.000  68.000  21.000   X    27.200   1.095  2 0 1
  6 111.000  72.000  28.000   X    23.900   0.407  7 0 1
 10 164.000  78.000   X     X    32.800   0.148 25 1 0
  4  84.000  68.000  30.000 106.000  31.900   0.591  5 0 1
  6 143.000  78.000   X     X    45.000   0.190 27 0 1
  3 112.000  86.000  42.000 160.000  38.400   0.246  8 0 1
  7  87.000  80.000   X     X    23.200   0.084 12 0 1
  1 105.000  68.000  22.000   X    20.000   0.236  2 0 1
  8 119.000   X     X     X    25.200   0.209 17 0 1
  3 106.000  64.000  35.000 119.000  30.500   1.400 14 0 1
  8 152.000  88.000  44.000   X    50.000   0.337 16 1 0
  3 105.000  80.000  45.000 191.000  33.700   0.711  9 1 0
  2  93.000  70.000  31.000   X    30.400   0.315  3 0 1
  6 116.000  74.000   X     X    25.600   0.201 10 0 1
  4  99.000  54.000  19.000  86.000  25.600   0.154  4 0 1
  7  92.000  92.000   X     X    19.900   0.188  8 0 1
  2  91.000  54.000  25.000 100.000  25.200   0.234  3 0 1
  2 117.000  88.000  24.000 145.000  34.500   0.403 20 1 0
  2 100.000  66.000  29.000 196.000  32.000   0.444 22 0 1
 10 145.000  80.000  46.000 130.000  37.900   0.637 20 1 0
 11  90.000  85.000  32.000   X    34.900   0.825 36 1 0
  7 137.000  61.000   X     X    24.200   0.151 35 0 1
  2 106.000  76.000   X     X    37.500   0.197  6 0 1
 10 170.000  74.000  31.000   X    44.000   0.403 23 1 0
  1 119.000   X     X     X    32.400   0.141  4 1 0
  3  99.000  60.000  17.000 160.000  36.600   0.453  1 0 1
  5 128.000  70.000   X     X    34.300   0.303  4 0 1
  6 144.000  82.000  26.000 285.000  32.000   0.452 38 1 0
  4  74.000  68.000  28.000  45.000  29.700   0.293  3 0 1
  1 102.000  64.000  46.000  78.000  40.600   0.496  1 0 1
  9 176.000  90.000  34.000 300.000  33.700   0.467 38 1 0
  3  71.000  70.000  27.000   X    28.000   0.586  2 0 1
  9 120.000   X     X     X    30.000   0.183 18 1 0
  1 107.000  60.000  25.000   X    26.400   0.133  3 0 1
  7 109.000  60.000  27.000   X    25.000   0.206  7 0 1
 11 129.000  76.000  28.000 122.000  35.900   0.280 19 0 1
  1 188.000  82.000  14.000 185.000  32.000   0.682  2 1 0
  7 117.000  96.000   X     X    28.700   0.157 10 0 1
  2  95.000  82.000  25.000 180.000  35.000   0.233 23 1 0
  7 125.000  76.000   X     X    33.800   0.121 34 1 0
  6 124.000  74.000   X     X    34.000   0.220 18 1 0
  8 150.000  66.000  42.000 342.000  34.700   0.718 22 0 1
  7 114.000   X     X     X     X     0.189  6 0 1
  1  95.000  64.000  39.000 105.000  44.600   0.366  2 0 1
  4 116.000  74.000  15.000 105.000  26.300   0.107  4 0 1
  1 104.000  64.000  37.000  64.000  33.600   0.510  2 1 0
  7 129.000  90.000   7.000 326.000  19.600   0.582 40 0 1
  2  79.000  75.000  30.000   X    32.000   0.396  2 0 1
  2  79.000  60.000  42.000  48.000  43.500   0.678  3 0 1
  5 134.000  72.000   X     X    23.800   0.277 40 1 0
  2 100.000  72.000  12.000  70.000  25.300   0.658  8 0 1
  4 139.000  54.000   X     X    25.600   0.402  2 1 0
  6 115.000  98.000   X     X    52.900   0.209  8 1 0
  6  88.000  78.000  30.000   X    27.600   0.258 17 0 1
  2 181.000  78.000  42.000 293.000  40.000   1.258  2 1 0
  4  84.000  72.000  32.000   X    37.200   0.267  8 0 1
 10 123.000  70.000  44.000  94.000  33.100   0.374 20 0 1
  1 138.000  60.000  35.000 167.000  34.600   0.534  1 1 0
  1 198.000  66.000  32.000 274.000  41.300   0.502  8 1 0
  4 107.000  62.000  13.000  48.000  22.900   0.678  3 1 0
  2  97.000  64.000  19.000  82.000  18.200   0.299  1 0 1
  2 103.000  80.000  11.000  82.000  19.400   0.491  2 0 1
  4 173.000  82.000  48.000 465.000  38.400   2.137  5 1 0
  9 107.000  80.000   X     X    24.600   0.856 14 0 1
  1 119.000  66.000  27.000   X    38.800   0.259  2 0 1
  4 148.000  66.000  25.000   X    32.500   0.256  2 0 1
  3 155.000  74.000  17.000  96.000  26.600   0.433  7 1 0
  9 143.000  66.000   X     X    34.900   0.129 21 1 0
  5 171.000  72.000   X     X    43.600   0.479  6 1 0
  9 133.000  72.000   X     X    32.900   0.270 19 1 0
  1 113.000  76.000   X     X    33.300   0.278  3 1 0
  1 128.000  68.000  19.000 180.000  30.500   1.391  5 1 0
  4 106.000  54.000  21.000 158.000  30.900   0.292  4 0 1
 14 129.000   X    30.000   X    39.900   0.569 24 1 0
  6 147.000  75.000   X     X    29.900   0.434  8 0 1
  6 166.000  76.000   X     X    45.700   0.340  7 1 0
 10 156.000  86.000  28.000 155.000  34.300   1.189 22 1 0
  4  87.000  60.000  18.000   X    21.800   0.444  1 0 1
  3 112.000  75.000  32.000   X    35.700   0.148  1 0 1
  4  80.000  82.000  31.000  70.000  34.200   1.292  7 1 0
  7 190.000  92.000   X     X    35.500   0.278 46 1 0
  3  94.000  68.000  18.000  76.000  26.000   0.561  1 0 1
  6   X    80.000  32.000   X    41.000   0.346 17 1 0
  2 125.000  70.000  24.000 110.000  24.300   0.221  5 0 1
  5 154.000  72.000  29.000 126.000  31.300   0.338 17 0 1
  9 108.000  70.000   X     X    30.500   0.955 13 1 0
  7 148.000  72.000  35.000   X    33.600   0.627 30 1 0
 11 133.000  68.000   X     X    27.000   0.245 16 0 1
  5  97.000  60.000  23.000   X    28.200   0.443  2 0 1
  7  80.000  66.000  30.000   X    26.200   0.313 21 0 1
  1 102.000  52.000   X     X    25.100   0.078  1 0 1
  1 101.000  64.000  17.000   X    21.000   0.252  1 0 1
 14 153.000  88.000  37.000 140.000  40.600   1.174 19 0 1
  2 105.000  58.000   X     X    24.300   0.187  1 0 1
  1 111.000  65.000   X     X    24.600   0.660 11 0 1
  1  91.000  80.000   X     X    32.400   0.601  7 0 1
  7 154.000  78.000  41.000 140.000  46.100   0.571  7 0 1
  2 140.000  74.000  26.000 180.000  24.100   0.828  3 0 1
  2  88.000  78.000  29.000  76.000  32.000   0.365  9 0 1
  2 109.000  60.000   8.000 182.000  25.400   0.947  1 0 1
  7 125.000  68.000  30.000 120.000  30.000   0.464 12 0 1
 15 100.000  78.000  25.000 184.000  36.600   0.412 26 1 0
  2  97.000  70.000  15.000   X    18.200   0.147  1 0 1
  3 120.000  76.000  37.000 105.000  39.700   0.215  9 0 1
  4 123.000 100.000  35.000 240.000  57.300   0.880  2 0 1
 14 126.000  90.000   X     X    43.400   0.583 22 1 0
  1 145.000   X     X     X    44.200   0.630 11 1 0
  1 117.000  80.000  31.000  53.000  45.200   0.089  4 0 1
  2  95.000  74.000  21.000  73.000  25.900   0.673 16 0 1
  5 112.000  78.000  40.000   X    39.400   0.236 18 0 1
  8 196.000  90.000   X     X    39.800   0.451 21 1 0
 11 108.000  66.000   X     X    32.400   0.272 22 1 0
  3 106.000  56.000  27.000 165.000  29.000   0.426  2 0 1
  4 128.000  78.000   X     X    21.100   0.268 35 0 1
  2  99.000  58.000  10.000   X    25.400   0.551  1 0 1
  7  93.000  50.000  30.000  64.000  28.700   0.356  3 0 1
  5  99.000  76.000  15.000  51.000  23.200   0.223  1 0 1
  8 129.000  68.000  49.000 125.000  38.500   0.439 23 1 0
 11 125.000  70.000  26.000 115.000  31.100   0.205 21 1 0
 10 102.000  76.000  37.000   X    32.900   0.665 26 1 0
  5 146.000  85.000  27.000 100.000  28.900   0.189  7 0 1
  1 109.000  88.000  30.000   X    32.500   0.855 18 1 0
 14 106.000  72.000  54.000   X    36.600   0.178 25 0 1
  1 105.000  64.000  41.000 142.000  41.500   0.173  2 0 1
  3  81.000  72.000  15.000  76.000  30.100   0.547  5 0 1
  2 153.000  82.000  42.000 485.000  40.600   0.687  3 0 1
  6  95.000  72.000  33.000   X    37.700   0.370  7 0 1
  1  97.000  64.000  36.000 100.000  36.800   0.600  5 0 1
  5 144.000  58.000  28.000 140.000  29.500   0.287 17 0 1
 12 111.000  84.000  40.000   X    46.800   0.925 25 1 0
  5 123.000  62.000   X     X    32.000   0.226 15 1 0
  3 125.000  60.000  20.000 140.000  33.800   0.088 11 0 1
  9 125.000  96.000   X     X     X     0.232 34 1 0
  2  71.000  78.000  50.000  45.000  33.200   0.422  1 0 1
  2  79.000  80.000  25.000  37.000  25.400   0.583  2 0 1
  1  95.000  85.000  25.000  36.000  37.400   0.247  4 1 0
  1 104.000  76.000   X     X    18.400   0.582  7 0 1
  2 128.000  48.000  45.000 194.000  40.500   0.613  4 1 0
  1 177.000  60.000  29.000 478.000  34.600   1.072  1 1 0
  2  81.000  72.000  18.000  40.000  26.600   0.283  4 0 1
  1 113.000  80.000  16.000   X    31.000   0.874  1 0 1
  6  97.000  76.000  27.000   X    35.600   0.378 32 1 0
  2 116.000  70.000  28.000   X    27.400   0.204  1 0 1
  6 147.000  78.000   X     X    33.700   0.218 45 0 1
  2 133.000 102.000  28.000 140.000  32.800   0.234 25 1 0
  6  86.000  68.000  28.000  71.000  30.200   0.364  4 0 1
  3 105.000  58.000  40.000  94.000  34.900   0.225  5 0 1
  5  92.000  80.000   X     X    42.200   0.237  9 0 1
  2  90.000  62.000  18.000  59.000  25.100   1.268  5 0 1
  1 134.000  58.000  20.000 291.000  26.400   0.352  1 0 1
  4 120.000  70.000  30.000 135.000  42.900   0.452 10 0 1
  7 114.000  88.000   X     X    27.800   0.247 46 0 1
  3 112.000  68.000  22.000  94.000  34.100   0.315  6 0 1
  1  93.000  60.000  25.000  92.000  28.700   0.532  2 0 1
 11  94.000  72.000  18.000   X    23.100   0.595 36 0 1
  2  99.000  72.000  30.000  18.000  38.600   0.412  1 0 1
  5 147.000  74.000  25.000 293.000  34.900   0.385 10 0 1
  8 136.000  74.000  26.000 135.000  26.000   0.647 31 0 1
  2  85.000  66.000  29.000   X    26.600   0.351 11 0 1
  4 170.000  64.000  37.000 225.000  34.500   0.356 10 1 0
  7 165.000  68.000  26.000 168.000  33.600   0.631 29 0 1
  2  77.000  56.000  30.000  56.000  33.300   1.251  4 0 1
  5 151.000  90.000  38.000   X    29.700   0.294 16 0 1
  4 182.000  74.000   X     X    30.500   0.345  9 1 0
  3  96.000  68.000  13.000  49.000  21.100   0.647  6 0 1
  5 109.000  64.000  44.000  99.000  34.800   0.905  6 1 0
  3 197.000  70.000  45.000 543.000  30.500   0.158 33 1 0
  1 180.000  90.000  26.000  90.000  36.500   0.314 15 1 0
  9 100.000  76.000   X     X    38.700   0.190 22 0 1
  9 120.000  86.000   X     X    28.400   0.259  2 1 0
  1 117.000  66.000  31.000 188.000  30.800   0.493  2 0 1
  8 187.000  50.000  33.000 392.000  33.900   0.826 14 1 0
  9 196.000  76.000  29.000 280.000  37.500   0.605 37 1 0
  6 139.000  64.000  35.000 140.000  28.600   0.411  6 0 1
  6 126.000  78.000  27.000  22.000  29.600   0.439 20 0 1
  3  98.000  60.000  17.000 120.000  34.700   0.198  2 0 1
  2 100.000  74.000  12.000  46.000  19.500   0.149  8 0 1
  1 100.000  70.000  26.000  50.000  30.800   0.597  1 0 1
  5 136.000  70.000   X     X    31.200   1.182  2 1 0
  6 106.000  82.000  30.000   X    39.500   0.286 18 0 1
  1 131.000  88.000   X     X    31.600   0.743 12 1 0
  2 163.000  72.000   X     X    39.000   1.222 13 1 0
  7 125.000  78.000  31.000   X    27.600   0.565 29 1 0
  1  74.000  52.000  10.000  36.000  27.800   0.269  2 0 1
  5 146.000  92.000   X     X    31.200   0.539 41 1 0
  6 108.000  72.000  43.000  75.000  36.100   0.263 13 0 1
  7 195.000  70.000   X     X    30.900   0.328 11 1 0
  4  82.000  70.000   X     X    21.100   0.389  5 0 1
 14 158.000 114.000   X     X    42.300   0.257 24 1 0
  5 184.000  78.000  39.000 277.000  37.000   0.264 11 1 0
  5  90.000   X     X     X    28.000   0.610 11 0 1
 10 184.000  85.000  15.000   X    30.000   1.213 29 1 0
  4 129.000  92.000  49.000 155.000  36.400   0.968 12 1 0
  2  73.000  50.000  10.000   X    23.000   0.248  1 0 1
 13 121.000  78.000  17.000   X    26.500   0.259 42 0 1
  1 102.000  78.000  40.000  90.000  34.500   0.238  4 0 1
  7 154.000  74.000  32.000 193.000  29.300   0.839 19 0 1
  2 128.000  82.000  17.000 183.000  27.500   0.115  2 0 1
  2  88.000  62.000  24.000  44.000  29.900   0.422  3 0 1
  1 100.000  88.000  60.000 110.000  46.800   0.962 11 0 1
  1 120.000  74.000  18.000  63.000  30.500   0.285  6 0 1
  3 129.000  74.000  26.000 205.000  33.200   0.591  5 0 1
  9 105.000 100.000  36.000   X    43.300   0.239 25 1 0
  4  78.000  50.000  32.000  88.000  31.000   0.248  6 1 0
  5  99.000  68.000  38.000   X    32.800   0.145 13 0 1
  1 162.000  76.000  56.000 100.000  53.200   0.759  5 1 0
  8 100.000   X     X     X    30.000   0.484 12 1 0
  7  80.000  80.000  36.000   X    39.800   0.177  8 0 1
  4 162.000  52.000  38.000   X    37.200   0.652  4 1 0
  3 128.000  78.000  37.000 182.000  43.300   1.224 11 1 0
  5  85.000  58.000  22.000  49.000  27.800   0.306  8 0 1
  7 134.000  80.000  37.000 370.000  46.200   0.238 26 1 0
  6 115.000  76.000   X     X    31.200   0.343 24 1 0
  1 105.000  90.000   X     X    29.600   0.197 26 0 1
  4 173.000  84.000  33.000 474.000  35.700   0.258  2 1 0
  2 173.000  74.000   X     X    36.800   0.088 18 1 0
 10 124.000  70.000  33.000 402.000  35.400   0.282 14 0 1
  1 132.000  78.000   X     X    32.400   0.393  1 0 1
  3  83.000  65.000  28.000  66.000  36.800   0.629  4 0 1
  4 124.000  80.000  33.000 130.000  33.200   0.305  6 0 1
  2 118.000  58.000  36.000  94.000  33.300   0.261  3 0 1
  1 137.000  84.000  27.000   X    27.300   0.231 39 0 1
  2 149.000  68.000  29.000 127.000  29.300   0.349 22 1 0
  1 129.000  80.000   X     X    31.200   0.703  9 0 1
  4 115.000  66.000  39.000 140.000  38.100   0.150  8 0 1
  2  93.000  56.000  11.000   X    22.500   0.417  2 0 1
  1 180.000  66.000  39.000   X    42.000   1.893  5 1 0
 10 130.000  70.000   X     X    34.200   0.652 25 1 0
  1 139.000  62.000  17.000 210.000  22.100   0.207  1 0 1
 10 164.000  84.000  21.000   X    30.800   0.831 12 1 0
 12 103.000  68.000  40.000   X    46.200   0.126 22 0 1
  1 121.000  66.000  30.000 165.000  34.300   0.203 13 1 0
  1 107.000  62.000  30.000  74.000  36.600   0.757  5 1 0
  3 100.000  54.000  28.000 105.000  37.800   0.498  4 0 1
  9  99.000  84.000   X     X    35.400   0.388 30 0 1
  7  85.000  78.000   X     X    31.200   0.382 22 0 1
  3 111.000  60.000   X     X    26.200   0.343  3 0 1
  5 189.000 110.000  31.000   X    28.500   0.680 17 0 1
  3  90.000  70.000  17.000   X    27.300   0.085  2 0 1
  2 109.000  38.000  18.000 120.000  23.100   0.407  6 0 1
 12  85.000  74.000   X     X    30.100   0.300 15 0 1
 10 145.000  88.000  34.000 165.000  30.300   0.771 33 1 0
  1 118.000  84.000  47.000 230.000  45.800   0.551 11 1 0
  5 116.000  72.000  12.000  87.000  22.100   0.463 17 0 1
  3  83.000  66.000  23.000  50.000  32.200   0.497  2 0 1
  2 180.000   X     X     X    43.300   0.282 21 1 0
  1  93.000 100.000  39.000  72.000  43.400   1.021 15 0 1
  2 103.000  30.000  38.000  83.000  43.300   0.183 13 0 1
  3 121.000  70.000  32.000  95.000  39.100   0.886  3 0 1
  3  75.000  64.000  24.000  55.000  29.700   0.370 13 0 1
  2 122.000  64.000  32.000 156.000  35.100   0.692 10 1 0
  2  96.000  64.000  27.000  87.000  33.200   0.289  1 0 1
  6  96.000  74.000  18.000  67.000  33.600   0.997 23 0 1
  1 135.000  94.000  46.000 145.000  40.600   0.284  6 0 1
