;
167
;
0 0 0 0 1 1 0 0 0 0   3.000   2.000   6.900
0 1 0 0 0 0 0 1 0 0   3.000   1.000   3.900
0 0 1 0 0 1 0 0 0 0   5.000   2.000   0.544
0 1 0 0 0 1 0 0 0 0   6.000   5.000   0.806
1 0 0 0 0 1 0 0 0 0   4.000   3.000   1.106
0 0 0 0 1 0 0 1 0 0   6.000   5.000   0.394
0 1 0 0 0 0 0 0 0 1   4.000   2.000   0.356
0 1 0 0 0 0 1 0 0 0   3.000   2.000   4.300
0 0 1 0 0 0 1 0 0 0   3.000   1.000   3.900
1 0 0 0 0 0 0 0 1 0   4.000   1.000   0.244
0 1 0 0 0 0 0 0 1 0   3.000   2.000   4.100
0 1 0 0 0 1 0 0 0 0   3.000   2.000   5.500
0 1 0 0 0 0 1 0 0 0   3.000   1.000   4.500
0 0 1 0 0 0 0 0 1 0   4.000   1.000   0.206
0 0 1 0 0 0 0 0 0 1   4.000   2.000   0.206
0 1 0 0 0 0 0 0 1 0   6.000   5.000   0.506
0 0 0 1 0 0 0 0 1 0   3.000   2.000   1.500
0 0 1 0 0 0 0 1 0 0   6.000   5.000   0.506
0 0 0 1 0 1 0 0 0 0   3.000   1.000   2.500
0 0 0 1 0 0 1 0 0 0   4.000   2.000   0.356
0 0 0 1 0 1 0 0 0 0   6.000   5.000   0.431
0 0 0 0 1 0 0 0 0 1   3.000   2.000   1.100
1 0 0 0 0 0 1 0 0 0   4.000   2.000   0.806
0 0 1 0 0 0 0 0 0 1   6.000   5.000   0.469
0 0 0 1 0 0 0 1 0 0   3.000   1.000   0.900
0 1 0 0 0 0 1 0 0 0   5.000   4.000   0.544
1 0 0 0 0 0 0 1 0 0   5.000   4.000   0.506
0 0 0 1 0 0 1 0 0 0   4.000   1.000   0.694
1 0 0 0 0 0 0 1 0 0   4.000   2.000   0.581
0 0 0 0 1 1 0 0 0 0   5.000   4.000   0.581
0 0 0 1 0 0 1 0 0 0   3.000   2.000   1.700
1 0 0 0 0 1 0 0 0 0   4.000   2.000   0.881
0 0 1 0 0 0 0 0 0 1   3.000   1.000   1.300
0 1 0 0 0 0 0 1 0 0   4.000   2.000   0.506
0 0 0 0 1 0 0 1 0 0   4.000   2.000   0.131
0 0 1 0 0 0 0 0 1 0   3.000   1.000   1.500
0 1 0 0 0 1 0 0 0 0   5.000   3.000   0.656
0 0 1 0 0 0 1 0 0 0   5.000   4.000   0.544
0 1 0 0 0 0 0 0 0 1   3.000   2.000   4.700
0 0 0 1 0 1 0 0 0 0   3.000   2.000   2.700
0 0 0 0 1 1 0 0 0 0   4.000   3.000   1.219
0 0 0 1 0 0 1 0 0 0   5.000   4.000   0.394
0 1 0 0 0 1 0 0 0 0   4.000   1.000   0.806
0 0 0 0 1 0 0 0 0 1   3.000   1.000   0.700
0 0 1 0 0 0 1 0 0 0   3.000   2.000   4.500
1 0 0 0 0 0 0 1 0 0   6.000   5.000   0.506
0 1 0 0 0 0 0 0 0 1   6.000   5.000   0.469
0 0 0 1 0 1 0 0 0 0   4.000   2.000   0.281
0 1 0 0 0 1 0 0 0 0   4.000   3.000   1.069
1 0 0 0 0 0 0 1 0 0   4.000   1.000   0.356
0 1 0 0 0 0 0 0 1 0   4.000   3.000   1.031
0 1 0 0 0 0 1 0 0 0   6.000   5.000   0.544
0 0 0 0 1 1 0 0 0 0   4.000   2.000   0.994
0 0 1 0 0 1 0 0 0 0   4.000   3.000   1.031
0 0 0 0 1 0 0 1 0 0   3.000   1.000   1.100
1 0 0 0 0 0 0 0 1 0   5.000   4.000   0.506
1 0 0 0 0 1 0 0 0 0   3.000   1.000   5.300
0 0 1 0 0 0 1 0 0 0   4.000   2.000   0.506
0 0 1 0 0 0 0 1 0 0   3.000   1.000   1.900
1 0 0 0 0 0 0 0 1 0   4.000   2.000   0.469
0 0 1 0 0 1 0 0 0 0   6.000   3.000   0.544
0 0 0 1 0 1 0 0 0 0   4.000   1.000   1.031
0 0 0 0 1 0 0 0 1 0   3.000   1.000   0.900
1 0 0 0 0 0 0 0 0 1   6.000   5.000   0.506
0 0 0 1 0 0 0 0 0 1   3.000   1.000   0.500
0 1 0 0 0 0 1 0 0 0   4.000   3.000   0.994
1 0 0 0 0 0 0 0 0 1   3.000   2.000   4.500
0 1 0 0 0 0 0 1 0 0   3.000   2.000   4.500
0 1 0 0 0 0 0 1 0 0   6.000   5.000   0.469
0 1 0 0 0 0 0 0 0 1   3.000   1.000   3.700
0 0 0 0 1 0 0 0 1 0   4.000   3.000   0.919
0 0 1 0 0 1 0 0 0 0   3.000   2.000   5.100
0 1 0 0 0 1 0 0 0 0   5.000   4.000   0.806
0 1 0 0 0 0 1 0 0 0   4.000   1.000   0.581
0 0 1 0 0 1 0 0 0 0   6.000   1.000   0.544
0 0 0 0 1 0 0 0 0 1   5.000   4.000   0.281
1 0 0 0 0 1 0 0 0 0   5.000   3.000   0.694
0 0 1 0 0 1 0 0 0 0   6.000   2.000   0.544
1 0 0 0 0 0 0 1 0 0   3.000   2.000   4.700
0 0 0 0 1 0 0 0 1 0   4.000   2.000   0.431
0 0 1 0 0 0 0 0 1 0   5.000   4.000   0.506
1 0 0 0 0 0 0 0 1 0   3.000   1.000   4.100
0 0 1 0 0 1 0 0 0 0   6.000   5.000   0.769
0 0 0 0 1 0 0 1 0 0   4.000   1.000   0.281
1 0 0 0 0 0 1 0 0 0   3.000   2.000   4.500
0 1 0 0 0 0 0 0 0 1   4.000   1.000   0.206
0 0 1 0 0 0 1 0 0 0   4.000   3.000   0.881
1 0 0 0 0 0 0 0 1 0   6.000   5.000   0.506
0 1 0 0 0 0 0 0 0 1   5.000   4.000   0.469
0 0 0 1 0 0 0 0 1 0   4.000   3.000   0.356
0 0 0 1 0 0 0 1 0 0   4.000   3.000   0.544
0 1 0 0 0 0 0 0 1 0   4.000   1.000   0.244
0 1 0 0 0 0 0 1 0 0   4.000   3.000   0.956
0 0 1 0 0 0 0 1 0 0   5.000   4.000   0.506
1 0 0 0 0 0 1 0 0 0   3.000   1.000   4.700
0 0 1 0 0 0 1 0 0 0   6.000   5.000   0.544
0 0 0 0 1 0 0 0 0 1   4.000   3.000   0.844
0 0 0 0 1 0 1 0 0 0   3.000   2.000   1.900
0 0 0 0 1 0 1 0 0 0   6.000   5.000   0.431
1 0 0 0 0 0 0 0 0 1   4.000   3.000   1.144
0 1 0 0 0 0 1 0 0 0   4.000   2.000   0.731
0 0 0 0 1 0 0 0 0 1   4.000   2.000   0.506
0 0 1 0 0 0 1 0 0 0   4.000   1.000   0.431
0 0 0 1 0 1 0 0 0 0   5.000   4.000   0.431
1 0 0 0 0 0 1 0 0 0   4.000   1.000   0.619
0 0 1 0 0 1 0 0 0 0   3.000   1.000   4.300
0 0 0 0 1 0 0 0 1 0   3.000   2.000   1.300
0 0 1 0 0 0 0 1 0 0   3.000   2.000   4.300
0 0 0 1 0 0 0 0 1 0   3.000   1.000   0.700
1 0 0 0 0 0 0 0 0 1   4.000   2.000   0.469
0 1 0 0 0 0 0 0 1 0   5.000   4.000   0.506
0 0 0 0 1 0 0 1 0 0   5.000   4.000   0.394
0 0 0 1 0 0 0 1 0 0   3.000   2.000   1.300
1 0 0 0 0 0 0 0 0 1   5.000   4.000   0.506
0 0 1 0 0 0 0 1 0 0   4.000   2.000   0.356
1 0 0 0 0 1 0 0 0 0   5.000   4.000   0.806
0 0 1 0 0 1 0 0 0 0   5.000   4.000   0.769
0 0 1 0 0 0 0 0 0 1   4.000   1.000   0.544
0 0 1 0 0 0 0 0 1 0   6.000   5.000   0.469
1 0 0 0 0 1 0 0 0 0   6.000   5.000   0.806
0 0 1 0 0 0 0 0 0 1   4.000   3.000   1.069
0 0 0 1 0 0 1 0 0 0   3.000   1.000   1.300
0 1 0 0 0 0 0 0 0 1   4.000   3.000   1.106
0 0 0 0 1 0 1 0 0 0   5.000   4.000   0.431
0 0 0 0 1 0 0 1 0 0   4.000   3.000   0.806
0 1 0 0 0 1 0 0 0 0   4.000   2.000   0.844
1 0 0 0 0 0 0 1 0 0   3.000   1.000   3.900
1 0 0 0 0 1 0 0 0 0   4.000   1.000   0.844
0 1 0 0 0 1 0 0 0 0   3.000   1.000   5.100
0 1 0 0 0 0 0 1 0 0   5.000   4.000   0.469
1 0 0 0 0 0 0 0 0 1   4.000   1.000   0.244
1 0 0 0 0 0 1 0 0 0   5.000   4.000   0.581
0 0 0 1 0 1 0 0 0 0   4.000   3.000   0.731
0 0 0 0 1 1 0 0 0 0   4.000   1.000   0.881
0 0 0 1 0 0 1 0 0 0   4.000   3.000   0.581
0 0 1 0 0 1 0 0 0 0   4.000   2.000   0.769
0 0 1 0 0 0 0 1 0 0   4.000   3.000   0.919
0 0 0 0 1 0 0 0 1 0   6.000   5.000   0.319
0 0 0 0 1 0 1 0 0 0   4.000   1.000   1.181
0 1 0 0 0 0 0 0 1 0   3.000   1.000   3.900
0 0 0 0 1 0 0 0 0 1   6.000   5.000   0.281
0 1 0 0 0 0 0 0 1 0   4.000   2.000   0.394
0 0 1 0 0 0 0 1 0 0   4.000   1.000   0.244
1 0 0 0 0 0 1 0 0 0   6.000   5.000   0.581
0 0 1 0 0 0 0 0 0 1   3.000   2.000   4.100
0 0 0 0 1 1 0 0 0 0   3.000   1.000   7.100
0 0 0 0 1 0 1 0 0 0   4.000   3.000   0.994
0 0 0 0 1 0 0 1 0 0   3.000   2.000   1.500
0 0 0 0 1 0 1 0 0 0   3.000   1.000   1.500
0 0 1 0 0 0 0 0 1 0   4.000   2.000   0.244
0 0 1 0 0 0 0 0 1 0   3.000   2.000   1.900
1 0 0 0 0 0 1 0 0 0   4.000   3.000   1.031
1 0 0 0 0 0 0 0 1 0   3.000   2.000   4.700
0 1 0 0 0 0 0 1 0 0   4.000   1.000   0.281
1 0 0 0 0 0 0 1 0 0   4.000   3.000   0.994
0 0 0 1 0 0 0 0 0 1   3.000   2.000   0.900
0 0 1 0 0 1 0 0 0 0   5.000   1.000   0.544
1 0 0 0 0 0 0 0 0 1   3.000   1.000   3.900
1 0 0 0 0 0 0 0 1 0   4.000   3.000   1.106
0 0 1 0 0 1 0 0 0 0   4.000   1.000   0.731
0 0 0 0 1 1 0 0 0 0   6.000   5.000   0.581
0 0 1 0 0 0 0 0 0 1   5.000   4.000   0.469
0 0 0 0 1 0 1 0 0 0   4.000   2.000   0.581
0 0 0 1 0 0 1 0 0 0   6.000   5.000   0.356
1 0 0 0 0 1 0 0 0 0   3.000   2.000   5.700
0 0 0 0 1 0 0 0 1 0   5.000   4.000   0.319
0 0 1 0 0 0 0 0 1 0   4.000   3.000   0.956
