;
167
;
5 1 1 2   6.900
2 3 1 1   3.900
3 1 3 2   0.544
2 1 4 5   0.806
1 1 2 3   1.106
5 3 4 5   0.394
2 5 2 2   0.356
2 2 1 2   4.300
3 2 1 1   3.900
1 4 2 1   0.244
2 4 1 2   4.100
2 1 1 2   5.500
2 2 1 1   4.500
3 4 2 1   0.206
3 5 2 2   0.206
2 4 4 5   0.506
4 4 1 2   1.500
3 3 4 5   0.506
4 1 1 1   2.500
4 2 2 2   0.356
4 1 4 5   0.431
5 5 1 2   1.100
1 2 2 2   0.806
3 5 4 5   0.469
4 3 1 1   0.900
2 2 3 4   0.544
1 3 3 4   0.506
4 2 2 1   0.694
1 3 2 2   0.581
5 1 3 4   0.581
4 2 1 2   1.700
1 1 2 2   0.881
3 5 1 1   1.300
2 3 2 2   0.506
5 3 2 2   0.131
3 4 1 1   1.500
2 1 3 3   0.656
3 2 3 4   0.544
2 5 1 2   4.700
4 1 1 2   2.700
5 1 2 3   1.219
4 2 3 4   0.394
2 1 2 1   0.806
5 5 1 1   0.700
3 2 1 2   4.500
1 3 4 5   0.506
2 5 4 5   0.469
4 1 2 2   0.281
2 1 2 3   1.069
1 3 2 1   0.356
2 4 2 3   1.031
2 2 4 5   0.544
5 1 2 2   0.994
3 1 2 3   1.031
5 3 1 1   1.100
1 4 3 4   0.506
1 1 1 1   5.300
3 2 2 2   0.506
3 3 1 1   1.900
1 4 2 2   0.469
3 1 4 3   0.544
4 1 2 1   1.031
5 4 1 1   0.900
1 5 4 5   0.506
4 5 1 1   0.500
2 2 2 3   0.994
1 5 1 2   4.500
2 3 1 2   4.500
2 3 4 5   0.469
2 5 1 1   3.700
5 4 2 3   0.919
3 1 1 2   5.100
2 1 3 4   0.806
2 2 2 1   0.581
3 1 4 1   0.544
5 5 3 4   0.281
1 1 3 3   0.694
3 1 4 2   0.544
1 3 1 2   4.700
5 4 2 2   0.431
3 4 3 4   0.506
1 4 1 1   4.100
3 1 4 5   0.769
5 3 2 1   0.281
1 2 1 2   4.500
2 5 2 1   0.206
3 2 2 3   0.881
1 4 4 5   0.506
2 5 3 4   0.469
4 4 2 3   0.356
4 3 2 3   0.544
2 4 2 1   0.244
2 3 2 3   0.956
3 3 3 4   0.506
1 2 1 1   4.700
3 2 4 5   0.544
5 5 2 3   0.844
5 2 1 2   1.900
5 2 4 5   0.431
1 5 2 3   1.144
2 2 2 2   0.731
5 5 2 2   0.506
3 2 2 1   0.431
4 1 3 4   0.431
1 2 2 1   0.619
3 1 1 1   4.300
5 4 1 2   1.300
3 3 1 2   4.300
4 4 1 1   0.700
1 5 2 2   0.469
2 4 3 4   0.506
5 3 3 4   0.394
4 3 1 2   1.300
1 5 3 4   0.506
3 3 2 2   0.356
1 1 3 4   0.806
3 1 3 4   0.769
3 5 2 1   0.544
3 4 4 5   0.469
1 1 4 5   0.806
3 5 2 3   1.069
4 2 1 1   1.300
2 5 2 3   1.106
5 2 3 4   0.431
5 3 2 3   0.806
2 1 2 2   0.844
1 3 1 1   3.900
1 1 2 1   0.844
2 1 1 1   5.100
2 3 3 4   0.469
1 5 2 1   0.244
1 2 3 4   0.581
4 1 2 3   0.731
5 1 2 1   0.881
4 2 2 3   0.581
3 1 2 2   0.769
3 3 2 3   0.919
5 4 4 5   0.319
5 2 2 1   1.181
2 4 1 1   3.900
5 5 4 5   0.281
2 4 2 2   0.394
3 3 2 1   0.244
1 2 4 5   0.581
3 5 1 2   4.100
5 1 1 1   7.100
5 2 2 3   0.994
5 3 1 2   1.500
5 2 1 1   1.500
3 4 2 2   0.244
3 4 1 2   1.900
1 2 2 3   1.031
1 4 1 2   4.700
2 3 2 1   0.281
1 3 2 3   0.994
4 5 1 2   0.900
3 1 3 1   0.544
1 5 1 1   3.900
1 4 2 3   1.106
3 1 2 1   0.731
5 1 4 5   0.581
3 5 3 4   0.469
5 2 2 2   0.581
4 2 4 5   0.356
1 1 1 2   5.700
5 4 3 4   0.319
3 4 2 3   0.956
